0
0
0
0
0
0
0
0
0
0
0
0
0
0
0
0
0
0
0
0
0
0
0
0
0
0
0
0
0
0
0
0
0
0
0
0
0
0
0
0
0
0
0
0
0
0
0
0
0
0
0
0
0
0
0
0
0
0
0
0
0
0
0
0
0
0
0
0
0
1
57
83
84
68
53
13
0
0
0
0
0
0
0
0
0
0
0
0
0
0
64
143
170
229
233
196
70
0
0
0
0
0
0
0
0
0
0
0
0
0
5
95
187
234
232
255
206
28
0
0
0
0
0
0
0
0
0
0
0
49
171
196
122
76
171
254
247
100
0
0
0
0
0
0
0
0
0
0
3
159
202
20
22
152
221
71
56
23
0
0
0
0
0
0
0
0
0
0
40
223
132
51
225
236
88
0
0
0
0
0
0
0
0
0
0
0
0
0
34
217
232
225
187
52
0
0
0
0
0
0
0
0
0
0
0
0
0
0
70
230
255
170
3
0
0
0
0
0
0
0
0
0
0
0
0
0
0
106
231
230
201
240
93
0
0
0
0
0
0
0
0
0
0
0
0
7
144
255
201
55
18
177
241
73
0
0
0
0
0
0
0
0
0
0
1
129
248
160
20
0
0
87
255
129
0
0
0
0
0
0
0
0
0
0
116
255
170
13
0
0
46
192
211
29
0
0
0
0
0
0
0
0
0
43
229
201
14
0
20
115
222
169
43
0
0
0
0
0
0
0
0
0
0
68
243
216
133
145
202
216
71
0
0
0
0
0
0
0
0
0
0
0
0
7
61
153
163
133
70
22
0
0
0
0
0
0
0
0
0
0
0
0
0
0
0
0
0
0
0
0
0
0
0
0
0
0
0
0
0
0
0
0
0
0
0
0
0
0
0
0
0
0
0
0
0
0
0
0
0
0