0
0
0
0
0
0
0
0
0
0
0
0
0
0
0
0
0
0
0
0
0
0
0
0
0
0
0
0
0
0
0
0
0
0
0
0
0
0
0
0
0
0
0
0
0
0
0
0
0
0
0
0
0
0
0
0
0
0
0
0
0
0
0
0
0
0
0
0
0
0
87
123
13
0
0
0
0
0
0
0
0
0
0
0
0
0
0
0
0
107
248
255
182
151
155
109
16
0
0
0
0
0
0
0
0
0
0
25
158
255
250
218
191
185
192
247
166
8
0
0
0
0
0
0
0
0
0
144
255
182
81
39
0
0
10
238
213
19
0
0
0
0
0
0
0
0
0
47
100
29
0
0
0
50
175
245
95
0
0
0
0
0
0
0
0
0
0
0
0
0
0
33
118
235
230
102
1
0
0
0
0
0
0
0
0
0
0
1
35
111
183
225
254
117
37
0
0
0
0
0
0
0
0
0
0
0
0
0
144
255
231
208
229
103
0
0
0
0
0
0
0
0
0
38
42
0
0
0
46
88
48
9
175
221
33
0
0
0
0
0
0
0
9
175
166
0
0
0
0
0
0
0
169
192
21
0
0
0
0
0
0
0
31
253
160
0
0
0
0
0
3
142
232
60
0
0
0
0
0
0
0
0
2
121
236
173
107
53
20
31
159
255
173
10
0
0
0
0
0
0
0
0
0
0
86
191
233
253
242
234
239
145
24
0
0
0
0
0
0
0
0
0
0
0
0
12
59
109
128
128
70
0
0
0
0
0
0
0
0
0
0
0
0
0
0
0
0
0
0
0
0
0
0
0
0
0
0
0
0
0
0
0
0
0
0
0
0
0
0
0
0
0
0
0
0
0
0
0
0
0
0
0
0
0
0
0
0
0
0
0
0
0
0
0
0
0
0
0
0
0