0
0
0
0
0
0
0
0
0
0
0
0
0
0
0
0
0
0
0
0
0
0
0
0
0
0
0
0
0
0
0
0
0
0
0
0
0
0
0
0
0
0
0
0
0
0
0
0
0
0
0
0
0
0
0
0
0
0
0
0
0
0
0
0
0
0
0
0
0
0
0
0
49
4
0
0
0
0
0
0
0
0
0
0
0
43
62
0
0
0
0
0
111
44
0
0
0
0
0
0
0
0
0
0
0
82
156
0
0
0
0
0
87
120
0
0
0
0
0
0
0
0
0
0
0
70
151
3
0
0
0
0
59
160
3
0
0
0
0
0
0
0
0
0
0
91
154
0
0
0
0
0
26
144
25
0
0
0
0
0
0
0
0
0
0
133
119
0
0
0
0
0
18
153
44
0
0
0
0
0
0
0
0
0
0
132
106
0
0
0
0
0
16
164
51
0
0
0
0
0
0
0
0
0
0
127
109
0
3
9
23
32
8
133
53
0
0
0
0
0
0
0
0
0
0
71
189
158
165
140
133
143
103
176
78
0
0
0
0
0
0
0
0
0
0
9
65
51
43
33
24
20
25
156
129
0
0
0
0
0
0
0
0
0
0
0
0
0
0
0
0
0
0
108
132
0
0
0
0
0
0
0
0
0
0
0
0
0
0
0
0
0
0
142
134
0
0
0
0
0
0
0
0
0
0
0
0
0
0
0
0
0
0
151
106
0
0
0
0
0
0
0
0
0
0
0
0
0
0
0
0
0
0
132
74
0
0
0
0
0
0
0
0
0
0
0
0
0
0
0
0
0
0
69
60
0
0
0
0
0
0
0
0
0
0
0
0
0
0
0
0
0
0
0
0
0
0
0
0
0
0
0
0
0
0
0
0
0
0
0
0
0
0
0
0
0
0
0
0
0