0
0
0
0
0
0
0
0
0
0
0
0
0
0
0
0
0
0
0
0
0
0
0
0
0
0
0
0
0
0
0
0
0
0
0
0
0
0
0
0
0
0
0
0
0
0
0
30
37
35
34
40
36
18
0
0
0
0
0
0
0
0
0
0
0
0
0
226
255
255
183
239
255
206
101
9
0
0
0
0
0
0
0
0
0
0
0
82
100
95
36
52
105
228
253
65
0
0
0
0
0
0
0
0
0
0
0
0
0
0
0
0
5
194
255
79
0
0
0
0
0
0
0
0
0
0
0
0
0
0
0
20
127
255
238
52
0
0
0
0
0
0
0
0
0
0
0
0
9
29
115
216
253
207
65
0
0
0
0
0
0
0
0
0
0
0
0
90
180
241
255
243
119
0
0
0
0
0
0
0
0
0
0
0
0
0
0
213
255
249
250
247
111
0
0
0
0
0
0
0
0
0
0
0
0
0
0
48
57
54
65
188
227
14
0
0
0
0
0
0
0
0
0
0
0
0
0
0
0
0
0
76
214
17
0
0
0
0
0
0
0
0
0
0
0
0
0
0
0
0
0
121
225
17
0
0
0
0
0
0
0
0
0
92
110
0
0
0
0
0
78
253
200
7
0
0
0
0
0
0
0
0
5
172
247
61
0
0
0
80
213
251
79
0
0
0
0
0
0
0
0
0
0
92
244
236
191
115
154
233
255
146
2
0
0
0
0
0
0
0
0
0
0
7
82
208
255
255
255
250
144
17
0
0
0
0
0
0
0
0
0
0
0
0
0
18
37
36
36
32
3
0
0
0
0
0
0
0
0
0
0
0
0
0
0
0
0
0
0
0
0
0
0
0
0
0
0
0
0
0
0
0
0
0
0
0
0
0
0
0
0
0
0
0
0
0
0
0
0
0