0
0
0
0
0
0
0
0
0
0
0
0
0
0
0
0
0
0
0
0
0
0
0
0
0
0
0
0
0
0
0
0
0
0
0
0
0
0
0
0
0
0
0
0
0
0
0
0
0
0
0
0
0
5
28
7
0
0
0
0
0
0
0
0
0
0
0
0
0
0
22
57
97
163
237
154
32
0
0
0
0
0
0
0
0
0
0
0
0
19
188
230
246
255
255
234
58
0
0
0
0
0
0
0
0
0
0
0
15
153
255
255
234
218
255
227
55
0
0
0
0
0
0
0
0
0
0
0
133
251
255
228
88
179
255
230
57
0
0
0
0
0
0
0
0
0
0
23
228
255
239
84
12
217
255
191
19
0
0
0
0
0
0
0
0
0
0
44
240
255
177
7
32
222
255
136
0
0
0
0
0
0
0
0
0
0
15
171
253
250
64
0
105
255
195
31
0
0
0
0
0
0
0
0
0
0
49
238
255
229
0
61
235
223
89
0
0
0
0
0
0
0
0
0
0
22
172
255
227
86
11
176
241
66
0
0
0
0
0
0
0
0
0
0
12
178
255
255
159
44
165
255
227
28
0
0
0
0
0
0
0
0
0
0
46
249
255
252
239
228
255
203
89
2
0
0
0
0
0
0
0
0
0
0
137
255
253
252
252
255
255
117
0
0
0
0
0
0
0
0
0
0
0
48
222
255
252
251
255
242
102
12
0
0
0
0
0
0
0
0
0
0
0
58
234
255
255
255
204
92
0
0
0
0
0
0
0
0
0
0
0
0
0
8
32
36
36
36
18
0
0
0
0
0
0
0
0
0
0
0
0
0
0
0
0
0
0
0
0
0
0
0
0
0
0
0
0
0
0
0
0
0
0
0
0
0
0
0
0
0
0
0
0
0
0
0
0
0
0
0