0
0
0
0
0
0
0
0
0
0
0
0
0
0
0
0
0
0
0
0
0
0
0
0
0
0
0
0
0
0
0
0
0
0
0
0
0
0
0
0
0
0
0
0
0
0
0
0
0
0
108
191
105
2
0
0
0
0
0
0
0
0
0
0
0
0
0
0
0
0
170
255
253
102
0
0
0
0
0
0
0
0
0
0
0
0
0
0
0
5
160
255
255
230
61
0
0
0
0
0
0
0
0
0
0
0
0
14
17
148
198
138
226
255
163
0
0
0
0
0
0
0
0
0
0
0
0
147
125
73
41
0
92
255
224
27
0
0
0
0
0
0
0
0
0
4
146
255
208
18
0
0
9
193
255
126
0
0
0
0
0
0
0
0
0
31
214
255
145
0
0
0
0
124
255
148
0
0
0
0
0
0
0
0
0
90
254
243
70
0
0
0
0
45
230
200
18
0
0
0
0
0
0
0
0
119
255
172
0
0
0
0
0
55
238
203
20
0
0
0
0
0
0
0
2
177
255
105
0
0
0
0
0
150
255
153
0
0
0
0
0
0
0
0
7
221
255
108
0
0
0
0
37
219
255
97
0
0
0
0
0
0
0
0
6
211
255
114
0
0
0
40
195
255
181
14
0
0
0
0
0
0
0
0
0
97
244
218
129
129
144
219
255
219
56
0
0
0
0
0
0
0
0
0
0
0
117
232
255
255
255
228
167
50
0
0
0
0
0
0
0
0
0
0
0
0
0
48
110
110
96
46
0
0
0
0
0
0
0
0
0
0
0
0
0
0
0
0
0
0
0
0
0
0
0
0
0
0
0
0
0
0
0
0
0
0
0
0
0
0
0
0
0
0
0
0
0
0
0
0
0
0
0
0
0
0
0
0
0
0
0
0
0
0
0
0
0
0
0
0