0
0
0
0
0
0
0
0
0
0
0
0
0
0
0
0
0
0
0
0
0
0
0
0
0
0
0
0
0
0
0
0
0
0
0
0
0
0
0
0
0
0
0
0
0
0
0
0
0
0
0
0
0
0
0
0
0
0
0
0
0
0
0
0
0
0
0
0
0
0
0
0
0
0
0
0
0
0
0
0
0
0
0
0
95
184
183
180
124
134
186
187
167
137
160
38
0
0
0
0
0
0
0
5
187
255
255
242
238
242
242
241
241
225
201
81
0
0
0
0
0
0
0
0
90
250
255
123
60
70
61
60
59
37
34
11
0
0
0
0
0
0
0
0
0
130
249
218
65
0
0
0
15
94
208
112
0
0
0
0
0
0
0
0
0
0
92
229
247
148
53
120
205
255
203
30
0
0
0
0
0
0
0
0
0
0
0
56
218
255
230
255
217
143
39
0
0
0
0
0
0
0
0
0
0
0
0
0
108
252
255
217
33
0
0
0
0
0
0
0
0
0
0
0
0
0
0
17
201
255
254
246
141
0
0
0
0
0
0
0
0
0
0
0
0
0
0
78
255
234
101
232
239
49
0
0
0
0
0
0
0
0
0
0
0
0
0
196
255
157
0
100
255
165
4
0
0
0
0
0
0
0
0
0
0
0
0
208
239
59
0
6
199
251
107
0
0
0
0
0
0
0
0
0
0
0
0
145
241
69
0
0
61
255
162
0
0
0
0
0
0
0
0
0
0
0
0
23
222
226
127
79
119
255
163
0
0
0
0
0
0
0
0
0
0
0
0
0
80
235
255
255
255
243
88
0
0
0
0
0
0
0
0
0
0
0
0
0
4
66
145
147
149
84
0
0
0
0
0
0
0
0
0
0
0
0
0
0
0
0
0
0
0
0
0
0
0
0
0
0