0
0
0
0
0
0
0
0
0
0
0
0
0
0
0
0
0
0
0
0
0
0
0
0
0
0
0
0
0
0
0
84
80
0
0
0
0
0
0
0
0
0
0
0
0
0
0
0
0
0
17
197
148
0
0
0
0
0
0
0
0
0
0
0
0
0
0
0
0
0
133
255
90
0
0
0
0
0
0
0
0
0
0
0
0
0
0
0
0
38
208
183
4
0
0
0
0
0
0
0
0
0
0
0
0
0
0
0
8
200
230
52
0
0
0
0
0
0
0
0
0
0
0
0
0
0
0
0
143
255
88
0
0
0
0
0
0
0
0
0
0
0
0
0
0
0
0
84
255
128
0
0
79
135
96
24
0
0
0
0
0
0
0
0
0
0
0
201
221
26
0
127
255
245
255
208
14
0
0
0
0
0
0
0
0
0
54
235
99
0
123
255
196
42
130
230
53
0
0
0
0
0
0
0
0
10
184
228
17
13
224
199
16
0
51
215
43
0
0
0
0
0
0
0
0
52
248
121
0
84
255
85
0
0
111
196
0
0
0
0
0
0
0
0
0
150
255
32
0
86
216
45
18
146
244
96
0
0
0
0
0
0
0
0
0
143
255
77
43
55
252
220
232
240
94
0
0
0
0
0
0
0
0
0
0
78
255
240
235
238
244
180
119
42
0
0
0
0
0
0
0
0
0
0
0
6
130
194
188
191
104
0
0
0
0
0
0
0
0
0
0
0
0
0
0
0
0
0
0
0
0
0
0
0
0
0
0
0
0
0
0
0
0
0
0
0
0
0
0
0
0
0
0
0
0
0
0
0
0
0
0
0
0
0
0
0
0
0
0
0
0
0
0
0
0
0
0
0
0
0
0
0
0
0
0
0
0
0
0
0
0
0
0
0
0
0
0
0
0
0