0
0
0
0
0
0
0
0
0
0
0
0
0
0
0
0
0
0
0
0
0
0
6
22
0
0
0
0
0
0
0
0
77
148
51
0
0
0
0
0
0
0
2
10
0
0
0
0
0
0
0
28
215
255
85
0
0
0
0
0
0
0
0
0
0
0
0
0
0
0
32
194
255
134
0
0
0
0
0
0
0
0
0
0
0
0
0
0
0
21
195
255
231
78
0
0
0
0
0
0
0
0
0
0
0
0
0
0
2
143
255
190
56
0
0
0
0
0
0
0
0
0
0
0
0
0
0
0
81
248
203
18
0
0
0
0
0
0
0
0
0
0
0
0
0
0
0
57
244
247
29
0
0
0
0
0
0
0
0
0
0
0
0
0
0
0
22
172
255
131
0
0
0
19
3
0
0
0
0
0
0
0
0
0
0
0
99
255
183
3
4
84
171
204
188
76
0
0
0
0
0
0
0
0
0
47
212
231
58
26
189
254
255
246
255
205
30
0
0
0
0
0
0
0
0
124
255
127
30
193
255
213
111
83
221
255
103
0
0
0
0
0
0
0
0
157
238
24
49
240
223
50
29
143
255
222
45
0
0
0
0
0
0
0
1
174
255
141
104
241
222
141
224
255
223
94
0
0
0
0
0
0
0
0
0
86
251
255
248
255
255
255
244
156
37
0
0
0
0
0
0
0
0
0
0
1
103
186
185
184
175
113
27
0
0
0
0
0
0
0
0
0
0
0
0
0
0
0
0
0
0
0
0
0
0
0
0
0
0
0
0
0
0
0
0
0
0
0
0
0
0
0
0
0
0
0
0
0
0
0
0
0
0
0
0
0
0
0
0
0
0
0
0
0
0
0
0
0
0
0
0
0
0
0
0
0
0
0
0
0
0
0
0
0
0
0
0
0
0
0