0
0
0
0
0
0
0
0
0
0
0
0
0
0
0
0
0
0
0
0
0
0
0
0
0
0
0
0
0
0
0
0
0
0
0
0
0
0
0
0
0
0
0
0
0
0
0
0
0
0
0
0
0
0
0
0
0
0
0
0
0
0
0
0
0
0
0
0
0
0
0
0
6
86
61
0
0
0
0
0
0
0
0
0
0
5
81
100
7
0
0
0
103
254
232
113
23
0
0
0
0
0
0
0
0
52
235
253
135
11
0
41
232
255
255
236
56
0
0
0
0
0
0
0
0
129
255
255
210
28
3
158
255
253
254
141
18
0
0
0
0
0
0
0
29
227
254
255
158
0
37
220
255
255
199
10
0
0
0
0
0
0
0
3
142
255
252
255
167
26
138
254
252
255
152
11
0
0
0
0
0
0
0
48
225
255
251
253
237
213
241
253
251
254
232
126
0
0
0
0
0
0
0
60
235
255
252
255
255
255
255
252
252
255
255
157
0
0
0
0
0
0
0
21
180
255
255
223
167
203
253
253
249
167
85
18
0
0
0
0
0
0
0
0
22
122
141
107
70
212
255
252
255
179
23
0
0
0
0
0
0
0
0
0
0
0
0
0
23
185
255
252
250
203
105
0
0
0
0
0
0
0
0
0
0
0
0
0
19
186
255
253
247
100
1
0
0
0
0
0
0
0
0
0
0
0
0
0
55
229
255
253
249
91
0
0
0
0
0
0
0
0
0
0
0
0
0
0
83
251
255
255
209
17
0
0
0
0
0
0
0
0
0
0
0
0
0
0
38
189
221
213
72
0
0
0
0
0
0
0
0
0
0
0
0
0
0
0
0
0
0
0
0
0
0
0
0
0
0
0
0
0
0
0
0
0
0
0
0
0
0
0
0
0
0
0
0
0
0
0