0
0
0
0
0
0
0
0
0
0
0
0
0
0
0
0
0
0
0
0
0
0
0
0
0
0
0
0
0
0
0
0
0
0
0
0
0
0
0
0
0
0
0
0
0
1
31
14
1
0
0
0
0
0
0
0
0
0
0
0
0
0
0
0
15
150
246
192
151
104
108
108
111
85
10
0
0
0
0
0
0
0
0
0
86
255
255
255
255
255
255
255
255
255
63
0
0
0
0
0
0
0
0
0
108
255
238
187
182
183
183
182
220
229
57
0
0
0
0
0
0
0
0
0
166
255
159
0
0
0
0
0
36
36
3
0
0
0
0
0
0
0
0
0
187
255
118
0
75
132
127
130
44
0
0
0
0
0
0
0
0
0
0
32
214
255
212
191
255
255
255
255
255
178
18
0
0
0
0
0
0
0
0
52
230
255
255
255
232
134
67
92
230
255
171
2
0
0
0
0
0
0
0
32
209
255
255
175
29
0
0
0
24
209
255
156
4
0
0
0
0
0
0
0
56
112
93
1
0
0
0
0
0
70
235
255
82
0
0
0
0
0
0
0
0
0
0
0
0
0
0
0
0
0
171
255
187
11
0
0
0
0
0
0
0
29
33
0
0
0
0
0
0
0
89
253
255
38
0
0
0
0
0
0
4
179
220
181
120
95
97
97
97
91
186
255
232
27
0
0
0
0
0
0
6
210
255
255
255
255
255
255
255
254
255
255
133
0
0
0
0
0
0
0
0
33
98
110
109
112
182
184
223
255
255
136
27
0
0
0
0
0
0
0
0
0
0
0
0
0
11
11
24
37
35
0
0
0
0
0
0
0
0
0
0
0
0
0
0
0
0
0
0
0
0
0
0
0
0
0
0
0
0
0
0
0
0
0
0
0
0
0
0
0
0
0
0
0
0
0