0
0
0
0
0
0
0
0
0
0
0
0
0
0
0
0
0
0
0
0
0
0
0
0
0
0
0
0
0
0
0
0
0
0
0
0
0
0
0
0
0
0
0
0
0
0
0
0
0
0
0
0
0
0
0
0
0
0
0
0
0
0
0
0
0
0
0
0
0
0
0
0
0
0
0
0
0
0
0
0
0
0
0
0
0
0
0
0
0
0
0
0
4
81
157
46
0
0
0
0
0
0
0
0
0
0
0
0
0
0
0
10
93
245
255
90
0
0
0
0
0
0
0
0
0
0
0
0
0
55
120
185
242
252
126
7
0
0
0
0
0
0
0
0
0
0
36
107
136
234
255
255
255
217
28
0
0
0
0
0
0
0
0
0
0
0
144
255
255
197
190
246
251
106
0
0
0
0
0
0
0
0
0
0
0
0
83
153
123
73
206
255
184
7
0
0
0
0
0
0
0
0
0
0
0
0
0
0
0
174
255
212
24
0
0
0
0
0
0
0
0
0
0
0
0
0
0
0
14
202
255
132
0
0
0
0
0
0
0
0
0
0
0
0
0
0
0
0
69
240
205
26
0
0
0
0
0
0
0
0
0
0
0
0
0
0
0
15
194
255
122
0
0
0
0
0
0
0
0
0
0
0
0
0
0
0
0
131
255
194
33
0
0
0
0
0
0
0
0
0
0
0
0
0
0
0
37
225
255
67
0
0
0
0
0
0
0
0
0
0
0
0
0
0
0
0
72
249
217
33
0
0
0
0
0
0
0
0
0
0
0
0
0
0
0
20
194
255
122
1
0
0
0
0
0
0
0
0
0
0
0
0
0
0
0
20
126
111
3
0
0
0
0
0
0
0
0
0
0
0
0
0
0
0
0
0
0
0
0
0
0
0
0
0
0
0
0
0
0
0