0
0
0
0
0
0
0
0
0
0
0
0
0
0
0
0
0
0
0
0
0
0
0
0
0
0
0
0
0
0
0
0
0
0
0
0
0
0
0
0
0
0
0
0
0
0
0
0
0
0
0
0
0
0
0
0
0
0
0
0
0
0
0
0
7
96
117
113
109
109
111
87
4
0
0
0
0
0
0
0
0
0
0
0
5
125
164
192
255
255
255
255
88
0
0
0
0
0
0
0
0
0
0
0
0
0
0
23
88
62
78
247
201
3
0
0
0
0
0
0
0
0
0
0
0
0
0
0
0
0
2
157
239
42
0
0
0
0
0
0
0
0
0
0
0
0
0
0
0
0
0
98
255
147
0
0
0
0
0
0
0
0
0
0
0
0
0
0
0
0
0
44
244
161
0
0
0
0
0
0
0
0
0
0
0
0
0
0
0
0
0
60
250
161
0
0
0
0
0
0
0
0
0
0
7
2
0
3
0
0
0
113
255
139
0
0
0
0
0
0
0
0
0
0
136
162
139
161
113
114
108
180
255
134
0
0
0
0
0
0
0
0
0
0
183
226
225
242
251
250
253
255
255
193
27
0
0
0
0
0
0
0
0
0
40
17
36
48
95
91
114
228
235
51
0
0
0
0
0
0
0
0
0
0
0
0
0
0
0
0
8
189
231
9
0
0
0
0
0
0
0
0
0
0
0
0
0
0
0
0
48
239
218
10
0
0
0
0
0
0
0
0
0
0
0
0
0
0
0
0
74
255
171
0
0
0
0
0
0
0
0
0
0
0
0
0
0
0
0
0
55
195
52
0
0
0
0
0
0
0
0
0
0
0
0
0
0
0
0
0
0
0
0
0
0
0
0
0
0
0
0
0
0
0
0
0
0
0
0
0
0
0
0
0
0
0
0
0
0
0