0
0
0
0
0
0
0
0
0
0
0
0
0
0
0
0
0
0
0
0
0
0
0
0
0
0
0
0
0
0
0
0
0
0
0
0
0
0
0
0
0
0
0
0
0
0
0
0
0
0
0
0
0
0
0
0
0
0
0
0
0
0
0
0
0
0
0
0
0
0
0
0
0
0
0
0
0
0
0
0
0
0
0
0
0
0
0
0
0
0
0
0
0
0
0
0
0
0
0
0
0
0
0
0
0
0
0
2
24
22
35
70
70
71
58
11
0
0
0
0
0
0
0
0
0
29
65
150
203
199
219
255
255
255
250
147
12
0
0
0
0
0
0
21
149
226
248
255
242
236
183
174
169
204
255
212
26
0
0
0
0
0
0
21
205
228
160
116
53
41
0
0
0
161
255
136
0
0
0
0
0
0
0
1
45
39
2
0
0
0
0
3
150
255
202
23
0
0
0
0
0
0
0
0
0
0
0
0
0
0
0
83
252
225
59
0
0
0
0
0
0
0
0
0
0
0
0
0
0
0
39
212
233
65
0
0
0
0
0
0
0
0
0
0
0
0
0
0
0
26
222
248
96
0
0
0
0
0
0
0
0
0
0
0
0
0
0
0
49
207
251
109
0
0
0
0
0
0
0
0
0
0
0
0
0
0
0
52
200
251
95
6
0
0
0
0
0
0
0
0
0
0
0
0
0
0
43
203
243
93
0
0
0
0
0
0
0
0
0
0
0
0
0
0
0
24
206
239
83
0
0
0
0
0
0
0
0
0
0
0
0
0
0
0
0
163
255
116
0
0
0
0
0
0
0
0
0
0
0
0
0
0
0
0
29
231
154
0
0
0
0
0
0
0
0
0
0
0
0
0
0
0
0
0
50
255
104
0
0
0
0
0
0
0
0
0
0
0
0
0