0
0
0
0
0
0
0
0
0
0
0
0
0
0
0
0
0
0
0
0
0
0
0
0
0
0
0
0
0
0
0
0
0
0
0
0
0
0
0
0
0
0
0
0
0
0
0
0
0
0
0
0
0
0
0
0
0
0
0
0
0
0
0
0
0
0
0
0
0
0
0
0
0
0
0
0
0
0
0
0
0
0
0
0
0
0
0
0
0
0
0
0
0
0
0
0
0
0
0
0
0
0
0
0
0
0
0
0
8
135
110
0
0
0
0
72
96
5
0
0
0
0
0
0
0
0
0
0
95
244
114
0
0
0
0
188
237
25
0
0
0
0
0
0
0
0
0
130
235
155
2
0
0
0
75
251
158
5
0
0
0
0
0
0
0
0
74
239
104
0
0
0
0
27
204
227
40
0
0
0
0
0
0
0
0
107
231
135
0
0
0
3
4
127
255
142
0
0
0
0
0
0
0
11
119
245
126
51
69
97
81
92
199
254
251
70
0
0
0
0
0
0
6
153
255
243
181
179
106
92
59
39
206
255
154
4
0
0
0
0
0
0
20
196
231
160
63
18
0
0
0
77
241
249
64
0
0
0
0
0
0
0
1
18
22
0
0
0
0
0
0
98
255
180
14
0
0
0
0
0
0
0
0
0
0
0
0
0
0
0
0
63
251
127
0
0
0
0
0
0
0
0
0
0
0
0
0
0
0
0
0
28
171
41
0
0
0
0
0
0
0
0
0
0
0
0
0
0
0
0
0
5
17
0
0
0
0
0
0
0
0
0
0
0
0
0
0
0
0
0
0
0
0
0
0
0
0
0
0
0
0
0
0
0
0
0
0
0
0
0
0
0
0
0
0
0
0
0
0
0
0
0
0
0
0
0
0
0
0
0
0
0
0
0
0
0
0
0
0
0