0
0
0
0
0
0
0
0
0
0
0
0
0
0
0
0
0
0
0
0
0
0
0
0
0
0
0
0
0
0
0
0
0
0
0
0
0
0
0
0
0
0
0
0
0
0
0
0
0
0
0
0
0
0
0
0
0
0
0
0
0
0
0
0
0
0
0
0
0
0
0
0
0
0
0
0
0
0
0
0
0
0
0
0
0
0
0
0
0
0
0
0
8
9
1
0
0
0
0
0
0
0
0
0
0
5
27
25
25
35
94
158
241
244
143
0
0
0
0
0
0
0
0
0
27
169
204
200
202
220
253
183
175
255
236
20
0
0
0
0
0
0
0
0
14
193
255
255
243
159
82
0
116
255
196
7
0
0
0
0
0
0
0
0
0
26
118
147
66
0
0
28
224
255
106
0
0
0
0
0
0
0
0
0
0
0
0
0
0
0
6
162
255
186
15
0
0
0
0
0
0
0
0
0
0
0
0
0
0
0
104
255
231
47
0
0
0
0
0
0
0
0
0
0
0
0
0
0
0
18
211
255
113
0
0
0
0
0
0
0
0
0
0
0
0
0
0
0
0
94
255
171
6
0
0
0
0
0
0
0
0
0
0
0
0
0
0
0
24
203
255
78
0
0
0
0
0
0
0
0
0
0
0
0
0
0
0
6
155
255
166
6
0
0
0
0
0
0
0
0
0
0
0
0
0
0
0
144
255
225
56
0
0
0
0
0
0
0
0
0
0
0
0
0
0
0
90
251
246
86
19
0
0
0
0
0
0
0
0
0
0
0
0
0
0
1
171
255
194
20
0
0
0
0
0
0
0
0
0
0
0
0
0
0
0
28
215
255
76
0
0
0
0
0
0
0
0
0
0
0
0
0
0
0
0
2
51
62
1
0
0
0
0
0
0
0
0
0
0
0