0
0
0
0
0
0
0
0
0
0
0
0
0
0
0
0
0
0
0
0
0
0
0
0
0
0
0
0
0
0
0
0
0
0
0
0
0
0
0
0
0
0
0
0
0
0
0
0
0
0
0
0
0
0
0
0
0
0
0
0
0
0
0
0
0
0
0
0
0
0
0
0
0
0
0
0
0
0
0
0
0
0
0
0
0
0
0
0
0
0
0
0
0
0
0
0
0
0
0
0
0
0
0
24
60
76
75
71
42
34
4
0
0
0
0
0
0
0
0
0
0
0
101
209
220
219
219
211
185
213
177
143
41
0
0
0
0
0
0
0
0
0
81
169
43
17
19
19
31
50
85
207
216
66
0
0
0
0
0
0
0
0
0
0
0
0
0
0
0
0
0
14
129
208
25
0
0
0
0
0
0
0
0
0
0
0
0
0
0
0
0
0
56
255
76
0
0
0
0
0
0
0
0
0
0
0
0
0
0
0
0
0
24
225
96
0
0
0
0
0
0
0
0
0
0
0
0
0
0
0
0
0
50
245
64
0
0
0
0
0
0
0
0
0
0
0
0
0
0
0
0
0
76
218
32
0
0
0
0
0
0
0
0
0
0
0
0
0
0
0
0
0
160
143
0
0
0
0
0
0
0
0
0
0
0
0
0
0
0
0
0
75
197
32
0
0
0
0
0
0
0
0
0
0
0
0
0
0
0
0
19
188
117
0
0
0
0
0
0
0
0
0
0
0
0
0
0
0
0
0
111
209
21
0
0
0
0
0
0
0
0
0
0
0
0
0
0
0
0
15
207
86
0
0
0
0
0
0
0
0
0
0
0
0
0
0
0
0
0
96
193
11
0
0
0
0
0
0
0
0
0
0
0
0
0
0
0
0
0
81
180
8
0
0
0
0
0
0
0
0