0
0
0
0
0
0
0
0
0
0
0
0
0
0
0
0
0
0
0
0
0
0
0
0
0
0
0
0
0
0
0
0
0
0
0
0
0
0
0
0
0
0
0
0
0
0
0
0
0
0
0
0
0
0
0
0
0
0
0
0
0
0
0
0
0
0
0
0
0
0
0
0
0
0
0
0
0
0
0
0
0
0
0
0
0
0
0
25
128
60
0
0
0
11
115
123
10
0
0
0
0
0
0
0
0
0
0
121
255
154
0
0
8
176
249
134
24
0
0
0
0
0
0
0
0
0
0
111
255
113
0
0
69
255
139
0
0
0
0
0
0
0
0
0
0
0
27
222
216
33
0
4
203
209
28
0
0
0
0
0
0
0
0
0
0
0
141
255
183
11
0
73
253
147
0
0
0
0
0
0
0
0
0
0
0
17
192
255
94
0
0
161
252
73
0
0
0
0
0
0
0
0
0
0
0
105
255
234
82
49
62
203
231
14
0
0
0
0
0
0
0
0
0
0
2
180
255
255
253
243
243
254
251
187
92
0
0
0
0
0
0
0
0
0
0
92
193
207
168
160
233
255
156
74
51
0
0
0
0
0
0
0
0
0
0
0
0
0
0
0
136
254
27
0
0
0
0
0
0
0
0
0
0
0
0
0
0
0
0
0
140
254
31
0
0
0
0
0
0
0
0
0
0
0
0
0
0
0
0
0
109
255
56
0
0
0
0
0
0
0
0
0
0
0
0
0
0
0
0
0
69
255
136
0
0
0
0
0
0
0
0
0
0
0
0
0
0
0
0
0
41
236
155
0
0
0
0
0
0
0
0
0
0
0
0
0
0
0
0
0
6
106
56
0
0
0
0
0
0
0
0
0
0
0
0
0
0
0
0
0
0
0
0
0
0
0
0
0
0
0