0
0
0
0
0
0
0
0
0
0
0
0
0
0
0
0
0
0
0
0
0
0
0
0
0
0
0
0
0
0
0
0
0
0
0
0
0
0
0
0
0
0
0
0
0
0
0
0
5
8
7
24
37
36
35
10
0
0
0
0
0
0
0
0
0
0
0
11
138
175
167
222
255
255
255
151
14
0
0
0
0
0
0
0
0
0
0
108
252
255
255
255
255
255
255
214
22
0
0
0
0
0
0
0
0
0
37
214
255
222
181
181
181
181
185
119
4
0
0
0
0
0
0
0
0
13
159
255
215
60
0
0
0
0
0
0
0
0
0
0
0
0
0
0
0
65
244
250
106
0
0
16
0
0
0
0
0
0
0
0
0
0
0
0
39
207
255
231
123
103
141
200
130
109
69
0
0
0
0
0
0
0
0
0
138
255
253
255
255
255
255
253
255
255
229
45
0
0
0
0
0
0
0
0
139
255
255
221
219
177
79
55
64
177
255
131
0
0
0
0
0
0
0
0
29
107
97
45
40
8
0
0
0
104
255
135
0
0
0
0
0
0
0
0
0
0
0
0
0
0
0
0
29
200
255
124
0
0
0
0
0
0
0
0
0
0
0
0
0
0
0
61
195
253
232
41
0
0
0
0
0
0
0
39
166
176
106
81
82
106
186
232
255
255
142
0
0
0
0
0
0
0
0
92
255
255
252
250
250
255
255
255
213
121
16
0
0
0
0
0
0
0
0
39
168
255
255
255
255
237
174
154
40
0
0
0
0
0
0
0
0
0
0
0
8
35
36
36
36
29
9
3
0
0
0
0
0
0
0
0
0
0
0
0
0
0
0
0
0
0
0
0
0
0
0
0
0
0
0
0
0
0
0
0
0
0
0
0
0
0
0
0
0
0
0
0
0
0
0
0