0
0
0
0
0
0
0
0
0
0
0
0
0
0
0
0
0
0
0
0
0
0
0
0
0
0
0
0
0
0
0
0
0
0
0
0
0
0
0
0
0
0
0
0
0
0
0
0
0
0
15
25
6
0
0
0
0
0
0
0
0
0
0
0
0
0
0
0
0
58
197
228
171
51
0
0
0
0
0
0
0
0
0
0
0
0
0
0
20
196
255
236
115
106
103
2
0
0
0
0
0
0
0
0
0
0
0
0
118
255
242
92
0
4
15
0
0
0
0
0
0
0
0
0
0
0
0
36
232
255
101
0
0
0
0
0
0
0
0
0
0
0
0
0
0
0
0
160
255
202
12
0
0
0
0
0
0
0
0
0
0
0
0
0
0
0
38
229
231
51
0
0
0
0
0
0
0
0
0
0
0
0
0
0
0
0
132
255
126
0
0
0
0
0
0
0
0
0
0
0
0
0
0
0
0
0
160
255
76
0
0
0
0
0
0
0
0
0
0
0
0
0
0
0
0
0
158
255
199
132
27
0
0
0
0
0
0
0
0
0
0
0
0
0
0
0
119
255
222
229
217
114
19
0
0
0
0
0
0
0
0
0
0
0
0
0
21
168
164
59
102
156
197
64
0
0
0
0
0
0
0
0
0
0
0
0
0
21
181
202
45
0
115
211
38
0
0
0
0
0
0
0
0
0
0
0
0
0
20
168
224
131
72
211
145
0
0
0
0
0
0
0
0
0
0
0
0
0
0
6
82
179
194
251
157
0
0
0
0
0
0
0
0
0
0
0
0
0
0
0
0
6
21
36
15
0
0
0
0
0
0
0
0
0
0
0
0
0
0
0
0
0
0
0
0
0
0
0
0
0
0
0
0
0
0
0
0
0
0
0
0
0
0
0
0
0
0
0
0
0