0
0
0
0
0
0
0
0
0
0
0
0
0
0
0
0
0
0
0
0
0
0
0
0
0
0
0
0
0
0
0
0
0
0
0
0
0
0
0
0
0
0
0
0
0
0
0
0
1
31
26
8
0
0
0
0
0
0
0
0
0
0
0
0
0
0
1
59
150
243
231
132
0
0
0
0
0
0
0
0
0
0
0
0
0
0
106
239
255
255
255
245
101
0
0
0
0
0
0
0
0
0
0
0
0
93
255
234
89
158
220
253
255
147
4
0
0
0
0
0
0
0
0
0
19
216
253
88
0
10
35
104
219
255
126
0
0
0
0
0
0
0
0
0
91
255
152
0
0
0
0
0
44
219
251
50
0
0
0
0
0
0
0
24
213
235
50
0
0
0
0
0
0
91
247
197
22
0
0
0
0
0
0
49
233
192
5
0
0
0
0
0
0
0
172
255
136
0
0
0
0
0
0
66
244
169
0
0
0
0
0
0
0
0
60
251
249
45
0
0
0
0
0
66
244
168
0
0
0
0
0
0
0
0
0
152
255
141
0
0
0
0
0
65
241
176
8
0
0
0
0
0
0
0
0
75
255
127
0
0
0
0
0
16
206
255
94
0
0
0
0
0
0
0
32
167
253
66
0
0
0
0
0
0
98
255
235
95
9
7
2
4
17
138
228
255
133
3
0
0
0
0
0
0
11
169
252
255
233
229
181
218
241
246
211
107
2
0
0
0
0
0
0
0
0
7
92
166
206
206
209
197
149
75
18
0
0
0
0
0
0
0
0
0
0
0
0
5
18
18
18
15
0
0
0
0
0
0
0
0
0
0
0
0
0
0
0
0
0
0
0
0
0
0
0
0
0
0
0
0
0
0
0
0
0
0
0
0
0
0
0
0
0
0
0
0
0
0
0
0