0
0
0
0
0
0
0
0
0
0
0
0
0
0
0
0
0
0
0
0
0
0
0
0
0
0
0
0
0
0
0
0
0
0
0
0
0
0
0
0
0
0
0
0
0
0
0
0
0
0
0
0
0
0
0
0
0
0
0
0
0
0
0
0
0
0
0
0
0
0
44
58
5
0
0
0
0
0
0
0
0
0
0
0
0
0
0
3
91
170
233
196
16
0
0
0
0
0
0
0
0
0
0
0
0
0
17
80
244
255
210
73
0
85
129
4
0
0
0
0
0
0
0
0
0
21
170
235
254
200
40
0
16
197
242
18
0
0
0
0
0
0
0
0
0
66
255
165
80
29
0
0
143
255
175
4
0
0
0
0
0
0
0
0
0
154
255
91
0
0
0
0
190
255
101
0
0
0
0
0
0
0
0
0
67
254
148
16
0
0
0
0
186
255
86
0
0
0
0
0
0
0
0
0
110
255
84
0
0
0
27
94
219
255
86
0
0
0
0
0
0
0
0
0
110
255
163
42
44
102
200
255
255
223
46
0
0
0
0
0
0
0
0
0
38
206
240
230
224
190
117
125
255
185
13
0
0
0
0
0
0
0
0
0
0
24
61
97
77
11
0
38
244
162
0
0
0
0
0
0
0
0
0
0
0
0
0
0
0
0
0
43
244
165
0
0
0
0
0
0
0
0
0
0
0
0
0
0
0
0
0
45
241
219
33
0
0
0
0
0
0
0
0
0
0
0
0
0
0
0
0
16
220
193
39
0
0
0
0
0
0
0
0
0
0
0
0
0
0
0
0
0
79
167
37
0
0
0
0
0
0
0
0
0
0
0
0
0
0
0
0
0
0
0
0
0
0
0
0
0
0
0
0
0
0
0
0
0
0
0
0
0
0
0
0
0
0
0
0
0