0
0
0
0
0
0
0
0
0
0
0
0
0
0
0
0
0
0
0
0
0
0
0
0
0
0
0
0
0
0
0
0
0
0
0
0
0
0
0
0
0
0
0
0
0
0
0
0
0
0
0
0
0
0
0
0
0
0
0
0
0
0
0
0
0
0
0
0
0
0
0
0
0
0
0
0
0
0
0
0
0
0
0
0
0
0
0
0
0
20
92
140
168
154
122
27
0
0
0
0
0
0
0
0
0
0
0
10
126
240
237
215
205
199
246
178
2
0
0
0
0
0
0
0
0
0
20
175
242
145
64
30
10
0
155
230
46
0
0
0
0
0
0
0
0
4
153
239
76
0
0
0
0
44
219
221
35
0
0
0
0
0
0
0
0
137
232
70
0
0
0
0
31
196
255
102
0
0
0
0
0
0
0
0
66
239
105
0
0
0
0
42
202
252
124
0
0
0
0
0
0
0
0
20
206
160
0
0
0
20
115
229
255
154
0
0
0
0
0
0
0
0
0
77
243
76
0
31
111
196
191
216
240
48
0
0
0
0
0
0
0
0
0
65
241
228
216
220
197
90
55
232
161
0
0
0
0
0
0
0
0
0
0
1
105
174
151
80
8
0
148
242
47
0
0
0
0
0
0
0
0
0
0
0
0
0
0
0
0
80
252
125
0
0
0
0
0
0
0
0
0
0
0
0
0
0
0
0
16
203
218
27
0
0
0
0
0
0
0
0
0
0
0
0
0
0
0
0
103
255
105
0
0
0
0
0
0
0
0
0
0
0
0
0
0
0
0
47
238
213
7
0
0
0
0
0
0
0
0
0
0
0
0
0
0
0
0
87
154
93
0
0
0
0
0
0
0
0
0
0
0
0
0
0
0
0
0
0
0
0
0
0
0
0
0
0
0
0
0
0