0
0
0
0
0
0
0
0
0
0
0
0
0
0
0
0
0
0
0
0
0
0
0
0
0
0
0
0
0
0
0
0
0
0
0
0
0
0
0
0
0
0
0
0
0
0
0
0
0
0
0
0
0
0
0
0
0
0
0
0
0
0
0
0
0
0
0
0
0
0
0
0
0
0
0
0
0
0
0
0
0
0
0
0
0
0
0
70
186
49
0
6
4
0
0
0
0
0
0
0
0
0
0
0
0
0
0
207
239
42
30
201
169
0
0
0
0
0
0
0
0
0
0
0
0
0
0
220
185
3
52
247
219
0
0
0
0
0
0
0
0
0
0
0
0
0
44
240
148
0
128
255
231
40
0
0
0
0
0
0
0
0
0
0
0
0
119
252
91
0
147
255
234
46
0
0
0
0
0
0
0
0
0
0
0
0
158
251
61
0
147
255
235
47
0
0
0
0
0
0
0
0
0
0
0
0
89
233
235
181
225
255
233
32
0
0
0
0
0
0
0
0
0
0
0
0
0
53
128
223
255
255
145
0
0
0
0
0
0
0
0
0
0
0
0
0
0
0
0
21
160
255
75
0
0
0
0
0
0
0
0
0
0
0
0
0
0
0
0
0
144
255
124
0
0
0
0
0
0
0
0
0
0
0
0
0
0
0
0
0
144
255
142
0
0
0
0
0
0
0
0
0
0
0
0
0
0
0
0
0
89
255
147
0
0
0
0
0
0
0
0
0
0
0
0
0
0
0
0
0
59
250
195
0
0
0
0
0
0
0
0
0
0
0
0
0
0
0
0
0
23
204
251
55
0
0
0
0
0
0
0
0
0
0
0
0
0
0
0
0
0
68
154
93
0
0
0
0
0
0
0
0
0
0
0
0
0
0
0
0
0
0
0
0
0
0
0
0
0
0