0
0
0
0
0
0
0
0
0
0
0
0
0
0
0
0
0
0
0
0
0
0
0
0
0
0
0
0
0
0
0
0
0
0
0
0
0
0
0
0
0
0
0
0
0
0
0
0
0
0
0
0
0
0
0
0
0
0
0
0
0
0
0
0
0
0
0
0
0
0
0
0
0
0
0
0
0
0
0
0
0
0
0
0
0
89
176
130
174
152
121
90
76
54
0
0
0
0
0
0
0
0
0
0
0
75
219
237
240
247
255
255
255
235
69
0
0
0
0
0
0
0
0
0
0
0
31
61
58
72
105
124
201
255
165
0
0
0
0
0
0
0
0
0
0
0
0
0
0
0
0
0
160
255
136
0
0
0
0
0
0
0
0
0
0
0
0
0
0
0
0
53
234
242
67
0
0
0
0
0
0
0
0
0
0
0
0
0
0
0
0
119
255
178
7
0
0
0
0
0
0
0
0
0
0
0
0
0
0
0
19
200
255
85
0
0
0
0
0
0
0
0
0
0
0
0
0
0
0
0
113
255
186
11
0
0
0
0
0
0
0
0
0
0
0
0
0
0
0
14
234
245
62
0
0
0
0
0
0
0
0
0
0
0
0
0
0
0
0
137
255
157
0
0
0
0
0
0
0
0
0
0
0
0
0
0
0
0
67
243
230
49
0
0
0
0
0
0
0
0
0
0
0
0
0
0
0
45
223
255
127
0
0
0
0
0
0
0
0
0
0
0
0
0
0
0
16
186
255
182
5
0
0
0
0
0
0
0
0
0
0
0
0
0
0
16
169
255
188
25
0
0
0
0
0
0
0
0
0
0
0
0
0
0
0
17
115
144
48
0
0
0
0
0
0
0
0
0
0
0
0
0
0
0
0
0
0
0
0
0
0
0
0
0
0
0
0
0
0
0