0
0
0
0
0
0
0
0
0
0
0
0
0
0
0
0
0
0
0
0
0
0
0
0
0
0
0
0
0
0
0
0
0
0
0
0
0
0
0
0
0
0
0
0
0
0
0
0
0
0
0
0
0
0
0
0
0
0
0
0
0
0
0
0
0
0
0
0
0
0
34
81
112
84
9
0
0
0
0
0
0
0
0
0
0
0
0
0
10
109
220
248
255
251
57
0
0
0
0
0
0
0
0
0
0
0
0
22
176
255
220
105
29
177
95
0
0
0
0
0
0
0
0
0
0
0
9
172
249
162
38
0
12
202
215
36
0
0
0
0
0
0
0
0
0
0
54
252
182
11
0
0
78
244
213
26
0
0
0
0
0
0
0
0
0
0
58
248
163
0
6
69
199
239
57
0
0
0
0
0
0
0
0
0
0
0
58
245
226
60
114
249
255
154
0
0
0
0
0
0
0
0
0
0
0
0
22
155
252
202
252
239
142
26
0
0
0
0
0
0
0
0
0
0
0
0
0
29
233
255
204
63
0
0
0
0
0
0
0
0
0
0
0
0
0
0
0
138
255
255
126
0
0
0
0
0
0
0
0
0
0
0
0
0
0
0
77
249
200
166
197
12
0
0
0
0
0
0
0
0
0
0
0
0
0
5
171
239
46
24
231
108
0
0
0
0
0
0
0
0
0
0
0
0
0
8
185
218
3
11
233
150
0
0
0
0
0
0
0
0
0
0
0
0
0
0
111
245
173
179
255
140
0
0
0
0
0
0
0
0
0
0
0
0
0
0
0
143
230
228
153
23
0
0
0
0
0
0
0
0
0
0
0
0
0
0
0
0
0
0
0
0
0
0
0
0
0
0
0
0
0
0
0
0
0
0
0
0
0
0
0
0
0
0
0
0
0
0
0
0