0
0
0
0
0
0
0
0
0
0
0
0
0
0
0
0
0
0
0
0
0
0
0
0
0
0
0
0
0
0
0
0
0
0
0
0
0
0
0
0
0
0
0
0
0
0
0
0
0
0
0
0
0
0
0
0
0
0
0
0
0
0
0
0
0
0
0
0
0
0
0
0
0
0
0
0
0
0
0
0
0
0
0
0
0
0
0
0
0
0
0
4
8
0
0
0
0
0
0
0
0
0
0
0
0
0
0
3
38
67
128
204
229
69
0
0
0
0
0
0
0
0
0
6
66
79
142
175
223
255
221
177
245
109
0
0
0
0
0
0
0
0
0
24
187
238
251
210
116
44
16
33
228
110
0
0
0
0
0
0
0
0
0
0
39
77
64
7
0
0
0
45
231
101
0
0
0
0
0
0
0
0
0
0
0
0
0
0
0
0
0
80
230
64
0
0
0
0
0
0
0
0
0
0
0
0
0
0
0
0
0
78
228
57
0
0
0
0
0
0
0
0
0
0
0
0
0
0
0
12
38
156
250
192
58
0
0
0
0
0
0
0
0
0
0
0
0
20
136
221
236
254
234
119
19
0
0
0
0
0
0
0
0
0
0
0
0
40
177
156
142
244
137
0
0
0
0
0
0
0
0
0
0
0
0
0
0
0
2
0
57
250
65
0
0
0
0
0
0
0
0
0
0
0
0
0
0
0
0
0
107
237
26
0
0
0
0
0
0
0
0
0
0
0
0
0
0
0
0
0
109
232
22
0
0
0
0
0
0
0
0
0
0
0
0
0
0
0
0
0
106
255
87
0
0
0
0
0
0
0
0
0
0
0
0
0
0
0
0
0
71
254
90
0
0
0
0
0
0
0
0
0
0
0
0
0
0
0
0
0
9
58
10
0
0
0
0
0
0
0