0
0
0
0
0
0
0
0
0
0
0
0
0
0
0
0
0
0
0
0
0
0
0
0
0
0
0
0
0
0
0
0
0
0
0
0
0
0
0
0
0
0
0
0
0
0
0
0
0
0
0
0
17
156
145
0
0
0
0
0
0
0
0
0
0
0
0
0
0
0
0
49
194
255
128
0
0
0
0
0
0
0
0
0
0
0
0
0
0
0
30
202
255
152
6
0
0
0
0
0
0
0
0
0
0
0
0
0
0
0
162
255
181
8
0
0
0
0
0
0
0
0
0
0
0
0
0
0
0
104
252
213
45
0
0
0
0
0
0
0
0
0
0
0
0
0
0
0
77
241
232
65
0
0
0
0
0
0
0
0
0
0
0
0
0
0
0
56
234
255
92
0
0
0
0
0
0
0
0
0
0
0
0
0
0
0
0
190
255
142
0
0
0
0
0
0
0
0
0
0
0
0
0
0
0
0
54
246
218
31
0
0
0
0
0
0
0
0
0
0
0
0
0
0
0
0
110
255
140
29
119
99
35
0
0
0
0
0
0
0
0
0
0
0
0
0
155
255
199
206
255
243
223
72
0
0
0
0
0
0
0
0
0
0
0
0
122
255
255
243
112
153
255
195
20
0
0
0
0
0
0
0
0
0
0
0
110
255
255
249
195
223
221
102
7
0
0
0
0
0
0
0
0
0
0
0
110
251
209
208
205
133
21
0
0
0
0
0
0
0
0
0
0
0
0
0
38
85
25
23
11
0
0
0
0
0
0
0
0
0
0
0
0
0
0
0
0
0
0
0
0
0
0
0
0
0
0
0
0
0
0
0
0
0
0
0
0
0
0
0
0
0
0
0
0
0
0
0
0
0
0
0
0
0
0
0
0
0
0
0
0
0
0
0
0
0
0
0
0
0