0
0
0
0
0
0
0
0
0
0
0
0
0
0
0
0
0
0
0
0
0
0
0
0
0
0
0
0
0
0
0
0
0
0
0
0
0
0
0
0
0
0
0
0
0
0
0
0
0
0
0
0
106
155
15
0
0
0
0
0
0
0
0
0
0
0
0
0
0
0
0
103
255
213
36
0
0
0
0
0
0
0
0
0
0
0
0
0
0
0
59
241
233
59
1
0
0
0
0
0
0
0
0
0
0
0
0
0
0
32
202
244
89
0
0
0
0
0
0
0
0
0
0
0
0
0
0
0
8
175
253
101
0
0
0
0
0
0
0
0
0
0
0
0
0
0
0
0
96
255
129
0
0
0
0
0
0
0
0
0
0
0
0
0
0
0
0
16
205
230
44
0
0
0
0
0
0
0
0
0
0
0
0
0
0
0
0
46
255
106
0
0
0
0
0
0
0
0
0
0
0
0
0
0
0
0
0
144
244
100
91
121
66
4
0
0
0
0
0
0
0
0
0
0
0
0
0
172
251
250
255
234
242
81
0
0
0
0
0
0
0
0
0
0
0
0
6
215
255
178
55
26
212
172
4
0
0
0
0
0
0
0
0
0
0
0
5
223
179
1
0
123
221
64
0
0
0
0
0
0
0
0
0
0
0
0
0
184
189
92
192
227
72
0
0
0
0
0
0
0
0
0
0
0
0
0
0
74
239
255
207
75
0
0
0
0
0
0
0
0
0
0
0
0
0
0
0
0
66
90
26
0
0
0
0
0
0
0
0
0
0
0
0
0
0
0
0
0
0
0
0
0
0
0
0
0
0
0
0
0
0
0
0
0
0
0
0
0
0
0
0
0
0
0
0
0
0
0
0
0
0
0
0
0
0
0
0
0
0
0
0
0
0
0
0
0
0
0
0
0