0
0
0
0
0
0
0
0
0
0
0
0
0
0
0
0
0
0
0
0
0
0
0
0
0
0
0
0
0
0
0
0
0
46
130
6
0
0
0
0
0
0
0
0
0
0
0
0
0
0
0
0
15
183
234
7
0
0
0
0
0
0
0
0
0
0
0
0
0
0
0
4
161
242
77
0
0
0
0
0
0
0
0
0
0
0
0
0
0
0
3
140
248
96
0
0
0
0
0
0
0
0
0
0
0
0
0
0
0
4
144
252
124
0
0
0
0
0
0
0
0
0
0
0
0
0
0
0
0
102
255
145
0
0
0
0
0
0
0
0
0
0
0
0
0
0
0
0
88
245
176
16
0
0
0
0
0
0
0
0
0
0
0
0
0
0
0
42
241
179
11
0
0
0
0
0
0
0
0
0
0
0
0
0
0
0
0
155
208
29
0
4
0
0
0
0
0
0
0
0
0
0
0
0
0
0
25
234
195
145
208
205
110
11
0
0
0
0
0
0
0
0
0
0
0
0
113
255
255
251
201
196
255
128
0
0
0
0
0
0
0
0
0
0
0
0
127
255
249
125
8
18
210
206
21
0
0
0
0
0
0
0
0
0
0
0
48
242
225
56
6
136
255
141
4
0
0
0
0
0
0
0
0
0
0
0
0
162
255
228
204
246
171
15
0
0
0
0
0
0
0
0
0
0
0
0
0
19
144
169
115
57
3
0
0
0
0
0
0
0
0
0
0
0
0
0
0
0
0
0
0
0
0
0
0
0
0
0
0
0
0
0
0
0
0
0
0
0
0
0
0
0
0
0
0
0
0
0
0
0
0
0
0
0
0
0
0
0
0
0
0
0
0
0
0
0
0
0
0
0
0
0
0
0
0
0
0
0
0
0
0
0
0
0
0
0
0
0
0
0