0
0
0
0
0
0
0
0
0
0
0
0
0
0
0
0
0
0
0
0
0
0
0
0
0
0
0
0
0
0
0
0
0
0
0
0
0
0
0
0
0
0
0
0
0
0
0
0
0
0
0
0
0
0
0
0
0
0
0
0
0
0
0
0
0
0
14
41
39
67
36
1
0
0
0
0
0
0
0
0
0
0
0
20
61
122
189
219
217
237
217
98
0
0
0
0
0
0
0
0
0
0
14
184
250
255
255
255
255
255
255
243
64
0
0
0
0
0
0
0
0
0
37
255
252
255
255
255
252
252
251
255
152
0
0
0
0
0
0
0
0
0
37
255
255
234
160
81
211
255
252
252
84
0
0
0
0
0
0
0
0
0
25
227
216
62
0
102
246
253
255
200
9
0
0
0
0
0
0
0
0
0
1
42
40
0
0
174
255
252
254
236
189
162
37
0
0
0
0
0
0
0
0
0
0
0
0
107
249
255
251
254
255
255
227
97
12
0
0
0
0
0
0
0
0
0
0
2
106
231
255
255
255
254
255
250
131
1
0
0
0
0
0
0
0
0
0
0
0
26
37
32
34
128
235
255
216
21
0
0
0
0
0
0
0
0
0
0
0
0
0
9
69
183
255
252
255
36
0
0
0
0
0
0
0
0
0
0
1
5
41
172
245
254
252
255
195
14
0
0
0
0
0
0
0
0
0
0
80
238
248
255
255
253
255
225
99
0
0
0
0
0
0
0
0
0
0
0
79
248
255
255
255
249
172
48
0
0
0
0
0
0
0
0
0
0
0
0
0
142
221
218
139
68
4
0
0
0
0
0
0
0
0
0
0
0
0
0
0
0
0
0
0
0
0
0
0
0
0
0
0
0
0
0
0
0
0
0
0
0
0
0
0
0
0
0
0
0
0
0