0
0
0
0
0
0
0
0
0
0
0
0
0
0
0
0
0
0
0
0
0
0
0
0
0
0
0
0
0
0
0
0
0
0
0
0
0
0
0
0
0
0
0
0
0
0
0
0
0
0
0
0
0
0
0
0
0
0
0
0
0
0
0
0
0
0
0
0
0
0
0
0
0
0
0
0
0
0
0
0
0
0
0
0
0
0
0
0
21
138
187
187
147
11
0
0
0
0
0
0
0
0
0
0
0
0
0
36
198
214
122
107
227
102
0
0
0
0
0
0
0
0
0
0
0
0
12
190
192
31
0
0
171
148
0
0
0
0
0
0
0
0
0
0
0
0
111
235
55
0
9
104
143
121
0
0
0
0
0
0
0
0
0
0
0
6
182
165
0
0
12
190
153
0
0
0
0
0
0
0
0
0
0
0
0
9
185
128
0
0
0
162
204
0
0
0
0
0
0
0
0
0
0
0
0
0
149
183
1
0
0
174
225
10
0
0
0
0
0
0
0
0
0
0
0
0
63
238
123
38
127
244
226
21
0
0
0
0
0
0
0
0
0
0
0
0
0
96
220
205
156
182
228
23
0
0
0
0
0
0
0
0
0
0
0
0
0
0
27
29
0
134
233
24
0
0
0
0
0
0
0
0
0
0
0
0
0
0
0
0
0
121
237
43
0
0
0
0
0
0
0
0
0
0
0
0
0
0
0
0
0
130
240
47
0
0
0
0
0
0
0
0
0
0
0
0
0
0
0
0
0
161
238
24
0
0
0
0
0
0
0
0
0
0
0
0
0
0
0
0
0
167
243
23
0
0
0
0
0
0
0
0
0
0
0
0
0
0
0
0
0
79
114
4
0
0
0
0
0
0
0
0
0
0
0
0
0
0
0
0
0
0
0
0
0
0
0
0
0
0