0
0
0
0
0
0
0
0
0
0
0
0
0
0
0
0
0
0
0
0
0
0
0
0
0
0
0
0
0
0
0
0
0
0
0
0
0
0
0
0
0
0
0
0
0
0
0
0
0
0
0
0
0
0
0
0
0
0
0
0
0
0
0
0
0
0
21
57
7
38
75
87
96
91
16
0
0
0
0
0
0
0
0
0
0
0
117
237
199
224
245
248
255
255
143
0
0
0
0
0
0
0
0
0
0
0
114
255
232
172
122
77
96
191
253
46
0
0
0
0
0
0
0
0
0
0
77
252
177
7
0
0
0
175
204
28
0
0
0
0
0
0
0
0
0
0
16
188
255
139
13
49
166
197
41
0
0
0
0
0
0
0
0
0
0
0
0
26
188
255
204
223
165
22
0
0
0
0
0
0
0
0
0
0
0
0
0
0
59
236
255
225
24
0
0
0
0
0
0
0
0
0
0
0
0
0
0
16
167
248
189
249
145
0
0
0
0
0
0
0
0
0
0
0
0
0
0
136
255
133
9
175
251
80
0
0
0
0
0
0
0
0
0
0
0
0
39
234
169
10
0
46
236
175
4
0
0
0
0
0
0
0
0
0
0
0
114
241
58
0
0
0
134
221
35
0
0
0
0
0
0
0
0
0
0
4
176
194
0
0
0
0
125
255
62
0
0
0
0
0
0
0
0
0
0
18
195
215
54
27
26
86
233
196
24
0
0
0
0
0
0
0
0
0
0
0
144
255
246
208
210
255
243
67
0
0
0
0
0
0
0
0
0
0
0
0
40
198
223
224
226
188
66
0
0
0
0
0
0
0
0
0
0
0
0
0
0
0
0
0
0
0
0
0
0
0
0
0
0
0
0
0
0
0
0
0
0
0
0
0
0
0
0
0
0
0
0
0
0
0