0
0
0
0
0
0
0
0
0
0
0
0
0
0
0
0
0
0
0
0
0
0
0
0
0
0
0
0
0
0
0
0
0
0
0
0
0
0
0
0
0
0
0
0
0
0
0
0
0
0
0
0
0
0
0
0
0
0
0
0
0
0
0
0
0
0
0
0
0
0
0
0
0
0
0
0
25
82
62
0
0
0
0
0
0
0
0
0
0
0
0
0
0
0
0
30
191
222
76
0
0
0
0
0
0
0
0
0
0
0
0
0
0
0
14
165
255
83
0
0
0
0
0
0
0
0
0
0
0
52
86
15
0
8
158
230
101
2
0
0
0
0
0
0
0
0
0
0
0
182
230
38
0
114
255
96
0
0
0
0
0
0
0
0
0
0
0
25
159
252
142
3
60
239
149
13
0
0
0
0
0
0
0
0
0
0
25
197
255
131
0
60
225
202
27
0
0
0
0
0
0
0
0
0
0
63
221
237
110
2
19
208
231
27
0
0
0
0
0
0
0
0
0
0
80
226
255
156
0
0
114
255
151
52
9
0
0
0
0
0
0
0
0
0
149
240
243
238
202
195
252
255
231
150
8
0
0
0
0
0
0
0
0
0
0
34
74
105
193
255
189
123
90
23
0
0
0
0
0
0
0
0
0
0
0
0
0
4
191
236
33
0
0
0
0
0
0
0
0
0
0
0
0
0
0
0
9
160
214
51
0
0
0
0
0
0
0
0
0
0
0
0
0
0
0
0
86
235
67
0
0
0
0
0
0
0
0
0
0
0
0
0
0
0
0
0
40
109
3
0
0
0
0
0
0
0
0
0
0
0
0
0
0
0
0
0
0
0
0
0
0
0
0
0
0
0
0
0
0
0
0
0
0
0
0
0
0
0
0
0
0
0
0
0
0
0
0
0
0
0