0
0
0
0
0
0
0
0
0
0
0
0
0
0
0
0
0
0
0
0
0
0
0
0
0
0
0
0
0
0
0
75
128
0
0
0
0
0
0
0
0
0
0
0
0
0
0
0
0
0
109
211
70
0
0
0
0
0
0
0
0
0
0
0
0
0
0
0
0
101
244
192
9
0
0
0
0
0
0
0
0
0
0
0
0
0
0
0
0
178
255
121
0
0
0
0
0
0
0
0
0
0
0
0
0
0
0
0
68
237
204
30
0
0
0
0
0
0
0
0
0
0
0
0
0
0
0
12
192
255
111
0
0
0
0
0
0
0
0
0
0
0
0
0
0
0
0
92
255
215
31
0
0
0
0
0
0
0
0
0
0
0
0
0
0
0
14
222
255
80
0
0
0
52
93
13
0
0
0
0
0
0
0
0
0
4
123
255
176
14
0
0
40
226
244
45
0
0
0
0
0
0
0
0
0
49
240
248
73
0
2
58
205
255
251
48
0
0
0
0
0
0
0
0
0
51
241
225
22
0
74
243
255
255
238
38
0
0
0
0
0
0
0
0
0
51
242
240
117
91
172
255
255
230
94
0
0
0
0
0
0
0
0
0
0
20
175
255
255
255
255
255
199
42
0
0
0
0
0
0
0
0
0
0
0
0
26
131
206
232
240
255
122
0
0
0
0
0
0
0
0
0
0
0
0
0
0
0
5
6
47
157
85
0
0
0
0
0
0
0
0
0
0
0
0
0
0
0
0
0
0
0
0
0
0
0
0
0
0
0
0
0
0
0
0
0
0
0
0
0
0
0
0
0
0
0
0
0
0
0
0
0
0
0
0
0
0
0
0
0
0
0
0
0
0
0
0
0
0
0
0
0
0
0
0
0
0
0
0
0
0
0
0
0
0
0
0
0
0
0