0
0
0
0
0
0
0
0
0
0
0
0
0
0
0
0
0
0
0
0
0
0
0
0
0
0
0
0
0
0
0
0
0
0
0
0
0
0
0
0
0
0
0
0
0
0
0
0
0
0
0
0
0
0
0
0
0
0
0
0
0
0
0
0
0
0
0
0
0
0
0
0
0
0
0
0
0
0
0
0
0
0
0
0
0
0
0
0
77
62
0
0
0
0
0
0
0
0
0
0
0
0
0
0
0
0
0
21
221
174
1
0
0
61
62
0
0
0
0
0
0
0
0
0
0
0
6
150
255
141
0
0
0
153
226
24
0
0
0
0
0
0
0
0
0
18
150
255
221
39
0
0
0
146
255
53
0
0
0
0
0
0
0
0
37
200
255
217
67
0
0
0
21
181
230
9
0
0
0
0
0
0
0
66
208
255
191
113
134
144
141
168
205
250
224
10
0
0
0
0
0
0
2
156
255
254
247
245
255
255
255
255
255
255
242
48
0
0
0
0
0
0
0
144
255
255
255
255
255
244
205
203
208
248
226
14
0
0
0
0
0
0
0
22
48
47
47
47
48
39
18
15
38
217
227
10
0
0
0
0
0
0
0
0
0
0
0
0
0
0
0
0
17
213
237
28
0
0
0
0
0
0
0
0
0
0
0
0
0
0
0
0
21
214
248
52
0
0
0
0
0
0
0
0
0
0
0
0
0
0
0
0
11
183
255
63
0
0
0
0
0
0
0
0
0
0
0
0
0
0
0
0
0
147
255
62
0
0
0
0
0
0
0
0
0
0
0
0
0
0
0
0
0
151
255
55
0
0
0
0
0
0
0
0
0
0
0
0
0
0
0
0
0
72
113
6
0
0
0
0
0
0
0
0
0
0
0
0
0
0
0
0
0
0
0
0
0
0
0
0