0
0
0
0
0
0
0
0
0
0
0
0
0
0
0
0
0
0
0
0
0
0
0
0
0
0
0
0
0
0
0
0
0
0
0
0
0
0
0
0
0
0
0
0
0
0
0
0
0
0
0
0
0
0
0
0
0
0
0
0
0
0
0
0
0
0
0
0
0
0
0
0
0
0
0
0
0
0
0
0
0
0
0
0
0
0
0
0
0
0
0
0
0
0
0
0
0
0
0
0
0
0
0
0
0
0
0
0
0
0
0
0
0
0
0
0
32
68
27
0
0
0
0
0
0
0
0
0
0
0
0
0
23
98
132
160
196
148
44
0
0
0
0
0
0
0
0
0
0
24
64
162
229
238
224
149
58
2
0
0
0
0
0
0
0
0
37
54
122
230
255
201
133
65
12
0
0
0
0
0
0
0
0
0
0
24
184
240
247
195
91
19
0
0
0
0
0
0
0
0
0
0
0
0
0
23
205
233
86
3
0
0
0
0
0
0
0
0
0
0
0
0
0
0
0
0
148
138
0
0
0
0
0
0
0
0
0
0
0
0
0
0
0
0
0
0
47
177
133
62
1
0
0
0
0
0
0
0
0
0
0
0
0
0
0
0
0
17
166
248
25
0
0
0
0
0
0
0
0
0
0
0
0
0
0
0
0
9
176
226
12
0
0
0
0
0
0
0
0
0
0
0
0
0
30
21
12
155
245
80
0
0
0
0
0
0
0
0
0
0
0
0
0
0
71
144
140
209
122
0
0
0
0
0
0
0
0
0
0
0
0
0
0
0
3
28
29
21
3
0
0
0
0
0
0
0
0
0
0
0
0
0
0
0
0
0
0
0
0
0
0
0
0
0
0
0
0
0
0
0
0
0
0
0
0
0
0
0
0
0
0
0
0
0
0
0
0
0
0
0