0
0
0
0
0
0
0
0
0
0
0
0
0
0
0
0
0
0
0
0
0
0
0
0
0
0
0
0
0
0
0
0
0
0
0
0
0
0
0
0
0
0
0
0
0
0
0
0
0
0
0
0
0
0
0
0
0
0
0
0
0
0
0
0
0
0
0
0
0
0
0
0
0
0
0
0
0
0
0
0
0
0
0
0
0
0
0
8
125
194
129
12
0
0
0
0
0
0
0
0
0
0
0
0
0
0
0
28
213
194
227
206
21
0
0
0
0
0
0
0
0
0
0
0
0
0
0
5
34
0
135
255
33
0
0
0
0
0
0
0
0
0
0
0
0
0
0
0
0
0
143
205
16
0
0
0
0
0
0
0
0
0
0
0
0
0
0
0
0
0
167
197
14
0
0
0
0
0
0
0
0
0
0
0
0
0
0
0
0
19
229
145
0
0
0
0
0
0
0
0
0
0
0
0
0
0
0
0
0
65
244
80
0
0
0
0
0
0
0
0
0
0
0
0
0
0
0
0
0
116
248
81
0
0
0
0
0
0
0
0
0
0
0
0
0
0
0
0
0
115
218
39
0
0
0
0
0
0
0
0
0
0
0
0
0
0
0
0
0
138
192
2
0
0
0
0
0
0
0
0
0
0
0
0
0
0
0
0
0
185
186
0
0
0
0
0
0
0
0
0
0
0
0
0
0
0
0
0
0
183
137
0
0
0
0
0
0
0
0
0
0
0
0
0
0
0
0
0
19
203
117
0
0
0
0
0
0
0
0
0
0
0
0
0
0
0
0
0
34
228
148
0
0
0
0
0
0
0
0
0
0
0
0
0
0
0
0
0
9
114
60
0
0
0
0
0
0
0
0
0
0
0
0
0
0
0
0
0
0
0
0
0
0
0
0
0
0
0
0
0