0
0
0
0
0
0
0
0
0
0
0
0
0
0
0
0
0
0
0
0
0
0
0
0
0
0
0
0
0
0
0
0
53
130
28
0
0
0
0
0
0
0
0
0
0
0
0
0
0
0
0
4
182
245
45
0
0
0
0
0
0
0
0
0
0
0
0
0
0
0
4
137
254
124
5
0
0
0
0
0
0
0
0
0
0
0
0
0
0
0
82
247
129
0
0
0
0
0
0
0
0
0
0
0
0
0
0
0
0
39
245
166
3
0
0
0
0
0
0
0
0
0
0
0
0
0
0
0
29
203
213
43
0
0
0
0
0
0
0
0
0
0
0
0
0
0
0
12
165
229
45
0
0
15
59
38
1
0
0
0
0
0
0
0
0
0
0
145
255
89
0
0
61
201
255
202
14
0
0
0
0
0
0
0
0
0
66
242
158
4
0
88
231
188
225
154
0
0
0
0
0
0
0
0
0
23
202
213
19
0
87
248
189
154
207
25
0
0
0
0
0
0
0
0
0
55
253
116
0
35
227
237
216
201
61
0
0
0
0
0
0
0
0
0
0
130
244
40
0
180
255
248
191
43
0
0
0
0
0
0
0
0
0
0
4
201
218
64
135
250
255
156
11
0
0
0
0
0
0
0
0
0
0
0
0
128
255
242
255
230
142
25
0
0
0
0
0
0
0
0
0
0
0
0
0
13
136
168
95
19
0
0
0
0
0
0
0
0
0
0
0
0
0
0
0
0
0
0
0
0
0
0
0
0
0
0
0
0
0
0
0
0
0
0
0
0
0
0
0
0
0
0
0
0
0
0
0
0
0
0
0
0
0
0
0
0
0
0
0
0
0
0
0
0
0
0
0
0
0
0
0
0
0
0
0
0
0
0
0
0
0
0
0
0
0
0
0
0
0
0