0
0
0
0
0
0
0
0
0
0
0
0
0
0
0
0
0
0
0
0
0
0
0
0
0
0
0
0
0
0
0
0
0
0
0
0
0
0
0
0
0
0
0
0
0
0
0
0
0
0
0
0
0
0
0
0
0
0
0
0
0
0
0
0
0
0
0
0
0
0
0
0
0
0
0
0
0
0
0
0
0
0
0
0
0
0
1
3
10
10
10
10
5
0
0
0
0
0
0
0
0
0
0
0
74
143
171
185
245
244
243
246
198
32
0
0
0
0
0
0
0
0
0
0
196
255
255
255
245
246
246
252
255
117
0
0
0
0
0
0
0
0
0
0
93
173
124
80
30
32
25
128
255
121
0
0
0
0
0
0
0
0
0
0
0
0
0
0
0
0
0
106
255
122
0
0
0
0
0
0
0
0
0
0
0
0
0
0
0
0
0
149
255
101
0
0
0
0
0
0
0
0
0
0
0
0
0
0
1
7
7
168
251
68
0
0
0
0
0
0
0
0
0
0
0
0
0
9
133
180
180
232
255
175
21
0
0
0
0
0
0
0
0
0
0
0
0
14
187
255
255
255
248
210
60
0
0
0
0
0
0
0
0
0
0
0
0
0
27
81
135
255
219
7
1
0
0
0
0
0
0
0
0
0
0
0
0
0
0
0
55
255
160
0
0
0
0
0
0
0
0
0
0
0
0
0
0
0
0
0
73
255
139
0
0
0
0
0
0
0
0
0
0
0
0
0
0
0
0
0
118
255
142
0
0
0
0
0
0
0
0
0
0
0
0
0
0
0
0
0
130
255
125
0
0
0
0
0
0
0
0
0
0
0
0
0
0
0
0
0
120
255
64
0
0
0
0
0
0
0
0
0
0
0
0
0
0
0
0
0
26
64
16
0
0
0
0
0
0
0