0
0
0
0
0
0
0
0
0
0
0
0
0
0
0
0
0
0
0
0
0
0
0
0
0
0
0
0
0
0
0
0
0
0
0
0
0
0
0
0
0
0
0
0
0
0
0
17
37
36
36
37
32
2
0
0
0
0
0
0
0
0
0
0
0
47
94
199
255
255
255
255
249
131
9
0
0
0
0
0
0
0
0
0
107
230
254
250
242
239
239
238
255
255
116
0
0
0
0
0
0
0
0
0
167
255
197
51
27
7
9
4
120
252
222
7
0
0
0
0
0
0
0
0
36
73
43
0
0
0
0
0
24
229
225
7
0
0
0
0
0
0
0
0
0
0
0
0
0
0
0
0
106
255
218
7
0
0
0
0
0
0
0
0
0
0
0
0
0
0
0
52
227
255
121
0
0
0
0
0
0
0
28
48
0
0
0
0
0
0
89
217
247
166
21
0
0
0
0
0
0
0
11
20
0
0
0
0
0
7
223
255
64
0
0
0
0
0
0
0
0
0
0
0
0
0
0
0
0
8
230
237
85
0
0
0
0
0
0
0
0
0
0
0
0
0
0
0
0
0
78
231
233
73
0
0
0
0
0
0
0
0
0
0
0
0
0
0
0
0
0
119
255
252
119
0
0
0
0
0
0
0
1
10
21
78
81
81
76
25
46
56
199
255
241
65
0
0
0
0
0
0
17
192
254
255
255
255
253
242
246
244
252
255
255
199
6
0
0
0
0
0
1
62
126
164
197
192
224
255
255
246
203
193
197
116
2
0
0
0
0
0
0
0
0
5
16
14
25
37
34
32
18
15
14
0
0
0
0
0
0
0
0
0
0
0
0
0
0
0
0
0
0
0
0
0
0
0
0
0
0
0
0
0
0
0
0
0
0
0
0
0
0
0
0
0
0
0
0
0