0
0
0
0
0
0
0
0
0
0
0
0
0
0
0
0
0
0
0
0
0
0
0
0
0
0
0
0
0
0
0
0
33
119
30
0
0
0
0
0
0
0
0
0
0
0
0
0
0
0
0
6
179
207
28
0
0
0
0
0
0
0
0
0
0
0
0
0
0
0
23
170
233
58
0
0
0
0
0
0
0
0
0
0
0
0
0
0
0
9
195
245
80
0
0
0
0
0
0
0
0
0
0
0
0
0
0
0
18
178
251
81
0
0
0
0
0
0
0
0
0
0
0
0
0
0
0
27
185
255
103
0
0
0
6
0
0
0
0
0
0
0
0
0
0
0
8
167
255
109
0
0
28
159
231
162
12
0
0
0
0
0
0
0
0
7
153
242
98
0
0
59
215
189
139
229
106
0
0
0
0
0
0
0
0
96
254
120
0
0
52
226
154
10
0
179
135
0
0
0
0
0
0
0
3
199
195
11
0
46
226
180
7
0
53
232
82
0
0
0
0
0
0
0
20
238
144
0
0
183
230
44
0
13
186
186
0
0
0
0
0
0
0
0
29
255
161
0
84
247
78
0
19
154
242
74
0
0
0
0
0
0
0
0
3
159
236
106
170
255
113
155
212
218
75
0
0
0
0
0
0
0
0
0
0
25
184
255
253
255
255
252
184
51
0
0
0
0
0
0
0
0
0
0
0
0
12
93
157
184
119
49
1
0
0
0
0
0
0
0
0
0
0
0
0
0
0
0
0
0
0
0
0
0
0
0
0
0
0
0
0
0
0
0
0
0
0
0
0
0
0
0
0
0
0
0
0
0
0
0
0
0
0
0
0
0
0
0
0
0
0
0
0
0
0
0
0
0
0
0
0
0
0
0
0
0
0
0
0
0
0
0
0
0
0
0
0
0
0
0