0
0
0
0
0
0
0
0
0
0
0
0
0
0
0
0
0
0
0
0
0
0
0
0
0
0
0
0
0
0
0
0
0
0
0
0
0
0
0
0
0
0
0
0
0
0
0
0
0
0
0
4
37
23
0
0
0
0
0
0
0
0
0
0
0
0
0
0
0
0
29
157
237
157
0
0
0
0
0
0
0
0
0
0
0
0
0
0
0
37
192
170
54
47
0
0
0
0
0
0
0
0
0
0
0
0
0
0
15
185
178
12
0
0
0
0
0
0
0
0
0
0
0
0
0
0
0
0
101
222
37
0
0
0
0
0
0
0
0
0
0
0
0
0
0
0
0
27
220
145
0
0
0
0
0
0
0
0
0
0
0
0
0
0
0
0
0
134
232
46
0
0
0
0
0
0
0
0
0
0
0
0
0
0
0
0
0
193
187
5
31
135
191
188
92
0
0
0
0
0
0
0
0
0
0
0
14
227
131
70
226
195
144
148
227
97
0
0
0
0
0
0
0
0
0
0
52
229
179
219
130
8
0
0
202
161
0
0
0
0
0
0
0
0
0
0
59
239
253
126
0
0
11
130
236
51
0
0
0
0
0
0
0
0
0
0
22
217
224
57
39
101
204
223
91
0
0
0
0
0
0
0
0
0
0
0
0
169
255
218
220
224
142
41
0
0
0
0
0
0
0
0
0
0
0
0
0
153
132
98
82
22
0
0
0
0
0
0
0
0
0
0
0
0
0
0
0
149
50
0
0
0
0
0
0
0
0
0
0
0
0
0
0
0
0
0
0
21
7
0
0
0
0
0
0
0
0
0
0
0
0
0
0
0
0
0
0
0
0
0
0
0
0
0
0
0
0
0
0
0
0
0
0
0
0
0
0
0
0
0
0
0
0
0
0
0
0
0
0
0