0
0
0
0
0
0
0
0
0
0
0
0
0
0
0
0
0
0
0
0
0
0
0
0
0
0
0
0
0
0
0
0
0
0
0
0
0
0
0
0
0
0
0
0
0
0
0
0
0
0
0
0
0
0
0
0
0
0
0
0
0
0
0
0
0
0
0
0
0
0
0
43
104
35
0
0
0
0
0
0
0
0
0
0
0
0
0
0
0
0
0
106
255
124
0
0
0
0
0
0
0
0
0
0
0
0
0
0
0
0
42
210
254
103
0
0
0
0
0
0
0
0
0
0
0
0
0
0
0
0
131
255
201
6
0
0
0
0
0
0
0
0
0
0
0
0
0
0
0
3
194
255
149
0
0
0
0
0
0
0
0
0
0
0
0
0
0
0
0
44
234
235
48
0
0
0
0
0
0
0
0
0
0
0
0
0
0
0
0
143
255
167
4
0
0
0
0
0
0
0
0
0
0
0
0
0
0
0
21
211
237
66
0
0
0
0
0
0
0
0
0
0
0
0
0
0
0
0
91
247
165
0
0
0
0
0
0
0
0
0
0
0
0
0
0
0
0
35
213
255
117
0
0
0
0
0
0
0
0
0
0
0
0
0
0
0
0
147
255
199
24
0
0
0
0
0
0
0
0
0
0
0
0
0
0
0
0
193
255
116
0
0
0
0
0
0
0
0
0
0
0
0
0
0
0
0
29
222
249
82
0
0
0
0
0
0
0
0
0
0
0
0
0
0
0
0
100
255
139
0
0
0
0
0
0
0
0
0
0
0
0
0
0
0
0
0
85
202
52
0
0
0
0
0
0
0
0
0
0
0
0
0
0
0
0
0
0
0
0
0
0
0
0
0
0
0
0
0
0
0
0
0
0
0
0
0
0
0
0
0
0
0
0
0
0
0
0
0
0
0