0
0
0
0
0
0
0
0
0
0
0
0
0
0
0
0
0
0
0
0
0
0
0
0
0
0
0
0
0
0
0
0
0
0
0
0
0
0
0
0
0
0
0
0
0
0
0
0
0
0
0
0
0
0
0
0
0
0
0
0
0
0
0
0
0
0
0
0
0
0
0
0
0
0
0
0
0
0
0
0
0
0
0
0
0
0
0
0
0
1
3
0
0
0
0
0
0
0
0
0
0
0
0
0
6
37
66
117
164
171
192
155
70
0
0
0
0
0
0
0
0
0
0
0
58
201
233
247
244
212
194
250
245
95
0
0
0
0
0
0
0
0
0
0
22
48
30
29
29
19
12
43
212
224
37
0
0
0
0
0
0
0
0
0
0
0
0
0
0
0
0
0
91
233
44
0
0
0
0
0
0
0
0
0
0
0
0
0
0
0
0
0
136
194
18
0
0
0
0
0
0
0
0
0
0
0
0
0
0
0
0
18
204
117
0
0
0
0
0
0
0
0
0
0
0
0
0
0
0
0
0
80
234
64
0
0
0
0
0
0
0
0
0
0
0
0
0
0
0
0
0
140
142
0
0
0
0
0
0
0
0
0
0
0
0
0
0
0
0
0
43
219
76
0
0
0
0
0
0
0
0
0
0
0
0
0
0
0
0
0
166
190
17
0
0
0
0
0
0
0
0
0
0
0
0
0
0
0
0
74
244
79
0
0
0
0
0
0
0
0
0
0
0
0
0
0
0
0
0
184
177
6
0
0
0
0
0
0
0
0
0
0
0
0
0
0
0
0
36
216
96
0
0
0
0
0
0
0
0
0
0
0
0
0
0
0
0
0
78
248
72
0
0
0
0
0
0
0
0
0
0
0
0
0
0
0
0
0
21
65
12
0
0
0
0
0
0
0
0
0