0
0
0
0
0
0
0
0
0
0
0
0
0
0
0
0
0
0
0
0
0
0
0
0
0
0
0
0
0
0
0
0
0
0
0
0
0
0
0
0
0
0
0
0
0
0
0
0
13
38
11
0
25
35
2
0
0
0
0
0
0
0
0
0
0
0
0
21
185
255
185
125
226
254
155
55
0
0
0
0
0
0
0
0
0
0
25
173
255
251
211
214
255
255
255
196
26
0
0
0
0
0
0
0
0
0
92
251
254
255
108
28
177
237
255
215
31
0
0
0
0
0
0
0
0
0
91
247
255
228
60
0
15
90
237
238
84
0
0
0
0
0
0
0
0
19
183
255
227
69
0
0
0
12
199
255
147
0
0
0
0
0
0
0
2
99
236
255
135
0
0
0
0
14
199
255
146
0
0
0
0
0
0
0
45
232
255
255
137
0
0
0
0
15
200
255
146
0
0
0
0
0
0
0
57
250
255
240
51
0
0
0
0
15
199
255
151
0
0
0
0
0
0
0
55
247
255
149
0
0
0
0
0
10
201
246
93
0
0
0
0
0
0
0
55
247
255
70
0
0
0
0
59
213
249
216
33
0
0
0
0
0
0
0
55
247
255
158
31
30
26
71
225
255
255
202
29
0
0
0
0
0
0
0
57
253
255
252
212
210
209
231
255
249
178
78
2
0
0
0
0
0
0
0
43
207
249
254
255
255
255
255
224
137
10
0
0
0
0
0
0
0
0
0
2
27
155
255
255
255
181
125
48
5
0
0
0
0
0
0
0
0
0
0
0
0
9
35
36
36
11
0
0
0
0
0
0
0
0
0
0
0
0
0
0
0
0
0
0
0
0
0
0
0
0
0
0
0
0
0
0
0
0
0
0
0
0
0
0
0
0
0
0
0
0
0
0
0
0
0