0
0
0
0
0
0
0
0
0
0
0
0
0
0
0
0
0
0
0
0
0
0
0
0
0
0
0
0
0
0
0
0
0
0
0
0
0
0
0
0
0
0
0
0
0
0
0
0
0
0
0
0
0
0
0
0
0
0
0
0
0
0
0
0
0
14
58
50
67
112
111
79
0
0
0
0
0
0
0
0
0
0
0
0
2
154
237
233
240
255
255
243
100
0
0
0
0
0
0
0
0
0
0
0
48
249
236
188
135
147
170
244
251
96
0
0
0
0
0
0
0
0
0
0
54
232
90
0
0
0
0
103
249
212
32
0
0
0
0
0
0
0
0
0
9
89
23
0
0
0
0
0
155
254
73
0
0
0
0
0
0
0
0
0
0
0
12
56
62
63
79
34
116
248
67
0
0
0
0
0
0
0
0
0
0
34
177
233
238
242
250
218
221
250
80
0
0
0
0
0
0
0
0
0
2
173
255
255
221
192
209
255
255
255
105
0
0
0
0
0
0
0
0
0
5
206
252
121
37
0
18
159
255
255
181
15
0
0
0
0
0
0
0
0
0
147
255
58
0
0
5
151
254
243
254
168
13
0
0
0
0
0
0
0
0
120
255
136
25
12
145
255
248
88
150
248
72
0
0
0
0
0
0
0
0
40
216
255
211
203
255
244
142
0
74
255
123
0
0
0
0
0
0
0
0
0
67
193
255
255
190
61
2
0
50
255
149
0
0
0
0
0
0
0
0
0
0
14
86
87
30
0
0
0
2
208
154
0
0
0
0
0
0
0
0
0
0
0
0
0
0
0
0
0
0
89
115
0
0
0
0
0
0
0
0
0
0
0
0
0
0
0
0
0
0
0
0
0
0
0
0
0
0
0
0
0
0
0
0
0
0
0
0
0
0
0
0
0
0
0