0
0
0
0
0
0
0
0
0
0
0
0
0
0
0
0
0
0
0
0
0
0
0
0
0
0
0
0
0
0
0
0
0
0
0
0
0
0
0
0
0
0
0
0
0
0
0
0
0
0
0
0
0
0
0
0
0
0
0
0
0
0
0
0
0
0
0
0
33
92
111
86
33
11
0
0
0
0
0
0
0
0
0
0
0
0
2
96
215
255
255
255
218
197
92
5
0
0
0
0
0
0
0
0
0
0
126
254
255
255
246
224
234
255
254
120
0
0
0
0
0
0
0
0
0
49
230
254
170
197
106
44
46
151
255
208
17
0
0
0
0
0
0
0
0
77
252
236
44
7
0
0
3
148
255
187
11
0
0
0
0
0
0
0
0
23
202
255
178
34
0
19
166
255
224
54
0
0
0
0
0
0
0
0
0
0
101
246
255
215
131
184
255
239
93
0
0
0
0
0
0
0
0
0
0
0
0
85
219
255
255
255
245
84
0
0
0
0
0
0
0
0
0
0
0
0
0
50
201
255
255
255
253
162
26
0
0
0
0
0
0
0
0
0
0
0
115
239
255
224
90
86
219
255
181
4
0
0
0
0
0
0
0
0
0
37
221
255
153
24
0
0
32
207
255
68
0
0
0
0
0
0
0
0
0
52
243
241
70
0
0
0
28
191
255
71
0
0
0
0
0
0
0
0
0
14
170
255
242
167
98
119
221
255
230
29
0
0
0
0
0
0
0
0
0
0
36
171
252
255
255
255
255
229
90
0
0
0
0
0
0
0
0
0
0
0
0
8
41
131
204
221
144
36
0
0
0
0
0
0
0
0
0
0
0
0
0
0
0
0
0
0
0
0
0
0
0
0
0
0
0
0
0
0
0
0
0
0
0
0
0
0
0
0
0
0
0
0
0
0