0
0
0
0
0
0
0
0
0
0
0
0
0
0
0
0
0
0
0
0
0
0
0
0
0
0
0
0
0
0
0
0
0
0
0
0
0
0
0
0
0
0
0
0
0
0
16
154
232
190
89
1
0
0
0
0
0
0
0
0
0
0
0
0
0
23
171
220
173
203
251
84
0
0
0
0
0
0
0
0
0
0
0
0
0
18
78
40
2
23
189
224
42
0
0
0
0
0
0
0
0
0
0
0
0
0
0
0
0
0
59
238
129
0
0
0
0
0
0
0
0
0
0
0
0
0
0
0
0
0
21
200
180
0
0
0
0
0
0
0
0
0
0
0
0
0
0
0
0
0
2
174
221
14
0
0
0
0
0
0
0
0
0
0
0
0
0
0
0
0
48
207
185
0
0
0
0
0
0
0
0
0
0
0
0
0
0
0
0
0
82
253
134
0
0
0
0
0
0
0
0
0
0
0
0
0
0
1
67
124
202
255
160
34
0
0
0
0
0
0
0
0
0
0
0
0
0
86
222
197
242
231
227
216
136
10
0
0
0
0
0
0
0
0
0
0
87
228
100
90
255
137
27
161
255
114
0
0
0
0
0
0
0
0
0
30
214
149
36
201
223
50
0
0
161
219
30
0
0
0
0
0
0
0
0
58
250
167
193
235
77
0
0
0
26
212
84
0
0
0
0
0
0
0
0
30
203
255
200
78
0
0
0
0
0
153
132
0
0
0
0
0
0
0
0
0
46
92
20
0
0
0
0
0
0
15
25
0
0
0
0
0
0
0
0
0
0
0
0
0
0
0
0
0
0
0
0
0
0
0
0
0
0
0
0
0
0
0
0
0
0
0
0
0
0
0
0
0
0
0
0
0
0
0
0
0
0
0
0
0
0
0
0
0
0
0
0
0
0
0