0
0
0
0
0
0
0
0
0
0
0
0
0
0
0
0
0
0
0
0
0
0
0
0
0
0
0
0
0
0
0
0
0
0
0
0
0
0
0
0
0
0
0
0
0
0
0
0
0
0
0
0
0
0
0
0
0
0
0
0
0
0
0
0
0
0
0
0
0
25
89
113
70
0
0
0
0
0
0
0
0
0
0
0
0
0
0
0
50
194
254
255
243
183
87
0
0
0
0
0
0
0
0
0
0
0
0
71
234
233
92
47
134
215
240
67
0
0
0
0
0
0
0
0
0
0
54
232
212
59
0
0
0
19
203
198
6
0
0
0
0
0
0
0
0
3
163
253
66
0
0
0
0
25
179
213
20
0
0
0
0
0
0
0
0
0
94
238
173
58
9
16
103
236
255
213
53
0
0
0
0
0
0
0
0
0
4
61
195
232
192
194
253
225
123
49
19
0
0
0
0
0
0
0
0
0
0
0
54
220
255
255
240
61
0
0
0
0
0
0
0
0
0
0
0
0
0
69
220
246
139
140
238
82
0
0
0
0
0
0
0
0
0
0
0
0
89
243
221
62
0
24
231
125
0
0
0
0
0
0
0
0
0
0
0
55
229
238
51
0
0
96
250
110
0
0
0
0
0
0
0
0
0
0
5
181
253
90
0
0
23
203
231
38
0
0
0
0
0
0
0
0
0
0
31
251
209
32
7
51
173
255
95
0
0
0
0
0
0
0
0
0
0
0
5
153
248
204
184
248
231
94
0
0
0
0
0
0
0
0
0
0
0
0
0
8
87
165
209
159
34
0
0
0
0
0
0
0
0
0
0
0
0
0
0
0
0
0
0
0
0
0
0
0
0
0
0
0
0
0
0
0
0
0
0
0
0
0
0
0
0
0
0
0
0
0
0
0
0
0