0
0
0
0
0
0
0
0
0
0
0
0
0
0
0
0
0
0
0
0
0
0
0
0
0
0
0
0
0
0
0
0
0
0
0
0
0
0
0
0
0
0
0
0
0
0
0
0
0
0
0
3
6
31
20
0
0
0
0
0
0
0
0
0
0
0
0
0
11
83
117
159
166
243
212
97
1
0
0
0
0
0
0
0
0
0
0
44
155
244
251
255
255
254
255
250
79
0
0
0
0
0
0
0
0
0
0
125
255
255
253
252
255
255
251
255
137
0
0
0
0
0
0
0
0
0
10
147
255
252
252
255
214
198
255
255
230
47
0
0
0
0
0
0
0
0
135
255
253
254
255
216
39
7
135
254
255
198
0
0
0
0
0
0
0
118
226
255
253
253
197
49
0
0
20
244
255
222
0
0
0
0
0
0
14
254
255
252
255
143
23
0
0
16
109
250
255
158
0
0
0
0
0
7
160
255
253
253
240
53
0
0
0
100
255
253
254
83
0
0
0
0
0
75
245
255
255
231
54
4
0
0
1
165
255
255
157
9
0
0
0
0
0
112
255
252
255
142
0
0
0
24
149
243
254
255
89
0
0
0
0
0
0
109
255
252
254
193
131
68
98
234
255
255
255
84
7
0
0
0
0
0
0
106
255
254
252
255
255
239
244
255
255
250
135
0
0
0
0
0
0
0
0
24
129
249
255
255
255
255
255
255
250
157
0
0
0
0
0
0
0
0
0
0
0
110
161
157
157
157
157
159
84
35
0
0
0
0
0
0
0
0
0
0
0
0
3
3
3
3
3
3
0
0
0
0
0
0
0
0
0
0
0
0
0
0
0
0
0
0
0
0
0
0
0
0
0
0
0
0
0
0
0
0
0
0
0
0
0
0
0
0
0
0
0
0
0
0
0
0