0
0
0
0
0
0
0
0
0
0
0
0
0
0
0
0
0
0
0
0
0
0
0
0
0
0
0
0
0
0
0
0
0
0
0
0
0
0
0
0
0
0
0
0
0
0
0
0
0
0
0
0
0
0
0
0
0
0
0
0
0
0
0
0
0
0
0
0
54
111
108
110
92
3
0
0
0
0
0
0
0
0
0
0
0
0
6
71
221
255
255
255
255
161
41
0
0
0
0
0
0
0
0
0
0
16
161
247
255
230
176
216
253
255
203
37
0
0
0
0
0
0
0
0
19
154
248
255
231
85
0
54
224
255
255
199
40
0
0
0
0
0
0
0
118
255
255
231
83
0
0
0
131
243
240
255
164
21
0
0
0
0
0
54
221
255
254
106
0
0
0
0
8
64
86
246
255
124
0
0
0
0
0
111
255
255
171
13
0
0
0
0
0
0
25
244
255
198
0
0
0
0
0
108
255
255
112
0
0
0
0
0
0
0
29
244
255
223
0
0
0
0
0
109
255
252
100
0
0
0
0
0
0
0
40
246
255
166
0
0
0
0
0
107
255
255
142
0
0
0
0
0
0
7
144
254
255
105
0
0
0
0
0
40
209
255
245
116
9
0
0
0
0
124
255
255
197
39
0
0
0
0
0
0
96
253
255
254
135
19
0
1
94
220
255
242
76
0
0
0
0
0
0
0
12
124
229
255
255
230
162
171
243
255
241
119
18
0
0
0
0
0
0
0
0
2
48
121
213
255
255
255
254
224
109
0
0
0
0
0
0
0
0
0
0
0
0
0
30
97
111
111
94
23
1
0
0
0
0
0
0
0
0
0
0
0
0
0
0
0
0
0
0
0
0
0
0
0
0
0
0
0
0
0
0
0
0
0
0
0
0
0
0
0
0
0
0
0
0
0