0
0
0
0
0
0
0
0
0
0
0
0
0
0
0
0
0
0
0
0
0
0
0
0
0
0
0
0
0
0
0
0
0
0
0
0
0
0
0
0
0
0
0
0
0
0
0
0
0
0
0
0
0
0
0
0
0
0
0
0
0
0
0
0
0
0
0
0
0
0
0
0
0
0
0
0
0
0
0
0
0
0
0
0
0
0
0
0
0
12
56
82
86
128
107
67
22
8
0
0
0
0
0
0
0
0
0
0
18
202
245
212
200
182
170
183
191
145
42
0
0
0
0
0
0
0
0
11
171
217
79
33
18
0
0
4
22
48
28
0
0
0
0
0
0
0
0
136
232
56
0
0
0
0
0
0
0
0
0
0
0
0
0
0
0
0
98
233
72
0
0
0
0
0
0
0
0
0
0
0
0
0
0
0
0
56
252
211
127
161
158
159
130
61
3
0
0
0
0
0
0
0
0
0
0
49
203
197
196
168
156
157
159
210
161
6
0
0
0
0
0
0
0
0
0
0
19
10
4
0
0
0
0
91
243
35
0
0
0
0
0
0
0
0
0
0
0
0
0
12
22
11
14
156
207
12
0
0
0
0
0
0
0
0
66
109
125
124
155
189
217
186
206
221
56
0
0
0
0
0
0
0
0
0
114
232
255
255
255
255
230
194
136
45
0
0
0
0
0
0
0
0
0
0
1
11
31
71
78
42
12
3
0
0
0
0
0
0
0
0
0
0
0
0
0
0
0
0
0
0
0
0
0
0
0
0
0
0
0
0
0
0
0
0
0
0
0
0
0
0
0
0
0
0
0
0
0
0
0
0
0
0
0
0
0
0
0
0
0
0
0
0
0
0
0
0
0
0
0
0
0
0
0
0
0
0
0
0
0
0
0
0
0
0
0
0
0
0
0
0