0
0
0
0
0
0
0
0
0
0
0
0
0
0
0
0
0
0
0
0
0
0
0
0
0
0
0
0
0
0
0
0
0
0
0
0
0
0
0
0
0
0
0
0
0
0
0
0
0
0
10
105
188
18
0
0
0
0
0
0
0
0
0
0
0
0
0
0
0
5
183
251
255
215
71
0
0
0
0
0
0
0
0
0
0
0
0
0
0
119
254
255
252
255
209
33
0
0
0
0
0
0
0
0
0
0
0
0
86
239
255
215
103
199
255
71
0
0
0
0
0
0
0
0
0
0
0
14
197
255
215
53
0
173
235
36
0
0
0
0
0
0
0
0
0
0
0
3
114
179
52
0
56
238
175
0
0
0
0
0
0
0
0
0
0
0
0
0
0
0
0
0
179
255
108
0
0
0
0
0
0
0
0
0
0
0
0
0
0
0
0
100
253
236
59
0
0
0
0
0
0
0
0
0
0
18
53
62
117
98
88
236
255
126
0
0
0
0
0
0
0
0
0
0
19
187
242
193
248
253
240
255
231
41
0
0
0
0
0
0
0
0
0
38
183
245
125
18
153
255
255
255
230
34
0
0
0
0
0
0
0
0
0
113
252
116
39
115
242
255
206
230
249
139
19
0
0
0
0
0
0
0
4
161
252
162
200
255
248
171
29
99
248
255
98
0
0
0
0
0
0
0
1
152
255
255
255
233
110
2
0
0
112
158
46
0
0
0
0
0
0
0
0
47
107
108
109
56
1
0
0
0
0
0
0
0
0
0
0
0
0
0
0
0
0
0
0
0
0
0
0
0
0
0
0
0
0
0
0
0
0
0
0
0
0
0
0
0
0
0
0
0
0
0
0
0
0
0
0
0
0
0
0
0
0
0
0
0
0
0
0
0
0
0
0
0
0
0
0
0