0
0
0
0
0
0
0
0
0
0
0
0
0
0
0
0
0
0
0
0
0
0
0
0
0
0
0
0
0
0
0
0
0
0
0
0
0
0
0
0
0
0
0
0
0
0
0
0
0
0
0
0
0
0
0
0
0
0
0
0
0
0
0
0
0
0
0
0
0
0
0
0
0
0
0
0
0
0
0
0
0
0
0
0
0
0
0
0
0
0
0
5
9
5
3
0
0
0
0
0
0
0
2
12
1
0
0
0
2
63
159
217
250
211
190
106
4
0
0
0
0
0
13
96
24
0
0
1
127
248
213
137
104
159
255
255
118
0
0
0
0
0
13
146
50
0
0
116
245
137
17
0
4
182
232
192
121
1
0
0
0
0
16
116
28
0
0
175
206
12
0
9
161
254
96
0
0
0
0
0
0
0
7
33
2
0
0
71
235
192
129
179
255
151
1
0
0
0
0
0
0
0
0
0
0
0
0
0
80
189
252
255
181
9
0
0
0
0
0
0
0
0
0
0
0
0
0
0
0
10
242
221
39
0
0
0
0
0
0
0
0
0
0
0
0
0
0
0
0
100
255
110
0
0
0
0
0
0
0
0
0
0
0
0
0
0
0
0
25
213
210
26
0
0
0
0
0
0
0
0
0
0
0
0
0
0
0
0
129
255
88
0
0
0
0
0
0
0
0
0
0
0
0
0
0
0
0
16
206
208
3
0
0
0
0
0
0
0
0
0
0
0
0
0
0
0
0
69
255
109
0
0
0
0
0
0
0
0
0
0
0
0
0
0
0
0
0
167
228
39
0
0
0
0
0
0
0
0
0
0
0
0
0
0
0
0
57
255
152
0
0
0
0
0
0
0
0
0
0
0
0
0
0
0
0
0
27
69
27
0
0
0
0
0
0
0
0
0
0
0