0
0
0
0
0
0
0
0
0
0
0
0
0
0
0
0
0
0
0
0
0
0
0
0
0
0
0
0
0
0
0
0
0
0
0
0
0
0
0
0
0
0
0
0
0
0
0
0
0
0
0
0
0
0
0
0
0
0
0
0
0
0
0
0
0
0
0
0
0
0
0
0
0
0
0
2
87
100
4
0
0
0
0
0
0
0
0
0
0
0
9
8
0
0
15
154
195
90
1
0
0
0
0
0
0
0
0
0
18
80
119
28
0
9
167
221
63
0
0
0
0
0
0
0
0
0
0
18
177
244
59
0
0
120
253
74
0
0
0
0
0
0
0
0
0
0
58
205
217
60
0
0
67
240
175
1
0
0
0
0
0
0
0
0
0
63
223
196
49
0
0
5
160
243
53
0
0
0
0
0
0
0
0
0
23
213
187
23
0
0
0
101
244
128
0
0
0
0
0
0
0
0
0
0
59
241
117
63
61
37
93
234
240
91
97
26
0
0
0
0
0
0
0
0
39
212
255
255
255
225
255
255
250
187
115
5
0
0
0
0
0
0
0
0
2
20
57
89
78
142
250
214
109
20
0
0
0
0
0
0
0
0
0
0
0
0
0
0
0
164
218
29
0
0
0
0
0
0
0
0
0
0
0
0
0
0
0
0
108
251
130
0
0
0
0
0
0
0
0
0
0
0
0
0
0
0
0
14
188
205
11
0
0
0
0
0
0
0
0
0
0
0
0
0
0
0
0
81
255
110
0
0
0
0
0
0
0
0
0
0
0
0
0
0
0
0
0
70
161
20
0
0
0
0
0
0
0
0
0
0
0
0
0
0
0
0
0
0
0
0
0
0
0
0
0
0
0
0
0
0
0
0
0
0
0
0
0
0
0
0
0
0
0
0
0
0
0
0
0
0