0
0
0
0
0
0
0
0
0
0
0
0
0
0
0
0
0
0
0
0
0
0
0
0
0
0
0
0
0
0
0
0
0
0
0
0
0
0
0
0
0
0
0
0
0
0
0
0
0
9
169
107
0
0
0
0
0
0
0
0
0
0
0
0
0
0
0
0
0
116
253
89
0
0
0
0
0
0
0
0
0
0
0
0
0
0
0
0
55
235
193
9
0
0
0
0
0
0
0
0
0
0
0
0
0
0
0
16
201
255
72
0
0
0
0
0
0
0
0
0
0
0
0
0
0
0
0
114
255
162
0
0
0
0
0
0
0
0
0
0
0
0
0
0
0
0
17
219
241
56
0
0
0
0
0
0
0
0
0
0
0
0
0
0
0
0
92
250
114
0
0
0
20
34
0
0
0
0
0
0
0
0
0
0
0
0
140
237
33
0
7
110
207
221
109
0
0
0
0
0
0
0
0
0
0
23
204
209
0
26
175
255
255
255
232
24
0
0
0
0
0
0
0
0
0
39
226
217
11
163
255
165
75
162
250
52
0
0
0
0
0
0
0
0
0
0
164
244
120
232
203
34
35
195
221
18
0
0
0
0
0
0
0
0
0
0
73
245
255
255
201
177
248
201
44
0
0
0
0
0
0
0
0
0
0
0
0
97
234
254
245
221
129
20
0
0
0
0
0
0
0
0
0
0
0
0
0
0
162
255
72
4
0
0
0
0
0
0
0
0
0
0
0
0
0
0
0
0
38
111
61
0
0
0
0
0
0
0
0
0
0
0
0
0
0
0
0
0
0
0
0
0
0
0
0
0
0
0
0
0
0
0
0
0
0
0
0
0
0
0
0
0
0
0
0
0
0
0
0
0
0
0
0
0
0
0
0
0
0
0
0
0
0
0
0
0
0
0
0
0