0
0
0
0
0
0
0
0
0
0
0
0
0
0
0
0
0
0
0
0
0
0
0
0
0
0
0
0
0
0
0
0
0
0
0
0
0
0
0
0
0
0
0
0
0
0
0
0
0
0
0
0
0
0
0
0
0
0
0
0
0
0
0
0
0
0
0
0
0
0
0
0
0
0
0
0
0
0
0
0
0
0
0
0
0
0
0
0
0
0
0
0
0
0
0
0
0
0
0
0
0
0
0
0
0
0
9
6
31
71
71
70
72
60
17
6
1
0
0
0
0
0
0
0
38
124
179
172
208
255
255
255
255
249
191
154
33
0
0
0
0
0
0
101
221
253
255
255
255
253
255
253
252
254
255
255
119
0
0
0
0
0
0
152
255
255
255
255
255
255
231
255
255
253
252
255
152
0
0
0
0
0
0
135
230
106
101
101
102
98
65
96
119
249
255
242
90
0
0
0
0
0
0
5
7
0
0
0
0
0
0
0
42
249
255
218
39
0
0
0
0
0
0
0
0
0
0
0
0
0
0
27
179
255
247
92
3
0
0
0
0
0
0
0
0
0
0
0
0
0
29
188
255
238
96
0
0
0
0
0
0
0
0
0
0
0
0
0
0
29
185
255
248
92
0
0
0
0
0
0
0
0
0
0
0
0
0
1
64
187
255
240
153
0
0
0
0
0
0
0
0
0
0
0
0
0
0
107
240
255
239
95
0
0
0
0
0
0
0
0
0
0
0
0
0
0
77
247
255
240
95
0
0
0
0
0
0
0
0
0
0
0
0
0
0
15
182
255
181
65
0
0
0
0
0
0
0
0
0
0
0
0
0
0
0
50
226
196
19
0
0
0
0
0
0
0
0
0
0
0
0
0
0
0
0
111
255
153
0
0
0
0
0
0
0
0
0
0
0
0