0
0
0
0
0
0
0
0
0
0
0
0
0
0
0
0
0
0
0
0
0
0
0
0
0
0
0
0
0
0
0
0
0
0
0
0
0
0
0
0
0
0
0
0
0
0
0
0
0
0
0
0
0
0
0
0
0
0
0
0
0
0
0
0
0
0
0
0
0
0
0
0
0
0
56
98
21
0
0
0
0
0
0
0
0
0
0
0
0
0
0
0
0
101
243
244
51
0
0
0
0
0
0
0
0
56
142
24
0
0
0
0
24
210
255
165
13
0
0
0
0
0
0
0
0
141
255
113
0
0
0
0
162
255
223
19
0
0
0
0
0
0
0
0
19
235
255
85
0
0
0
1
227
255
89
0
0
0
0
0
0
0
0
0
114
255
229
24
0
0
0
102
255
243
50
0
0
0
0
0
0
0
0
14
191
255
172
0
0
0
0
173
255
180
14
7
4
0
0
0
0
0
0
106
255
255
152
62
71
66
106
240
255
211
186
255
104
0
0
0
0
0
0
111
255
255
255
255
255
255
255
255
255
255
255
255
111
0
0
0
0
0
0
98
251
243
243
243
243
243
254
255
255
225
214
76
12
0
0
0
0
0
0
12
61
72
70
70
69
77
247
255
190
11
0
0
0
0
0
0
0
0
0
0
0
0
0
0
0
7
245
255
54
0
0
0
0
0
0
0
0
0
0
0
0
0
0
0
0
93
254
255
48
0
0
0
0
0
0
0
0
0
0
0
0
0
0
0
0
99
255
255
58
0
0
0
0
0
0
0
0
0
0
0
0
0
0
0
0
22
205
94
0
0
0
0
0
0
0
0
0
0
0
0
0
0
0
0
0
0
0
0
0
0
0
0
0
0
0
0
0
0
0
0
0
0
0
0
0
0
0
0
0
0
0
0
0
0
0
0