0
0
0
0
0
0
0
0
0
0
0
0
0
0
0
0
0
0
0
0
0
0
0
0
0
0
0
0
0
0
0
0
0
0
0
0
0
0
0
0
0
0
0
0
0
0
0
0
0
0
0
0
0
0
0
0
0
0
0
0
0
0
0
0
0
0
0
0
0
0
0
0
0
0
0
0
0
0
0
0
0
0
0
0
0
0
0
0
0
0
0
5
4
0
0
0
0
0
0
0
0
0
0
0
1
27
22
28
56
95
158
197
191
32
0
0
0
0
0
0
0
0
0
0
6
183
204
212
236
220
152
105
238
119
0
0
0
0
0
0
0
0
0
0
0
57
116
97
38
20
0
6
217
93
0
0
0
0
0
0
0
0
0
0
0
0
0
0
0
0
0
82
214
31
0
0
0
0
0
0
0
0
0
0
0
0
0
0
0
0
0
149
212
0
0
0
0
0
0
0
0
0
0
0
0
0
0
0
0
0
22
203
156
0
0
0
0
0
0
0
0
0
0
0
0
0
0
0
0
0
78
255
67
0
0
0
0
0
0
0
0
0
0
0
0
0
0
0
0
0
159
232
26
0
0
0
0
0
0
0
0
0
0
0
0
0
0
0
0
36
247
114
0
0
0
0
0
0
0
0
0
0
0
0
0
0
0
0
0
142
213
30
0
0
0
0
0
0
0
0
0
0
0
0
0
0
0
0
43
223
129
0
0
0
0
0
0
0
0
0
0
0
0
0
0
0
0
0
138
234
18
0
0
0
0
0
0
0
0
0
0
0
0
0
0
0
0
44
245
169
0
0
0
0
0
0
0
0
0
0
0
0
0
0
0
0
0
82
246
49
0
0
0
0
0
0
0
0
0
0
0
0
0
0
0
0
0
22
55
5
0
0
0
0
0
0
0
0
0
0