0
0
0
0
0
0
0
0
0
0
0
0
0
0
0
0
0
0
0
0
0
0
0
0
0
0
0
0
0
0
0
0
0
0
0
0
0
0
0
0
0
0
0
0
0
0
0
0
0
0
0
0
0
0
0
0
0
0
0
0
0
0
0
0
0
0
0
0
0
0
0
0
0
0
0
0
0
0
0
0
0
0
0
0
0
0
0
0
5
74
159
52
0
0
0
0
0
0
0
0
0
0
0
0
0
0
0
40
188
255
255
247
136
55
2
0
0
0
0
0
0
0
0
0
0
0
18
198
252
128
88
193
255
209
27
0
0
0
0
0
0
0
0
0
0
0
115
254
113
0
0
132
255
176
7
0
0
0
0
0
0
0
0
0
0
22
202
234
17
0
6
175
255
94
0
0
0
0
0
0
0
0
0
0
0
34
219
172
0
0
121
255
215
2
0
0
0
0
0
0
0
0
0
0
0
34
219
149
9
80
240
255
167
0
0
0
0
0
0
0
0
0
0
0
0
23
201
251
192
250
253
255
136
0
0
0
0
0
0
0
0
0
0
0
0
0
63
196
181
110
137
255
102
0
0
0
0
0
0
0
0
0
0
0
0
0
0
0
0
0
147
255
72
0
0
0
0
0
0
0
0
0
0
0
0
0
0
0
0
1
168
255
36
0
0
0
0
0
0
0
0
0
0
0
0
0
0
0
0
6
218
225
22
0
0
0
0
0
0
0
0
0
0
0
0
0
0
0
0
7
223
221
46
0
0
0
0
0
0
0
0
0
0
0
0
0
0
0
0
4
196
255
147
0
0
0
0
0
0
0
0
0
0
0
0
0
0
0
0
0
58
136
21
0
0
0
0
0
0
0
0
0
0
0
0
0
0
0
0
0
0
0
0
0
0
0
0
0
0
0