0
0
0
0
0
0
0
0
0
0
0
0
0
0
0
0
0
0
0
0
0
0
0
0
0
0
0
0
0
0
0
0
0
0
0
0
0
0
0
0
0
0
0
0
0
0
0
0
0
0
0
0
0
0
0
0
0
0
0
0
0
0
0
0
0
0
0
0
0
0
0
0
0
0
0
0
0
0
0
0
0
0
0
0
0
0
0
0
0
0
0
0
0
0
0
7
1
0
0
0
0
0
0
0
0
0
0
0
0
0
0
0
12
61
157
225
178
98
0
0
0
0
0
0
0
0
0
0
0
0
108
169
188
248
255
200
171
88
0
0
0
0
0
0
0
0
0
0
0
95
240
233
185
103
51
16
4
0
0
0
0
0
0
0
0
0
0
0
38
220
231
63
0
0
0
0
0
0
0
0
0
0
0
0
0
0
0
16
171
255
251
221
39
0
0
0
0
0
0
0
0
0
0
0
0
0
4
155
255
171
167
255
60
0
0
0
0
0
0
0
0
0
0
0
0
0
105
255
176
12
147
255
45
0
0
0
0
0
0
0
0
0
0
0
0
0
63
170
18
13
203
156
4
0
0
0
0
0
0
0
0
0
0
7
37
17
0
0
58
194
208
37
0
0
0
0
0
0
0
0
0
0
0
67
219
205
164
158
230
212
67
0
0
0
0
0
0
0
0
0
0
0
0
54
196
227
223
190
125
18
0
0
0
0
0
0
0
0
0
0
0
0
0
0
13
40
37
0
0
0
0
0
0
0
0
0
0
0
0
0
0
0
0
0
0
0
0
0
0
0
0
0
0
0
0
0
0
0
0
0
0
0
0
0
0
0
0
0
0
0
0
0
0
0
0
0
0
0
0
0
0
0
0
0
0
0
0
0
0
0
0
0
0
0
0
0
0
0
0
0