0
0
0
0
0
0
0
0
0
0
0
0
0
0
0
0
0
0
0
0
0
0
0
0
0
0
0
0
0
0
0
0
0
0
0
0
0
0
0
0
0
0
0
0
0
0
0
0
0
0
0
0
0
0
0
0
0
0
0
0
0
0
0
0
0
0
0
11
54
52
52
52
54
45
3
0
0
0
0
0
0
0
0
0
0
0
11
179
233
229
233
233
234
227
197
118
3
0
0
0
0
0
0
0
0
0
3
147
255
252
220
219
218
225
255
255
131
0
0
0
0
0
0
0
0
0
0
9
85
82
36
35
34
40
131
250
236
28
0
0
0
0
0
0
0
0
0
0
0
0
0
0
0
0
27
237
255
36
0
0
0
0
0
0
0
0
0
0
0
0
0
0
0
0
129
255
176
9
0
0
0
0
0
0
0
0
0
0
1
5
0
0
0
73
233
255
102
0
0
0
0
0
0
0
0
3
24
90
164
206
162
112
127
230
255
169
25
0
0
0
0
0
0
0
22
155
204
252
255
255
255
255
255
255
172
28
0
0
0
0
0
0
0
50
194
255
189
126
238
255
255
252
255
255
95
0
0
0
0
0
0
0
20
206
255
242
181
228
255
253
169
106
143
235
224
48
0
0
0
0
0
0
35
255
255
255
255
244
159
78
5
0
0
50
147
77
0
0
0
0
0
0
4
120
194
175
112
29
1
0
0
0
0
0
0
1
0
0
0
0
0
0
0
0
0
0
0
0
0
0
0
0
0
0
0
0
0
0
0
0
0
0
0
0
0
0
0
0
0
0
0
0
0
0
0
0
0
0
0
0
0
0
0
0
0
0
0
0
0
0
0
0
0
0
0
0
0
0
0
0
0
0
0
0
0
0
0
0
0
0
0
0
0
0
0
0
0
0
0
0