0
0
0
0
0
0
0
0
0
0
0
0
0
0
0
0
0
0
0
0
0
0
0
0
0
0
0
0
0
0
0
0
0
0
0
0
0
0
0
0
0
0
0
0
0
0
0
0
0
0
0
0
0
0
0
0
0
0
0
0
0
0
0
0
0
0
0
8
74
58
0
0
0
23
13
0
0
0
0
0
0
0
0
0
0
0
78
198
250
239
172
146
192
210
164
12
0
0
0
0
0
0
0
0
0
45
208
255
191
171
221
226
219
255
255
166
22
0
0
0
0
0
0
0
38
203
255
184
2
1
42
45
26
139
252
255
115
0
0
0
0
0
0
10
185
255
244
74
0
0
0
0
0
0
142
255
225
35
0
0
0
0
0
55
230
255
185
8
0
0
0
0
0
0
38
245
255
73
0
0
0
0
0
51
229
238
84
0
0
0
0
0
0
0
21
244
246
50
0
0
0
0
0
69
246
199
7
0
0
0
0
0
0
0
48
251
209
27
0
0
0
0
0
112
255
196
10
0
0
0
0
0
0
0
104
255
185
15
0
0
0
0
0
72
247
184
4
0
0
0
0
0
0
36
182
255
204
18
0
0
0
0
0
54
236
200
11
0
0
0
0
5
100
219
255
255
152
2
0
0
0
0
0
29
184
250
155
13
0
4
41
186
249
255
213
135
22
0
0
0
0
0
0
0
64
252
255
191
177
196
208
255
225
154
45
0
0
0
0
0
0
0
0
0
31
222
255
255
255
255
207
159
107
0
0
0
0
0
0
0
0
0
0
0
2
30
95
148
153
110
26
2
4
0
0
0
0
0
0
0
0
0
0
0
0
0
0
0
0
0
0
0
0
0
0
0
0
0
0
0
0
0
0
0
0
0
0
0
0
0
0
0
0
0
0
0
0
0
0
0