0
0
0
0
0
0
0
0
0
0
0
0
0
0
0
0
0
0
0
0
0
0
0
0
0
0
0
0
0
0
0
0
0
0
0
0
0
0
0
0
0
0
0
0
0
0
0
0
0
0
0
0
0
0
0
0
0
0
0
0
0
0
0
0
0
0
0
0
0
0
0
0
0
0
0
0
0
0
0
0
0
0
0
0
0
9
0
0
0
0
0
0
0
0
0
0
0
0
0
0
0
0
0
0
8
216
156
73
19
0
0
0
0
0
0
0
0
0
0
0
0
0
0
0
7
219
255
255
133
0
0
0
0
0
0
0
0
0
0
0
0
0
0
0
0
153
255
255
226
100
79
77
49
32
29
0
0
0
0
0
0
0
0
0
0
115
255
207
231
255
255
255
255
252
219
7
0
0
0
0
0
0
0
0
0
50
98
28
91
172
117
90
126
255
217
6
0
0
0
0
0
0
0
0
0
0
0
0
3
22
17
0
76
255
147
0
0
0
0
0
0
0
0
0
0
0
0
0
0
0
1
0
130
252
70
0
0
0
0
0
0
0
0
0
0
0
0
0
0
0
0
25
228
205
24
0
0
0
0
0
0
0
0
0
0
0
0
0
0
0
0
110
253
110
0
0
0
0
0
0
0
0
0
0
0
0
0
0
0
0
1
172
233
32
0
0
0
0
0
0
0
0
0
0
0
0
0
0
0
0
48
237
156
0
0
0
0
0
0
0
0
0
0
0
0
0
0
0
0
0
109
252
50
0
0
0
0
0
0
0
0
0
0
0
0
0
0
0
0
0
134
237
16
0
0
0
0
0
0
0
0
0
0
0
0
0
0
0
0
0
68
238
94
0
0
0
0
0
0
0
0
0
0
0
0
0
0
0
0
0
7
58
54
0
0
0
0
0
0
0