0
0
0
0
0
0
0
0
0
0
0
0
0
0
0
0
0
0
0
0
0
0
0
0
0
0
0
0
0
0
0
0
0
0
0
0
0
0
0
0
0
0
0
0
0
0
0
0
0
0
0
0
0
0
0
0
0
0
0
0
0
0
0
0
0
0
0
0
0
0
0
0
0
0
34
65
86
75
0
0
0
0
0
0
0
0
0
0
0
0
6
21
107
184
221
237
247
164
0
0
0
0
0
0
0
0
0
15
112
154
234
241
244
221
167
108
43
8
0
0
0
0
0
0
0
0
0
92
255
230
177
121
73
29
0
0
0
0
0
0
0
0
0
0
0
0
0
146
255
164
9
0
0
0
0
0
0
0
0
0
0
0
0
0
0
0
49
237
189
39
0
0
0
0
0
0
0
0
0
0
0
0
0
0
0
0
130
251
106
59
90
36
3
0
0
0
0
0
0
0
0
0
0
0
0
21
191
255
250
246
225
231
180
36
0
0
0
0
0
0
0
0
0
0
0
5
66
132
106
85
47
108
253
165
10
0
0
0
0
0
0
0
0
0
3
0
0
0
0
0
0
65
250
176
7
0
0
0
0
0
0
0
0
30
153
121
11
0
0
27
99
214
255
102
0
0
0
0
0
0
0
0
0
72
255
255
187
143
179
218
255
255
255
110
0
0
0
0
0
0
0
0
0
48
167
204
235
241
233
226
216
197
132
37
0
0
0
0
0
0
0
0
0
0
0
16
54
65
48
40
34
8
0
0
0
0
0
0
0
0
0
0
0
0
0
0
0
0
0
0
0
0
0
0
0
0
0
0
0
0
0
0
0
0
0
0
0
0
0
0
0
0
0
0
0
0
0
0
0
0
0
0
0
0
0
0
0
0
0
0
0
0
0
0
0
0
0
0
0
0