0
0
0
0
0
0
0
0
0
0
0
0
0
0
0
0
0
0
0
0
0
0
0
0
0
0
0
0
0
0
0
0
0
0
0
0
0
0
0
0
0
0
0
0
0
0
0
0
0
0
0
0
0
0
0
0
0
0
0
0
0
0
0
0
0
0
0
0
0
0
0
0
0
0
0
0
0
0
0
0
0
0
0
0
0
0
0
0
0
20
19
97
190
169
47
0
0
0
0
0
0
0
0
0
0
0
0
30
149
201
202
245
252
239
84
0
0
0
0
0
0
0
0
0
0
0
60
202
196
74
125
255
118
47
0
0
0
0
0
0
0
0
0
0
0
9
190
191
20
0
150
255
105
0
0
0
0
0
0
0
0
0
0
0
0
91
227
32
0
57
236
246
164
0
0
0
0
0
0
0
0
0
0
0
0
166
123
0
16
184
172
165
221
0
0
0
0
0
0
0
0
0
0
0
16
212
82
0
112
245
59
118
221
0
0
0
0
0
0
0
0
0
0
0
45
246
102
78
228
120
0
87
220
31
0
0
0
0
0
0
0
0
0
0
28
211
221
211
112
1
0
46
217
61
0
0
0
0
0
0
0
0
0
0
0
28
61
23
0
0
0
16
193
57
0
0
0
0
0
0
0
0
0
0
0
0
0
0
0
0
0
0
178
94
0
0
0
0
0
0
0
0
0
0
0
0
0
0
0
0
0
0
167
191
56
0
0
0
0
0
0
0
0
0
0
0
0
0
0
0
0
0
58
255
212
7
0
0
0
0
0
0
0
0
0
0
0
0
0
0
0
0
21
234
218
5
0
0
0
0
0
0
0
0
0
0
0
0
0
0
0
0
4
100
107
1
0
0
0
0
0
0
0
0
0
0
0
0
0
0
0
0
0
0
0
0
0
0
0
0