0
0
0
0
0
0
0
0
0
0
0
0
0
0
0
0
0
0
0
0
0
0
0
0
0
0
0
0
0
0
0
0
0
0
0
0
0
0
0
0
0
0
0
0
0
0
0
0
0
0
0
0
0
0
0
0
0
0
0
0
0
0
0
0
0
0
0
0
0
0
0
0
0
0
0
0
0
0
0
0
0
0
0
0
0
0
0
0
0
0
0
1
9
5
0
0
0
0
0
0
0
0
0
0
0
14
106
148
96
51
92
173
245
163
9
0
0
0
0
0
0
0
0
0
61
185
248
255
255
248
249
254
255
153
1
0
0
0
0
0
0
0
0
0
96
255
255
228
174
127
49
36
215
128
0
0
0
0
0
0
0
0
0
0
94
255
214
34
0
0
0
56
243
130
0
0
0
0
0
0
0
0
0
0
56
182
116
2
0
0
0
101
255
128
0
0
0
0
0
0
0
0
0
0
0
5
2
0
0
0
0
153
255
127
0
0
0
0
0
0
0
0
0
0
0
0
0
0
0
0
0
151
255
128
0
0
0
0
0
0
0
0
0
0
0
0
0
0
0
0
34
216
241
51
0
0
0
0
0
0
0
0
0
0
0
0
0
0
0
0
42
227
234
36
0
0
0
0
0
0
0
0
0
0
0
0
0
0
0
0
41
225
235
38
0
0
0
0
0
0
0
0
0
0
0
0
0
0
0
0
41
226
235
38
0
0
0
0
0
0
0
0
0
0
0
0
0
0
0
0
41
226
234
36
0
0
0
0
0
0
0
0
0
0
0
0
0
0
0
0
42
226
247
76
0
0
0
0
0
0
0
0
0
0
0
0
0
0
0
0
29
214
255
109
0
0
0
0
0
0
0
0
0
0
0
0
0
0
0
0
1
49
69
17
0
0
0
0
0
0