0
0
0
0
0
0
0
0
0
0
0
0
0
0
0
0
0
0
0
0
0
0
0
0
0
0
0
0
0
0
0
0
0
0
0
0
0
0
0
0
0
0
0
0
0
0
0
0
0
0
0
0
0
0
0
0
0
0
0
0
0
0
0
0
0
0
0
0
0
0
0
33
45
44
40
1
0
0
0
0
0
0
0
0
0
0
0
1
34
115
140
200
222
225
196
6
0
0
0
0
0
0
0
0
3
50
96
195
237
252
255
255
255
232
79
0
0
0
0
0
0
0
0
43
141
219
255
255
254
251
253
255
232
76
0
0
0
0
0
0
0
0
27
224
255
248
207
87
120
239
251
216
72
0
0
0
0
0
0
0
0
0
38
255
255
204
66
65
212
255
207
33
0
0
0
0
0
0
0
0
0
0
15
106
185
245
225
233
255
255
155
8
0
0
0
0
0
0
0
0
0
0
0
0
69
151
219
255
252
252
250
247
115
12
0
0
0
0
0
0
0
0
0
0
0
0
107
250
252
251
218
230
251
173
96
0
0
0
0
0
0
0
0
0
0
0
9
195
255
254
169
46
182
255
247
188
62
0
0
0
0
0
0
0
0
0
0
98
255
253
244
177
180
253
252
255
219
23
0
0
0
0
0
0
0
0
0
15
184
255
255
255
255
255
255
255
255
37
0
0
0
0
0
0
0
0
0
0
27
114
170
222
219
219
219
222
181
17
0
0
0
0
0
0
0
0
0
0
0
0
14
44
43
43
43
45
20
0
0
0
0
0
0
0
0
0
0
0
0
0
0
0
0
0
0
0
0
0
0
0
0
0
0
0
0
0
0
0
0
0
0
0
0
0
0
0
0
0
0
0
0
0
0
0
0
0
0
0
0
0
0
0
0
0
0
0
0
0
0
0