0
0
0
0
0
0
0
0
0
0
0
0
0
0
0
0
0
0
0
0
0
0
0
0
0
0
0
0
0
0
0
0
0
0
0
0
0
0
0
0
0
0
0
0
0
0
0
0
0
0
0
0
0
0
0
0
0
0
0
0
0
0
0
0
0
0
0
0
0
0
0
0
0
0
0
0
0
0
0
0
0
0
0
0
0
0
0
0
0
0
0
2
0
0
0
0
25
33
0
0
0
0
0
0
0
0
0
0
0
0
127
97
0
34
65
146
232
241
89
0
0
0
0
0
0
0
0
0
0
84
252
209
169
217
255
255
255
219
115
0
0
0
0
0
0
0
0
0
61
229
255
251
253
234
184
88
33
20
9
0
0
0
0
0
0
0
0
59
214
234
105
83
75
24
3
0
0
0
0
0
0
0
0
0
0
0
96
227
255
163
0
0
0
0
0
0
0
0
0
0
0
0
0
0
0
68
253
255
255
255
165
2
0
0
0
0
0
0
0
0
0
0
0
0
0
86
229
187
120
165
237
65
0
0
0
0
0
0
0
0
0
0
0
0
0
8
24
13
0
48
255
133
0
0
0
0
0
0
0
0
0
0
0
0
19
0
0
0
0
18
242
140
0
0
0
0
0
0
0
0
0
0
0
0
141
62
0
0
0
75
235
75
0
0
0
0
0
0
0
0
0
0
0
0
142
173
71
53
96
229
182
6
0
0
0
0
0
0
0
0
0
0
0
0
24
150
255
253
255
218
65
0
0
0
0
0
0
0
0
0
0
0
0
0
0
63
175
186
162
45
0
0
0
0
0
0
0
0
0
0
0
0
0
0
0
0
0
0
0
0
0
0
0
0
0
0
0
0
0
0
0
0
0
0
0
0
0
0
0
0
0
0
0
0
0
0
0
0
0
0