0
0
0
0
0
0
0
0
0
0
0
0
0
0
0
0
0
0
0
0
0
0
0
0
0
0
0
0
0
0
0
0
0
0
0
0
0
0
0
0
0
0
0
0
0
0
0
0
0
0
0
0
0
0
0
0
0
0
0
0
0
0
0
0
0
0
0
0
0
0
0
0
0
0
0
0
0
0
0
0
0
0
0
0
0
0
0
0
0
59
152
195
90
2
0
0
0
0
0
0
0
0
0
0
0
0
0
0
84
240
191
174
219
37
0
0
0
0
0
0
0
0
0
0
0
0
0
27
223
164
9
0
184
45
0
0
0
0
0
0
0
0
0
0
0
0
0
154
219
31
0
18
172
18
0
0
0
0
0
0
0
0
0
0
0
0
0
202
145
0
0
120
159
0
0
0
0
0
0
0
0
0
0
0
0
0
0
187
218
139
173
241
183
0
0
0
0
0
0
0
0
0
0
0
0
0
0
36
147
174
255
255
150
0
0
0
0
0
0
0
0
0
0
0
0
0
0
0
5
34
248
227
33
0
0
0
0
0
0
0
0
0
0
0
0
0
0
0
7
50
255
119
0
0
0
0
0
0
0
0
0
0
0
0
0
0
0
0
0
108
227
50
0
0
0
0
0
0
0
0
0
0
0
0
0
0
0
0
28
212
154
0
0
0
0
0
0
0
0
0
0
0
0
0
0
0
0
0
139
228
28
0
0
0
0
0
0
0
0
0
0
0
0
0
0
0
0
78
237
110
0
0
0
0
0
0
0
0
0
0
0
0
0
0
0
0
19
219
168
8
0
0
0
0
0
0
0
0
0
0
0
0
0
0
0
0
33
127
29
0
0
0
0
0
0
0
0
0
0
0
0
0
0
0
0
0
0
0
0
0
0
0
0
0
0
0
0
0
0
0