0
0
0
0
0
0
0
0
0
0
0
0
0
0
0
0
0
0
0
0
0
0
0
0
0
0
0
0
0
0
0
0
0
0
0
0
0
0
0
0
0
0
0
0
0
0
0
0
0
0
0
0
0
0
0
0
0
0
0
0
0
0
0
0
0
0
0
0
0
0
0
0
0
0
3
76
77
2
0
0
0
0
0
0
0
0
0
0
0
0
0
0
0
6
135
214
90
0
0
0
0
0
0
0
0
0
0
5
9
0
0
0
10
168
255
126
0
0
0
0
0
0
0
0
0
0
0
63
145
16
0
0
131
255
164
16
0
0
0
0
0
0
0
0
0
0
0
157
246
49
0
70
244
171
14
0
0
0
0
0
0
0
0
0
0
17
127
244
159
2
28
217
249
63
0
28
44
4
0
0
0
0
0
0
8
162
255
197
25
0
148
255
113
7
72
199
231
149
0
0
0
0
0
0
94
255
255
121
23
51
246
255
107
181
255
234
160
51
0
0
0
0
0
0
45
224
255
255
208
206
254
255
255
255
176
51
0
0
0
0
0
0
0
0
0
31
96
212
255
255
232
225
160
88
14
0
0
0
0
0
0
0
0
0
0
0
10
167
255
194
45
16
0
0
0
0
0
0
0
0
0
0
0
0
0
0
118
255
183
32
0
0
0
0
0
0
0
0
0
0
0
0
0
0
0
78
246
180
24
0
0
0
0
0
0
0
0
0
0
0
0
0
0
0
2
186
212
42
0
0
0
0
0
0
0
0
0
0
0
0
0
0
0
0
8
195
89
0
0
0
0
0
0
0
0
0
0
0
0
0
0
0
0
0
0
0
0
0
0
0
0
0
0
0
0
0
0
0
0
0
0
0
0
0
0
0
0
0
0
0
0
0
0
0
0
0
0
0
0
0