0
0
0
0
0
0
0
0
0
0
0
0
0
0
0
0
0
0
0
0
0
0
0
0
0
0
0
0
0
0
0
0
0
0
0
0
0
0
0
0
0
0
0
0
0
0
0
0
0
0
0
0
0
0
0
0
0
0
0
0
0
0
0
0
0
0
0
0
0
0
0
0
0
0
0
0
0
0
0
0
0
0
0
0
0
0
0
0
0
6
70
127
182
164
112
16
0
0
0
0
0
0
0
0
0
0
0
0
79
183
255
255
239
231
248
171
11
0
0
0
0
0
0
0
0
0
0
88
246
255
194
105
55
48
79
219
106
0
0
0
0
0
0
0
0
0
67
233
255
143
16
0
0
0
3
93
117
0
0
0
0
0
0
0
0
42
230
252
109
1
0
0
0
69
209
127
1
0
0
0
0
0
0
0
0
152
255
164
0
0
0
0
24
216
255
95
0
0
0
0
0
0
0
0
25
233
254
56
0
0
0
29
178
255
211
22
0
0
0
0
0
0
0
0
32
246
244
80
0
7
92
204
255
209
47
0
0
0
0
0
0
0
0
0
1
142
255
245
208
214
249
255
240
69
0
0
0
0
0
0
0
0
0
0
0
22
150
190
188
200
253
255
141
0
0
0
0
0
0
0
0
0
0
0
0
0
2
14
11
128
255
217
31
0
0
0
0
0
0
0
0
0
0
0
0
0
0
0
56
233
252
94
0
0
0
0
0
0
0
0
0
0
0
0
0
0
0
13
176
255
152
5
0
0
0
0
0
0
0
0
0
0
0
0
0
0
0
50
255
226
31
0
0
0
0
0
0
0
0
0
0
0
0
0
0
0
0
29
153
75
0
0
0
0
0
0
0
0
0
0
0
0
0
0
0
0
0
0
0
0
0
0
0
0
0
0
0
0
0
0