0
0
0
0
0
0
0
0
0
0
0
0
0
0
0
0
0
0
0
0
0
0
0
0
0
0
0
0
0
0
0
0
0
0
0
0
0
0
0
0
0
0
0
0
0
0
0
0
0
0
0
0
0
0
0
0
0
0
0
0
0
0
0
0
0
0
0
0
0
0
0
0
2
76
69
0
0
0
0
0
0
0
0
0
0
0
0
0
0
0
0
0
32
239
238
55
0
0
0
0
0
0
0
0
0
0
0
0
0
0
0
1
147
255
204
29
0
0
0
0
0
0
0
0
0
0
0
0
0
0
0
87
251
250
79
0
0
0
0
0
0
0
0
0
0
0
0
0
0
0
45
236
255
166
10
0
0
0
0
0
0
0
0
0
0
0
0
0
0
0
110
255
217
38
0
0
0
0
0
0
0
0
0
0
0
0
0
0
0
81
226
241
73
0
0
0
0
0
0
0
0
0
0
0
0
0
0
0
20
197
255
159
0
0
0
0
0
0
0
0
0
0
0
0
0
0
0
0
125
255
222
42
0
0
0
0
0
0
0
0
0
0
0
0
0
0
0
63
235
247
103
0
0
0
0
0
0
0
0
0
0
0
0
0
0
0
25
214
255
141
0
0
0
0
0
0
0
0
0
0
0
0
0
0
0
0
50
239
247
71
0
0
0
0
0
0
0
0
0
0
0
0
0
0
0
0
131
255
154
8
0
0
0
0
0
0
0
0
0
0
0
0
0
0
0
13
182
251
63
0
0
0
0
0
0
0
0
0
0
0
0
0
0
0
0
0
123
192
26
0
0
0
0
0
0
0
0
0
0
0
0
0
0
0
0
0
0
0
0
0
0
0
0
0
0
0
0
0
0
0
0
0
0
0
0
0
0
0
0
0
0
0
0
0
0
0
0
0
0
0