0
0
0
0
0
0
0
0
0
0
0
0
0
0
0
0
0
0
0
0
0
0
0
0
0
0
0
0
0
0
0
0
0
0
0
0
0
0
0
0
0
0
0
0
0
0
0
0
0
0
0
0
0
0
0
0
0
0
0
0
0
0
0
0
0
0
0
0
0
0
0
0
0
0
0
0
0
0
0
0
0
0
0
0
0
0
0
0
0
0
0
4
10
8
0
0
0
0
0
0
0
0
0
0
0
0
0
0
10
57
125
201
251
205
67
2
0
0
0
0
0
0
0
0
0
0
0
19
170
247
234
168
96
150
230
60
0
0
0
0
0
0
0
0
0
0
16
176
232
103
27
0
0
134
255
71
0
0
0
0
0
0
0
0
0
0
91
234
48
0
0
27
107
239
148
0
0
0
0
0
0
0
0
0
0
0
74
234
189
134
172
210
255
192
17
0
0
0
0
0
0
0
0
0
0
0
3
75
176
186
154
204
246
71
0
0
0
0
0
0
0
0
0
0
0
0
0
0
0
0
27
226
143
0
0
0
0
0
0
0
0
0
0
0
0
0
0
0
0
0
179
193
16
0
0
0
0
0
0
0
0
0
0
0
0
0
0
0
0
88
242
82
0
0
0
0
0
0
0
0
0
0
0
0
0
0
0
0
32
219
177
5
0
0
0
0
0
0
0
0
0
0
0
0
0
0
0
2
169
246
38
0
0
0
0
0
0
0
0
0
0
0
0
0
0
0
0
80
254
117
0
0
0
0
0
0
0
0
0
0
0
0
0
0
0
0
46
228
166
4
0
0
0
0
0
0
0
0
0
0
0
0
0
0
0
0
153
208
32
0
0
0
0
0
0
0
0
0
0
0
0
0
0
0
0
0
49
33
0
0
0
0
0
0
0
0
0
0
0
0