0
0
0
0
0
0
0
0
0
0
0
0
0
0
0
0
0
0
0
0
0
0
0
0
0
0
0
0
0
0
0
0
0
0
0
0
0
0
0
0
0
0
0
0
0
0
0
0
0
0
0
0
27
173
146
0
0
0
0
0
0
0
0
0
0
0
0
0
0
0
0
3
186
255
179
1
0
0
0
0
0
0
0
0
0
0
0
0
0
0
0
114
255
219
51
0
0
0
0
0
0
0
0
0
0
0
0
0
0
0
103
255
210
50
0
0
0
0
0
0
0
0
0
0
0
0
0
0
0
107
245
226
52
0
0
0
0
0
0
0
0
0
0
0
0
0
0
0
61
240
246
76
0
0
0
0
0
0
0
0
0
0
0
0
0
0
0
12
192
255
231
77
0
0
0
0
0
0
0
0
0
0
0
0
0
0
0
63
255
242
245
234
64
0
0
0
0
0
0
0
0
0
0
0
0
0
33
219
223
53
37
209
221
16
0
0
0
0
0
0
0
0
0
0
0
0
105
255
150
0
0
153
245
39
0
0
0
0
0
0
0
0
0
0
0
0
129
246
59
0
0
160
241
30
0
0
0
0
0
0
0
0
0
0
0
0
118
255
107
0
48
231
228
20
0
0
0
0
0
0
0
0
0
0
0
0
26
203
245
142
190
255
157
0
0
0
0
0
0
0
0
0
0
0
0
0
0
29
183
251
255
180
26
0
0
0
0
0
0
0
0
0
0
0
0
0
0
0
21
77
91
18
0
0
0
0
0
0
0
0
0
0
0
0
0
0
0
0
0
0
0
0
0
0
0
0
0
0
0
0
0
0
0
0
0
0
0
0
0
0
0
0
0
0
0
0
0
0
0
0
0
0
0
0
0
0
0
0
0
0
0
0
0
0
0
0
0
0
0
0