0
0
0
0
0
0
0
0
0
0
0
0
0
0
0
0
0
0
0
0
0
0
0
0
0
0
0
0
0
0
0
0
0
0
0
0
0
0
0
0
0
0
0
0
0
0
0
0
0
0
0
0
0
25
23
0
0
0
0
0
0
0
0
0
0
0
0
0
0
0
0
4
109
229
224
81
0
0
0
0
0
0
0
0
0
0
0
0
0
0
12
150
255
255
191
65
0
0
0
0
0
0
0
0
0
0
0
0
0
20
164
255
200
182
213
25
0
0
0
0
0
0
0
0
0
0
0
0
12
162
255
193
30
64
243
104
0
0
0
0
0
0
0
0
0
0
0
6
156
255
187
45
0
87
251
121
0
0
0
0
0
0
0
0
0
0
0
92
255
223
37
0
0
144
255
84
0
0
0
0
0
0
0
0
0
0
20
209
253
99
0
0
20
209
255
61
0
0
0
0
0
0
0
0
0
10
157
255
171
9
0
0
128
255
216
16
0
0
0
0
0
0
0
0
0
93
255
228
39
0
0
45
221
255
111
0
0
0
0
0
0
0
0
0
18
217
255
115
0
0
38
191
255
190
26
0
0
0
0
0
0
0
0
0
96
255
164
0
0
71
212
255
162
24
0
0
0
0
0
0
0
0
0
0
177
230
44
15
138
245
249
134
12
0
0
0
0
0
0
0
0
0
0
12
208
220
146
233
255
219
77
0
0
0
0
0
0
0
0
0
0
0
0
0
98
253
255
220
121
32
0
0
0
0
0
0
0
0
0
0
0
0
0
0
0
32
37
22
0
0
0
0
0
0
0
0
0
0
0
0
0
0
0
0
0
0
0
0
0
0
0
0
0
0
0
0
0
0
0
0
0
0
0
0
0
0
0
0
0
0
0
0
0
0
0
0
0
0
0
0