0
0
0
0
0
0
0
0
0
0
0
0
0
0
0
0
0
0
0
0
0
0
0
0
0
0
0
0
0
0
0
0
0
0
0
0
0
0
0
0
0
0
0
0
0
0
0
0
0
0
0
0
0
0
0
0
0
0
0
0
0
0
0
0
0
0
0
0
0
39
114
97
41
0
0
0
0
0
0
0
0
0
0
0
0
0
0
0
55
212
213
222
201
6
0
0
0
0
0
0
0
0
0
0
0
0
0
25
210
213
10
13
164
160
1
0
0
0
0
0
0
0
0
0
0
0
0
111
226
58
0
0
27
197
81
0
0
0
0
0
0
0
0
0
0
0
35
195
48
0
0
0
0
125
171
0
0
0
0
0
0
0
0
0
0
0
125
134
0
0
0
0
0
59
204
15
0
0
0
0
0
0
0
0
0
23
164
40
0
0
0
0
0
1
169
68
0
0
0
0
0
0
0
0
0
56
162
13
0
0
0
0
0
0
168
125
0
0
0
0
0
0
0
0
0
55
161
14
0
0
0
0
0
0
143
117
0
0
0
0
0
0
0
0
0
55
160
14
0
0
0
0
0
0
145
114
0
0
0
0
0
0
0
0
0
56
169
15
0
0
0
0
0
14
167
28
0
0
0
0
0
0
0
0
0
35
192
38
0
0
0
0
0
87
127
0
0
0
0
0
0
0
0
0
0
0
129
188
20
0
0
10
97
142
18
0
0
0
0
0
0
0
0
0
0
0
27
166
200
118
149
188
150
16
0
0
0
0
0
0
0
0
0
0
0
0
0
8
115
210
203
104
8
0
0
0
0
0
0
0
0
0
0
0
0
0
0
0
0
0
0
0
0
0
0
0
0
0
0
0
0
0
0
0
0
0
0
0
0
0
0
0
0
0
0
0
0
0
0
0