0
0
0
0
0
0
0
0
0
0
0
0
0
0
0
0
0
0
0
0
0
0
0
0
0
0
0
0
0
0
0
0
0
0
0
0
0
0
0
0
0
0
0
0
0
0
0
0
0
0
0
0
0
0
0
0
0
0
0
0
0
0
0
0
0
0
0
0
0
0
44
101
116
105
107
21
0
0
0
0
0
0
0
0
0
0
0
0
46
154
177
169
118
72
183
137
0
0
0
0
0
0
0
0
0
0
0
96
209
110
10
1
0
0
101
168
0
0
0
0
0
0
0
0
0
0
90
196
54
0
0
0
0
0
134
50
0
0
0
0
0
0
0
0
0
24
184
69
0
27
105
153
175
183
193
25
0
0
0
0
0
0
0
0
0
58
193
35
50
205
255
211
196
249
174
4
0
0
0
0
0
0
0
0
0
5
161
216
226
254
247
205
205
244
209
5
0
0
0
0
0
0
0
0
0
65
171
125
86
95
211
70
78
88
37
0
0
0
0
0
0
0
0
0
55
192
63
0
0
3
167
110
0
0
0
0
0
0
0
0
0
0
0
0
161
80
0
0
0
0
58
178
16
0
0
0
0
0
0
0
0
0
0
0
178
50
0
0
0
0
0
154
106
0
0
0
0
0
0
0
0
0
0
0
95
167
20
0
0
0
0
57
188
8
0
0
0
0
0
0
0
0
0
0
0
130
193
70
7
0
0
0
176
91
0
0
0
0
0
0
0
0
0
0
0
4
75
139
160
115
58
56
158
111
0
0
0
0
0
0
0
0
0
0
0
0
0
9
44
105
180
204
153
37
0
0
0
0
0
0
0
0
0
0
0
0
0
0
0
0
0
0
0
0
0
0
0
0
0
0
0
0
0
0
0
0
0
0
0
0
0
0
0
0
0
0
0
0
0
0