0
0
0
0
0
0
0
0
0
0
0
0
0
0
0
0
0
0
0
0
0
0
0
0
0
0
0
0
0
0
0
0
0
0
0
0
0
0
0
0
0
0
0
0
0
0
0
0
0
0
0
0
0
0
0
0
0
0
0
0
0
0
0
0
0
0
0
0
0
27
83
110
109
102
43
0
0
0
0
0
0
0
0
0
0
0
18
114
176
201
248
255
255
255
220
78
0
0
0
0
0
0
0
0
0
75
215
255
255
255
255
248
209
226
255
167
0
0
0
0
0
0
0
0
8
195
255
254
255
222
173
89
22
89
252
168
0
0
0
0
0
0
0
0
25
243
255
217
74
21
7
0
0
143
239
162
130
187
8
0
0
0
0
0
13
204
255
181
5
0
0
0
3
105
161
234
255
165
0
0
0
0
0
0
0
113
255
253
134
9
0
1
53
169
242
255
189
28
0
0
0
0
0
0
0
23
177
255
255
171
108
196
245
255
251
181
34
0
0
0
0
0
0
0
0
0
17
216
255
255
255
255
255
237
111
23
0
0
0
0
0
0
0
0
3
84
155
233
255
255
253
255
225
58
0
0
0
0
0
0
0
0
0
0
76
248
255
255
194
147
234
255
150
0
0
0
0
0
0
0
0
0
0
0
74
252
255
178
42
78
240
255
100
0
0
0
0
0
0
0
0
0
0
0
5
167
255
244
239
249
253
255
105
0
0
0
0
0
0
0
0
0
0
0
0
32
189
255
255
255
255
226
60
0
0
0
0
0
0
0
0
0
0
0
0
0
37
99
179
153
110
31
0
0
0
0
0
0
0
0
0
0
0
0
0
0
0
0
0
0
0
0
0
0
0
0
0
0
0
0
0
0
0
0
0
0
0
0
0
0
0
0
0
0
0
0
0
0
0
0