0
0
0
0
0
0
0
0
0
0
0
0
0
0
0
0
0
0
0
0
0
0
0
0
0
0
0
0
0
0
0
0
0
0
0
0
0
0
0
0
0
0
0
0
0
0
0
0
11
31
18
1
0
0
0
0
0
0
0
0
0
0
0
0
0
0
77
119
188
249
206
154
63
0
0
0
0
0
0
0
0
0
0
0
54
173
238
228
172
167
205
255
239
139
12
0
0
0
0
0
0
0
0
0
9
45
47
12
0
1
5
75
250
202
21
0
0
0
0
0
0
0
0
0
0
0
0
0
0
0
0
89
255
163
3
0
0
0
0
0
0
0
0
0
0
0
0
0
24
40
136
234
196
26
0
0
0
0
0
0
0
0
0
0
0
0
0
104
231
239
255
207
49
0
0
0
0
0
0
0
0
0
0
0
0
0
0
93
226
252
254
239
143
23
0
0
0
0
0
0
0
0
0
0
0
0
0
0
33
53
91
207
255
186
19
0
0
0
0
0
0
0
0
0
0
0
0
0
0
0
0
32
129
255
146
0
0
0
0
0
0
0
0
0
0
0
0
0
0
0
0
0
44
247
234
8
0
0
0
0
0
0
0
0
3
53
12
0
0
0
0
0
37
233
236
8
0
0
0
0
0
0
0
0
67
233
165
75
8
0
2
11
118
255
183
3
0
0
0
0
0
0
0
0
34
224
255
255
198
164
169
222
255
195
32
0
0
0
0
0
0
0
0
0
0
51
142
192
255
255
255
233
159
41
0
0
0
0
0
0
0
0
0
0
0
0
0
14
34
36
37
26
5
0
0
0
0
0
0
0
0
0
0
0
0
0
0
0
0
0
0
0
0
0
0
0
0
0
0
0
0
0
0
0
0
0
0
0
0
0
0
0
0
0
0
0
0
0
0
0