0
0
0
0
0
0
0
0
0
0
0
0
0
0
0
0
0
0
0
0
0
0
0
0
0
0
0
0
0
0
0
0
0
0
0
0
0
0
0
0
0
0
0
0
0
0
0
0
0
0
0
0
0
0
0
0
0
0
0
0
0
0
0
0
0
0
0
6
12
21
59
60
62
90
74
37
0
0
0
0
0
0
0
0
0
37
134
186
199
205
235
239
240
255
249
179
21
0
0
0
0
0
0
0
0
50
241
255
255
255
238
208
174
143
134
36
0
0
0
0
0
0
0
0
0
6
128
253
255
144
50
17
0
0
0
0
0
0
0
0
0
0
0
0
0
0
3
180
255
143
32
0
0
0
0
0
0
0
0
0
0
0
0
0
0
0
0
27
162
232
255
160
44
0
0
0
0
0
0
0
0
0
0
0
0
0
0
0
7
41
146
227
226
136
7
0
0
0
0
0
0
0
0
0
0
0
0
0
0
0
0
11
111
248
136
8
0
0
0
0
0
0
0
0
0
0
0
0
0
0
0
0
1
175
255
70
0
0
0
0
0
0
0
0
0
0
0
0
0
0
0
0
39
211
255
84
0
0
0
0
0
0
0
0
0
0
3
0
0
0
0
35
201
255
228
47
0
0
0
0
0
0
0
0
0
44
114
3
0
0
56
197
255
254
105
0
0
0
0
0
0
0
0
0
0
123
227
48
65
156
240
255
253
104
0
0
0
0
0
0
0
0
0
0
0
107
255
220
253
255
255
181
80
0
0
0
0
0
0
0
0
0
0
0
0
13
137
223
222
152
64
15
0
0
0
0
0
0
0
0
0
0
0
0
0
0
0
0
0
0
0
0
0
0
0
0
0
0
0
0
0
0
0
0
0
0
0
0
0
0
0
0
0
0
0
0
0
0
0
0