0
0
0
0
0
0
0
0
0
0
0
0
0
0
0
0
0
0
0
0
0
0
0
0
0
0
0
0
0
0
0
0
0
0
0
0
0
0
0
0
0
0
0
0
0
0
0
0
0
0
0
0
0
0
0
0
0
0
0
0
0
0
0
0
0
0
0
0
0
8
109
63
0
0
0
0
0
0
0
0
0
0
0
0
0
0
0
0
0
19
255
213
24
0
0
0
0
0
0
0
0
0
0
0
0
0
0
0
0
3
170
255
54
0
0
0
0
0
0
0
0
0
0
0
0
0
0
0
0
0
159
255
54
0
0
0
0
0
0
0
0
0
0
0
0
0
0
0
0
2
168
255
55
0
0
0
0
0
0
0
0
0
0
0
0
0
0
0
0
16
232
227
34
0
0
0
0
0
0
0
0
0
0
0
0
0
0
0
0
16
251
188
11
0
0
0
0
0
0
0
0
0
0
0
0
0
0
0
0
45
254
113
0
0
0
0
0
0
0
0
0
0
0
0
0
0
0
0
0
115
235
65
0
0
0
0
0
0
0
0
0
0
0
0
0
0
0
0
0
177
231
50
0
0
0
0
0
0
0
0
0
0
0
0
0
0
0
0
0
195
234
51
0
0
0
0
0
0
0
0
0
0
0
0
0
0
0
0
35
219
231
50
0
0
0
0
0
0
0
0
0
0
0
0
0
0
0
0
65
243
198
4
0
0
0
0
0
0
0
0
0
0
0
0
0
0
0
0
66
242
127
0
0
0
0
0
0
0
0
0
0
0
0
0
0
0
0
0
56
186
17
0
0
0
0
0
0
0
0
0
0
0
0
0
0
0
0
0
0
0
0
0
0
0
0
0
0
0
0
0
0
0
0
0
0
0
0
0
0
0
0
0
0
0
0
0
0
0
0
0