0
0
0
0
0
0
0
0
0
0
0
0
0
0
0
0
0
0
0
0
0
0
0
0
0
0
0
0
0
0
0
0
0
0
0
0
0
0
0
0
0
0
0
0
0
0
0
0
0
0
0
0
0
0
0
0
0
0
0
0
0
0
0
0
0
0
0
0
0
0
0
0
0
0
0
0
0
0
0
0
0
0
0
0
0
0
0
0
0
0
0
0
0
0
0
0
9
1
0
0
0
0
0
0
0
0
0
0
23
19
0
0
0
0
25
150
213
24
0
0
0
0
0
0
0
0
0
4
165
125
0
0
29
134
207
255
189
12
0
0
0
0
0
0
0
0
10
166
255
229
220
220
226
220
250
251
85
0
0
0
0
0
0
0
0
14
166
254
138
67
112
124
98
101
238
140
5
0
0
0
0
0
0
0
3
149
253
138
0
0
0
0
52
230
193
14
0
0
0
0
0
0
0
0
133
254
114
0
0
0
0
15
202
217
32
0
0
0
0
0
0
0
1
118
251
142
11
0
0
0
14
174
235
69
0
0
0
0
0
0
0
0
20
192
142
5
0
0
0
21
188
225
64
0
0
0
0
0
0
0
0
0
2
8
0
0
0
0
17
178
249
83
0
0
0
0
0
0
0
0
0
0
0
0
0
0
0
49
181
210
72
0
0
0
0
0
0
0
0
0
0
0
0
0
0
0
32
220
211
31
0
0
0
0
0
0
0
0
0
0
0
0
0
0
0
0
128
238
83
0
0
0
0
0
0
0
0
0
0
0
0
0
0
0
0
0
86
85
0
0
0
0
0
0
0
0
0
0
0
0
0
0
0
0
0
0
0
0
0
0
0
0
0
0
0
0
0
0
0
0
0
0
0
0
0
0
0
0
0
0
0
0
0
0
0
0
0
0
0
0