0
0
0
0
0
0
0
0
0
0
0
0
0
0
0
0
0
0
0
0
0
0
0
0
0
0
0
0
0
0
0
0
0
0
0
0
0
0
0
0
0
0
0
0
0
0
0
0
0
0
0
17
35
36
34
1
0
0
0
0
0
0
0
0
0
0
0
0
0
15
119
202
255
255
255
106
0
0
0
0
0
0
0
0
0
0
0
0
36
180
255
255
255
250
255
222
41
0
0
0
0
0
0
0
0
0
1
44
197
255
249
214
171
93
213
255
125
0
0
0
0
0
0
0
0
0
54
211
255
225
105
31
0
0
192
255
151
1
0
0
0
0
0
0
0
32
195
255
236
72
0
0
0
6
193
255
149
1
0
0
0
0
0
0
0
112
255
228
65
0
0
0
0
3
192
255
153
1
0
0
0
0
0
0
13
192
255
147
0
0
0
0
0
51
226
255
101
0
0
0
0
0
0
0
72
254
212
27
0
0
0
0
13
199
255
195
17
0
0
0
0
0
0
0
142
255
143
0
0
0
0
0
101
252
255
98
0
0
0
0
0
0
0
0
160
255
101
0
0
0
3
96
241
255
162
5
0
0
0
0
0
0
0
0
160
255
126
0
0
35
134
247
255
237
58
0
0
0
0
0
0
0
0
0
126
255
204
100
163
218
245
255
245
99
1
0
0
0
0
0
0
0
0
0
31
206
255
251
255
255
255
201
85
0
0
0
0
0
0
0
0
0
0
0
0
67
227
255
255
255
145
33
0
0
0
0
0
0
0
0
0
0
0
0
0
0
24
37
36
35
2
0
0
0
0
0
0
0
0
0
0
0
0
0
0
0
0
0
0
0
0
0
0
0
0
0
0
0
0
0
0
0
0
0
0
0
0
0
0
0
0
0
0
0
0
0
0
0
0
0