0
0
0
0
0
0
0
0
0
0
0
0
0
0
0
0
0
0
0
0
0
0
0
0
0
0
0
0
0
0
0
0
0
0
0
0
0
0
0
0
0
0
0
0
0
0
0
0
0
0
0
0
0
0
0
0
0
0
0
0
0
0
0
0
0
0
0
0
0
0
0
0
0
0
0
0
0
0
0
0
0
0
0
0
0
0
83
58
0
0
0
0
0
0
0
8
2
0
0
0
0
0
0
0
0
31
233
47
0
0
0
0
0
0
74
217
51
0
0
0
0
0
0
0
0
150
229
22
0
0
0
0
0
37
213
209
14
0
0
0
0
0
0
0
12
255
114
0
0
0
0
0
18
157
255
165
0
0
0
0
0
0
0
0
91
239
67
0
0
0
0
38
212
255
233
30
0
0
0
0
0
0
0
12
200
201
4
0
0
0
26
190
255
255
132
0
0
0
0
0
0
0
0
52
240
183
0
10
59
81
197
142
145
174
2
0
0
0
0
0
0
0
0
14
209
237
144
184
255
216
68
0
189
152
0
0
0
0
0
0
0
0
0
0
62
219
235
145
62
15
0
70
238
73
0
0
0
0
0
0
0
0
0
0
0
0
0
0
0
0
0
164
212
0
0
0
0
0
0
0
0
0
0
0
0
0
0
0
0
0
38
227
146
0
0
0
0
0
0
0
0
0
0
0
0
0
0
0
0
0
81
255
100
0
0
0
0
0
0
0
0
0
0
0
0
0
0
0
0
0
144
255
32
0
0
0
0
0
0
0
0
0
0
0
0
0
0
0
0
0
86
211
19
0
0
0
0
0
0
0
0
0
0
0
0
0
0
0
0
0
15
97
17
0
0
0
0
0
0
0
0
0
0
0
0
0
0
0
0
0
0
0
0
0
0
0
0
0
0
0