0
0
0
0
0
0
0
0
0
0
0
0
0
0
0
0
0
0
0
0
0
0
0
0
0
0
0
0
0
0
0
0
0
0
0
0
0
0
0
0
0
0
0
0
0
0
0
0
0
0
0
0
0
0
0
0
0
0
0
0
0
0
0
0
0
0
0
0
0
0
58
78
7
0
0
0
0
0
0
0
0
0
0
0
0
0
0
0
0
1
168
249
60
0
0
0
0
0
0
0
0
0
0
0
0
0
0
0
0
4
199
255
119
0
0
0
0
0
0
0
0
0
0
0
0
0
0
0
0
2
184
255
124
0
0
0
0
0
0
0
0
0
0
0
0
0
0
0
0
10
235
255
102
0
0
0
0
0
0
0
0
0
0
0
0
0
0
0
0
56
249
225
50
0
0
0
0
0
0
0
0
0
0
0
0
0
0
0
0
85
255
173
5
0
0
0
0
0
0
0
0
0
0
0
0
0
0
0
0
94
255
133
0
0
0
0
0
0
0
0
0
0
0
0
0
0
0
0
0
154
255
84
0
0
0
0
0
0
0
0
0
0
0
0
0
0
0
0
62
241
203
14
0
0
0
0
0
0
0
0
0
0
0
0
0
0
0
0
93
255
182
0
0
0
0
0
0
0
0
0
0
0
0
0
0
0
0
0
93
255
183
0
0
0
0
0
0
0
0
0
0
0
0
0
0
0
0
1
149
255
184
0
0
0
0
0
0
0
0
0
0
0
0
0
0
0
0
0
145
255
165
0
0
0
0
0
0
0
0
0
0
0
0
0
0
0
0
0
85
187
29
0
0
0
0
0
0
0
0
0
0
0
0
0
0
0
0
0
0
0
0
0
0
0
0
0
0
0
0
0
0
0
0
0
0
0
0
0
0
0
0
0
0
0
0
0
0
0
0
0