0
0
0
0
0
0
0
0
0
0
0
0
0
0
0
0
0
0
0
0
0
0
0
0
0
0
0
0
0
0
0
0
0
0
0
0
0
0
0
0
0
0
0
0
0
0
0
0
0
0
0
0
0
0
0
0
0
0
0
0
0
0
0
0
0
0
0
0
0
0
0
0
0
0
0
0
0
0
0
0
0
0
0
0
0
6
131
87
0
0
0
6
7
7
2
0
0
0
0
0
0
0
0
0
0
33
219
239
133
116
138
209
220
221
173
22
0
0
0
0
0
0
0
0
0
34
212
255
255
255
255
255
255
255
255
102
0
0
0
0
0
0
0
0
0
34
212
255
199
141
116
42
81
193
185
20
0
0
0
0
0
0
0
0
0
34
214
243
110
46
0
0
0
7
7
0
0
0
0
0
0
0
0
0
0
34
214
255
250
232
180
49
0
0
0
0
0
0
0
0
0
0
0
0
0
33
204
229
205
243
255
220
24
0
0
0
0
0
0
0
0
0
0
0
0
10
63
49
19
63
130
254
145
3
0
0
0
0
0
0
0
0
0
0
0
0
0
0
0
0
35
225
230
11
0
0
0
0
0
0
0
0
0
0
0
0
0
0
0
0
0
163
246
47
0
0
0
0
0
0
0
0
0
0
0
0
0
0
0
0
0
160
255
89
0
0
0
0
0
0
0
0
0
0
0
0
0
0
18
9
13
188
236
19
0
0
0
0
0
0
0
0
0
0
0
0
0
50
189
171
172
255
185
4
0
0
0
0
0
0
0
0
0
0
0
0
0
87
255
255
255
255
110
0
0
0
0
0
0
0
0
0
0
0
0
0
0
28
134
116
102
120
8
0
0
0
0
0
0
0
0
0
0
0
0
0
0
0
0
0
0
0
0
0
0
0
0
0
0
0