0
0
0
0
0
0
0
0
0
0
0
0
0
0
0
0
0
0
0
0
0
0
0
0
0
0
0
0
0
0
0
0
0
0
0
0
0
0
0
0
0
0
0
0
0
0
0
0
0
0
0
0
0
0
0
0
0
0
0
0
0
0
0
0
0
0
0
0
0
0
0
0
0
0
0
0
0
0
0
0
0
0
0
0
4
9
3
7
8
10
6
1
1
0
0
0
0
0
0
0
0
0
0
0
154
249
193
222
238
251
213
167
173
114
4
0
0
0
0
0
0
0
0
0
101
202
203
201
200
200
197
231
255
183
9
0
0
0
0
0
0
0
0
0
0
16
17
17
17
14
29
187
237
62
0
0
0
0
0
0
0
0
0
0
0
0
0
0
0
0
51
248
167
0
0
0
0
0
0
0
0
0
0
0
0
0
0
0
0
0
93
255
113
0
0
0
0
0
0
0
0
0
0
0
0
0
0
0
0
0
150
255
70
0
0
0
0
0
0
0
0
0
0
0
0
0
0
0
0
25
236
213
18
0
0
0
0
0
0
0
0
0
0
0
0
0
0
0
0
34
254
179
10
0
0
0
0
0
0
0
0
0
0
0
0
0
0
0
0
33
251
183
11
0
0
0
0
0
0
0
0
0
0
0
0
0
0
0
0
32
254
134
0
0
0
0
0
0
0
0
0
0
0
0
0
0
0
0
0
12
211
190
13
0
0
0
0
0
0
0
0
0
0
0
0
0
0
0
0
3
192
252
30
0
0
0
0
0
0
0
0
0
0
0
0
0
0
0
0
1
167
254
57
0
0
0
0
0
0
0
0
0
0
0
0
0
0
0
0
0
43
228
212
15
0
0
0
0
0
0
0
0
0
0
0
0
0
0
0
0
0
46
68
8
0
0
0
0
0
0