0
0
0
0
0
0
0
0
0
0
0
0
0
0
0
0
0
0
0
0
0
0
0
0
0
0
0
0
0
0
0
0
0
0
0
0
0
0
0
0
0
0
0
0
0
0
0
0
0
0
0
0
0
0
0
0
0
0
0
0
0
0
0
0
0
0
0
0
0
0
0
0
0
0
0
3
0
0
0
0
0
0
0
0
0
0
0
0
0
0
0
0
0
0
26
186
98
0
0
0
0
0
0
0
0
0
0
0
0
0
14
39
96
111
177
255
234
27
0
0
0
0
0
0
0
0
0
0
12
95
188
224
254
255
255
255
161
6
0
0
0
0
0
0
0
0
5
56
163
255
255
229
210
252
255
231
64
0
0
0
0
0
0
0
0
0
96
250
255
205
111
40
122
255
243
87
0
0
0
0
0
0
0
0
0
92
241
249
158
38
0
0
196
255
217
3
0
0
0
0
0
0
0
0
104
245
236
101
0
0
5
129
254
228
67
0
0
0
0
0
0
0
0
23
213
255
120
0
0
0
41
231
255
123
0
0
0
0
0
0
0
0
1
138
255
153
0
0
13
72
204
255
181
35
0
0
0
0
0
0
0
0
15
198
255
184
101
112
181
252
255
204
32
0
0
0
0
0
0
0
0
0
4
127
242
255
255
255
255
235
104
29
0
0
0
0
0
0
0
0
0
0
0
0
77
182
194
168
96
54
0
0
0
0
0
0
0
0
0
0
0
0
0
0
0
2
3
1
0
0
0
0
0
0
0
0
0
0
0
0
0
0
0
0
0
0
0
0
0
0
0
0
0
0
0
0
0
0
0
0
0
0
0
0
0
0
0
0
0
0
0
0
0
0
0
0
0
0
0
0
0
0
0
0
0
0
0
0
0
0
0
0
0
0
0
0
0
0
0
0