0
0
0
0
0
0
0
0
0
0
0
0
0
0
0
0
0
0
0
0
0
0
0
0
0
0
0
0
0
0
0
0
0
0
0
0
0
0
0
0
0
0
0
0
0
0
0
0
0
0
0
0
0
0
0
0
0
0
0
0
0
0
0
0
0
0
0
0
0
0
0
0
0
0
0
0
0
0
0
0
0
0
0
0
0
0
5
5
0
0
0
0
0
0
0
0
0
0
0
0
0
0
0
0
0
24
194
200
49
0
0
0
0
99
96
1
0
0
0
0
0
0
0
0
0
62
255
255
225
155
20
0
115
255
192
3
0
0
0
0
0
0
0
0
0
88
255
245
247
255
194
167
245
255
183
3
0
0
0
0
0
0
0
0
2
187
255
127
91
237
255
255
253
255
115
0
0
0
0
0
0
0
0
0
20
203
255
41
0
55
127
227
255
246
52
0
0
0
0
0
0
0
0
0
18
198
255
32
0
0
0
147
255
157
7
0
0
0
0
0
0
0
0
0
0
77
131
11
0
0
0
144
255
126
0
0
0
0
0
0
0
0
0
0
0
0
0
0
0
0
34
214
255
108
0
0
0
0
0
0
0
0
0
0
0
0
0
0
0
0
43
228
249
82
0
0
0
0
0
0
0
0
0
0
0
0
0
0
0
0
40
228
227
11
0
0
0
0
0
0
0
0
0
0
0
0
0
0
0
0
57
236
157
0
0
0
0
0
0
0
0
0
0
0
0
0
0
0
0
0
119
255
89
0
0
0
0
0
0
0
0
0
0
0
0
0
0
0
0
0
128
255
178
7
0
0
0
0
0
0
0
0
0
0
0
0
0
0
0
0
76
252
206
34
0
0
0
0
0
0
0
0
0
0
0
0
0
0
0
0
8
62
33
0
0
0
0
0
0
0