0
0
0
0
0
0
0
0
0
0
0
0
0
0
0
0
0
0
0
0
0
0
0
0
0
0
0
0
0
0
0
0
0
0
0
0
0
0
0
0
0
0
0
0
0
0
0
0
0
0
0
0
0
0
0
0
0
0
0
0
0
0
0
0
0
0
0
0
0
0
0
0
0
0
0
0
0
0
0
0
0
0
0
0
0
0
0
0
0
0
41
21
0
0
0
0
35
95
55
0
0
0
0
0
0
0
0
0
0
69
239
92
0
0
10
124
231
155
19
0
0
0
0
0
0
0
0
0
63
236
182
17
0
0
138
255
160
1
0
0
0
0
0
0
0
0
0
27
209
255
68
0
0
47
230
228
42
0
0
0
0
0
0
0
0
0
53
177
255
152
43
80
138
203
255
117
0
0
0
0
0
0
0
0
0
74
214
255
253
216
227
237
255
255
210
13
0
0
0
0
0
0
0
0
86
247
255
255
252
213
166
137
246
239
66
0
0
0
0
0
0
0
0
0
91
250
239
179
91
17
5
187
255
134
0
0
0
0
0
0
0
0
0
0
0
45
63
13
0
0
106
248
222
30
0
0
0
0
0
0
0
0
0
0
0
0
0
0
0
84
254
242
74
0
0
0
0
0
0
0
0
0
0
0
0
0
0
0
55
221
255
116
0
0
0
0
0
0
0
0
0
0
0
0
0
0
0
35
212
255
148
9
0
0
0
0
0
0
0
0
0
0
0
0
0
0
58
200
255
153
6
0
0
0
0
0
0
0
0
0
0
0
0
0
0
0
114
233
125
13
0
0
0
0
0
0
0
0
0
0
0
0
0
0
0
0
2
24
0
0
0
0
0
0
0
0
0
0
0
0
0
0
0
0
0
0
0
0
0
0
0
0
0
0
0
0
0
0
0
0