0
0
0
0
0
0
0
0
0
0
0
0
0
0
0
0
0
0
0
0
0
0
0
0
0
0
0
0
0
0
0
0
0
0
0
0
0
0
0
0
0
0
0
0
0
0
0
0
0
0
0
0
40
103
197
68
0
0
0
0
0
0
0
0
0
0
0
0
0
0
14
109
238
255
237
53
0
0
0
0
0
0
0
0
0
0
0
0
0
24
180
255
220
108
57
1
0
0
0
0
0
0
0
0
0
0
0
0
65
204
255
179
41
0
0
0
0
0
0
0
0
0
0
0
0
0
0
63
232
255
166
15
0
0
0
0
0
0
0
0
0
0
0
0
0
0
25
200
255
125
7
0
0
0
0
0
0
0
0
0
0
0
0
0
0
0
123
255
150
1
0
0
0
0
0
0
0
0
0
0
0
0
0
0
0
29
201
232
40
0
0
3
2
3
1
0
0
0
0
0
0
0
0
0
0
131
255
136
6
79
150
186
184
182
174
73
1
0
0
0
0
0
0
0
4
190
247
50
108
255
255
217
206
238
255
205
18
0
0
0
0
0
0
0
5
205
195
7
53
136
82
16
16
153
255
208
22
0
0
0
0
0
0
0
2
178
228
23
0
0
0
20
123
234
255
173
7
0
0
0
0
0
0
0
0
52
223
187
108
105
145
207
255
232
156
31
0
0
0
0
0
0
0
0
0
0
86
214
250
255
248
211
135
32
0
0
0
0
0
0
0
0
0
0
0
0
0
27
84
110
77
19
0
0
0
0
0
0
0
0
0
0
0
0
0
0
0
0
0
0
0
0
0
0
0
0
0
0
0
0
0
0
0
0
0
0
0
0
0
0
0
0
0
0
0
0
0
0
0
0
0
0
0
0
0
0
0
0
0
0
0
0
0
0
0
0
0
0
0
0