0
0
0
0
0
0
0
0
0
0
0
0
0
0
0
0
0
0
0
0
0
0
0
0
0
0
0
0
0
0
0
0
0
0
0
0
0
0
0
0
0
0
0
0
0
0
0
0
0
0
0
0
0
0
0
0
0
0
0
0
0
0
0
0
0
0
0
0
0
0
0
0
0
0
0
0
0
0
0
0
0
0
0
0
0
0
0
0
27
98
154
156
115
52
0
0
0
0
0
0
0
0
0
0
0
0
9
143
229
253
207
189
192
215
141
7
0
0
0
0
0
0
0
0
0
1
121
255
255
255
90
0
0
95
239
130
0
0
0
0
0
0
0
0
0
30
212
255
219
85
22
0
0
31
224
206
6
0
0
0
0
0
0
0
0
56
241
245
83
0
0
0
0
142
255
174
0
0
0
0
0
0
0
0
0
125
255
220
0
0
0
16
112
241
255
169
0
0
0
0
0
0
0
0
0
90
255
238
83
73
130
214
255
255
250
82
0
0
0
0
0
0
0
0
0
8
122
209
255
255
238
199
246
255
198
0
0
0
0
0
0
0
0
0
0
0
2
19
38
35
39
166
255
242
70
0
0
0
0
0
0
0
0
0
0
0
0
0
0
11
170
255
251
113
1
0
0
0
0
0
0
0
0
0
0
0
0
0
16
167
255
253
118
0
0
0
0
0
0
0
0
0
0
0
0
0
0
1
153
255
243
112
0
0
0
0
0
0
0
0
0
0
0
0
0
0
0
124
255
255
104
0
0
0
0
0
0
0
0
0
0
0
0
0
0
0
9
224
255
117
0
0
0
0
0
0
0
0
0
0
0
0
0
0
0
0
2
100
101
1
0
0
0
0
0
0
0
0
0
0
0
0
0
0
0
0
0
0
0
0
0
0
0
0
0
0
0
0
0
0