0
0
0
0
0
0
0
0
0
0
0
0
0
0
0
0
0
0
0
0
0
0
0
0
0
0
0
0
0
0
0
0
0
0
0
0
0
0
0
0
0
0
0
0
0
0
0
0
0
0
0
0
0
0
0
0
0
0
0
0
0
0
0
0
0
0
0
4
90
83
81
112
41
0
0
0
0
0
0
0
0
0
0
0
0
0
0
93
254
255
251
255
196
15
0
0
0
0
0
0
0
0
0
0
0
3
117
250
254
203
180
254
234
30
0
0
0
0
0
0
0
0
0
0
0
78
255
255
131
13
122
255
190
6
0
0
0
0
0
0
0
0
0
0
0
28
139
81
0
51
243
236
44
0
0
0
0
0
0
0
0
0
0
0
0
0
0
0
31
201
255
175
67
16
0
0
0
0
0
0
0
0
0
0
0
0
0
7
175
255
255
249
243
155
11
0
0
0
0
0
0
0
0
0
0
0
0
102
255
255
220
154
232
235
46
0
0
0
0
0
0
0
0
0
0
0
0
200
253
148
35
0
211
242
51
0
0
0
0
0
0
0
0
0
0
0
0
78
90
8
0
80
253
196
18
0
0
0
0
0
0
0
0
0
0
0
0
0
0
0
2
176
255
97
0
0
0
0
0
0
0
0
0
0
0
0
4
6
0
0
134
253
207
12
0
0
0
0
0
0
0
0
0
0
0
26
180
210
135
163
255
248
58
0
0
0
0
0
0
0
0
0
0
0
0
61
247
255
255
255
255
247
72
0
0
0
0
0
0
0
0
0
0
0
0
9
105
200
145
82
66
77
27
0
0
0
0
0
0
0
0
0
0
0
0
0
0
0
0
0
0
0
0
0
0
0
0
0
0
0
0
0
0
0
0
0
0
0
0
0
0
0
0
0
0
0
0
0
0
0