0
0
0
0
0
0
0
0
0
0
0
0
0
0
0
0
0
0
0
0
0
0
0
0
0
0
0
0
0
0
0
0
0
0
0
0
0
0
0
0
0
0
0
0
0
0
0
0
0
0
0
17
30
3
0
0
0
0
0
0
0
0
0
0
0
0
0
0
0
0
30
179
237
56
0
0
0
0
0
0
0
0
0
0
0
0
0
0
9
131
211
241
239
60
0
0
0
0
0
0
0
0
0
0
0
0
0
0
100
238
95
79
217
54
0
0
0
0
0
0
0
0
0
0
0
0
0
0
146
178
0
80
221
35
0
0
0
0
0
0
0
0
0
0
0
0
0
10
186
141
0
145
146
0
0
0
0
0
0
0
0
0
0
0
0
0
0
9
181
164
30
216
104
0
0
0
0
0
0
0
0
0
0
0
0
0
0
0
130
219
125
212
32
0
0
0
0
0
0
0
0
0
0
0
0
0
0
0
27
208
255
125
0
0
0
0
0
0
0
0
0
0
0
0
0
0
0
0
56
224
247
68
0
0
0
0
0
0
0
0
0
0
0
0
0
0
0
40
220
255
250
161
5
0
0
0
0
0
0
0
0
0
0
0
0
0
0
153
255
186
101
229
46
0
0
0
0
0
0
0
0
0
0
0
0
0
42
235
166
14
33
231
64
0
0
0
0
0
0
0
0
0
0
0
0
0
69
236
114
48
165
220
26
0
0
0
0
0
0
0
0
0
0
0
0
0
7
174
252
255
213
83
0
0
0
0
0
0
0
0
0
0
0
0
0
0
0
15
39
38
18
0
0
0
0
0
0
0
0
0
0
0
0
0
0
0
0
0
0
0
0
0
0
0
0
0
0
0
0
0
0
0
0
0
0
0
0
0
0
0
0
0
0
0
0
0
0
0
0
0