0
0
0
0
0
0
0
0
0
0
0
0
0
0
0
0
0
0
0
0
0
0
0
0
0
0
0
0
0
0
0
0
0
0
0
0
0
0
0
0
0
0
0
0
0
0
0
0
19
42
20
0
0
0
0
0
0
0
0
0
0
0
0
0
0
0
0
27
199
225
201
144
79
89
54
0
0
0
0
0
0
0
0
0
0
0
0
27
102
33
79
160
180
138
38
0
0
0
0
0
0
0
0
0
0
0
0
0
34
79
0
0
6
1
0
0
0
0
0
0
0
0
0
0
0
0
0
0
146
120
0
0
0
0
0
0
0
0
0
0
0
0
0
0
0
0
0
27
204
53
0
0
0
0
0
0
0
0
0
0
0
0
0
0
0
0
0
89
204
24
0
0
0
0
0
0
0
0
0
0
0
0
0
0
0
0
0
119
221
42
0
0
0
0
0
0
0
0
0
0
0
0
0
0
0
0
0
40
198
204
157
106
23
0
0
0
0
0
0
0
0
0
0
0
0
0
0
0
20
70
114
183
187
64
0
0
0
0
0
0
0
0
0
0
0
0
6
112
30
0
0
5
132
189
17
0
0
0
0
0
0
0
0
0
0
0
56
122
0
0
0
0
30
192
38
0
0
0
0
0
0
0
0
0
0
0
30
144
8
0
0
0
38
192
38
0
0
0
0
0
0
0
0
0
0
0
2
143
155
57
22
53
205
170
15
0
0
0
0
0
0
0
0
0
0
0
0
3
100
165
141
191
136
25
0
0
0
0
0
0
0
0
0
0
0
0
0
0
0
16
26
25
0
0
0
0
0
0
0
0
0
0
0
0
0
0
0
0
0
0
0
0
0
0
0
0
0
0
0
0
0
0
0
0
0
0
0
0
0
0
0
0
0
0
0
0
0
0
0
0