0
0
0
0
0
0
0
0
0
0
0
0
0
0
0
0
0
0
0
0
0
0
0
0
0
0
0
0
0
0
0
0
0
0
0
0
0
0
0
0
0
0
0
0
0
0
0
3
137
224
124
26
0
0
0
0
0
0
0
0
0
0
0
0
0
0
0
2
153
255
255
186
28
0
0
0
0
0
0
0
0
0
0
0
0
0
0
0
47
152
241
255
138
0
0
0
0
0
0
0
0
0
0
0
0
0
0
0
0
0
146
255
185
11
0
0
0
0
0
0
0
0
0
0
0
0
0
0
20
140
250
255
165
0
0
0
0
0
0
0
0
0
0
0
0
0
19
114
205
255
254
255
206
49
1
0
0
0
0
0
0
0
0
0
0
22
199
255
255
255
255
255
255
240
61
0
0
0
0
0
0
0
0
0
0
29
206
255
255
205
157
148
139
240
210
37
0
0
0
0
0
0
0
0
0
0
60
173
114
17
0
0
0
132
255
123
0
0
0
0
0
0
0
0
0
0
0
0
0
0
0
0
0
143
255
125
0
0
0
0
0
0
0
0
0
24
75
22
0
0
0
37
144
250
255
131
0
0
0
0
0
0
0
0
0
118
254
197
55
26
91
201
255
248
165
68
0
0
0
0
0
0
0
0
0
84
243
255
230
208
250
255
244
131
8
0
0
0
0
0
0
0
0
0
0
0
88
244
255
255
255
229
90
0
0
0
0
0
0
0
0
0
0
0
0
0
0
74
109
108
102
50
0
0
0
0
0
0
0
0
0
0
0
0
0
0
0
0
0
0
0
0
0
0
0
0
0
0
0
0
0
0
0
0
0
0
0
0
0
0
0
0
0
0
0
0
0
0
0
0
0
0
0
0
0
0
0
0
0
0
0
0
0
0
0
0
0
0
0
0