0
0
0
0
0
0
0
0
0
0
0
0
0
0
0
0
0
0
0
0
0
0
0
0
0
0
0
0
0
0
0
0
0
0
0
0
0
0
0
0
0
0
0
0
0
0
0
0
0
0
0
0
0
0
0
0
0
0
0
0
0
0
0
0
0
0
0
0
0
0
0
0
0
0
0
0
0
0
0
0
0
0
0
0
0
0
0
0
0
6
0
0
0
0
0
0
0
0
0
0
0
0
0
0
0
0
0
0
95
217
123
61
49
78
139
157
42
0
0
0
0
0
0
0
0
0
36
138
229
255
255
246
235
255
255
255
91
0
0
0
0
0
0
0
0
63
216
255
255
200
99
52
113
166
253
230
56
0
0
0
0
0
0
0
5
203
255
255
157
26
0
0
0
147
255
142
0
0
0
0
0
0
0
0
6
202
238
151
15
0
0
0
83
246
244
44
0
0
0
0
0
0
0
0
0
18
39
3
0
0
0
47
226
255
109
0
0
0
0
0
0
0
0
0
0
0
0
0
0
0
19
184
255
175
8
0
0
0
0
0
0
0
0
0
0
0
0
0
0
0
119
255
210
35
0
0
0
0
0
0
0
0
0
0
0
0
0
0
1
109
243
227
55
0
0
0
0
0
0
0
0
0
0
0
0
0
0
0
85
236
255
101
0
0
0
0
0
0
0
0
0
0
0
0
0
0
0
78
248
255
135
0
0
0
0
0
0
0
0
0
0
0
0
0
0
0
35
218
255
150
7
0
0
0
0
0
0
0
0
0
0
0
0
0
0
8
165
255
219
32
0
0
0
0
0
0
0
0
0
0
0
0
0
0
0
51
246
245
107
2
0
0
0
0
0
0
0
0
0
0
0
0
0
0
0
8
59
53
0
0
0
0
0
0
0
0
0
0
0
0