0
0
0
0
0
0
0
0
0
0
0
0
0
0
0
0
0
0
0
0
0
0
0
0
0
0
0
0
0
0
0
0
0
0
0
0
0
0
0
0
0
0
0
0
0
0
0
5
32
36
8
0
0
0
0
0
0
0
0
0
0
0
0
0
0
0
0
68
249
255
101
0
0
0
0
0
0
0
0
0
0
0
0
0
0
0
0
82
255
255
145
0
0
0
0
0
0
0
0
0
0
0
0
0
0
0
0
16
195
255
235
67
0
0
0
0
0
0
0
0
0
0
0
0
0
0
0
0
90
249
255
91
0
0
0
0
0
0
0
0
0
0
0
0
0
0
0
0
50
227
255
86
0
0
0
0
0
0
0
0
0
0
0
0
0
0
0
0
4
194
255
125
0
0
0
0
0
0
0
0
0
0
0
0
0
0
0
0
0
181
255
176
9
0
0
0
0
0
0
0
0
0
0
0
0
0
0
0
0
182
255
169
7
0
0
0
0
0
0
0
0
0
0
0
0
0
0
0
0
185
255
192
11
0
0
0
0
0
0
0
0
0
0
0
0
0
0
0
0
148
255
252
50
0
0
0
0
0
0
0
0
0
0
0
0
0
0
0
0
82
250
255
210
53
0
0
0
0
0
0
0
0
0
0
0
0
0
0
0
84
251
253
255
160
4
0
0
0
0
0
0
0
0
0
0
0
0
0
0
86
255
255
245
74
0
0
0
0
0
0
0
0
0
0
0
0
0
0
0
55
186
255
164
5
0
0
0
0
0
0
0
0
0
0
0
0
0
0
0
2
13
34
11
0
0
0
0
0
0
0
0
0
0
0
0
0
0
0
0
0
0
0
0
0
0
0
0
0
0
0
0
0
0
0
0
0
0
0
0
0
0
0
0
0
0
0
0
0
0
0