0
0
0
0
0
0
0
0
0
0
0
0
0
0
0
0
0
0
0
0
0
0
0
0
0
0
0
0
0
0
0
0
0
0
0
0
0
0
0
0
0
0
0
0
0
0
0
0
10
30
20
0
0
0
0
0
0
0
0
0
0
0
0
0
0
0
0
40
174
243
212
121
8
0
0
0
0
0
0
0
0
0
0
0
0
0
55
207
255
228
240
255
123
0
0
0
0
0
0
0
0
0
0
0
0
12
182
255
136
33
78
243
178
0
0
0
0
0
0
0
0
0
0
0
0
45
235
224
0
0
27
216
213
23
0
0
0
0
0
0
0
0
0
0
0
6
168
246
59
29
174
255
235
47
0
0
0
0
0
0
0
0
0
0
0
0
39
180
232
226
250
254
232
44
0
0
0
0
0
0
0
0
0
0
0
0
0
14
74
215
209
235
236
46
0
0
0
0
0
0
0
0
0
0
0
0
0
0
120
255
253
255
218
31
0
0
0
0
0
0
0
0
0
0
0
0
0
31
223
192
211
255
181
0
0
0
0
0
0
0
0
0
0
0
0
0
0
132
240
51
162
255
242
105
0
0
0
0
0
0
0
0
0
0
0
0
30
240
187
89
228
255
255
210
61
0
0
0
0
0
0
0
0
0
0
0
82
248
226
233
255
164
219
249
222
85
0
0
0
0
0
0
0
0
0
0
80
246
255
255
136
0
84
255
255
129
0
0
0
0
0
0
0
0
0
0
52
207
255
143
4
0
10
119
238
98
0
0
0
0
0
0
0
0
0
0
2
21
35
5
0
0
0
0
28
8
0
0
0
0
0
0
0
0
0
0
0
0
0
0
0
0
0
0
0
0
0
0
0
0
0
0
0
0
0
0
0
0
0
0
0
0
0
0
0
0
0
0
0
0