0
0
0
0
0
0
0
0
0
0
0
0
0
0
0
0
0
0
0
0
0
0
0
0
0
0
0
0
0
0
0
0
0
0
0
0
0
0
0
0
0
0
0
0
0
0
0
0
0
2
29
6
0
0
0
0
0
0
0
0
0
0
0
0
0
0
0
0
0
11
184
50
0
0
0
0
0
0
0
0
0
0
0
0
0
0
0
0
0
10
214
88
0
0
0
0
0
0
0
0
0
0
0
0
0
0
0
0
0
59
254
100
0
0
0
0
0
0
0
0
0
0
0
0
0
0
0
0
0
120
255
98
0
0
0
0
0
0
0
0
0
0
0
0
0
0
0
0
0
143
251
80
0
0
0
0
0
0
0
0
0
0
0
0
0
0
0
0
0
139
255
98
0
0
0
0
0
0
0
0
0
0
0
0
0
0
0
0
0
153
255
97
0
0
0
0
0
0
0
0
0
0
0
0
0
0
0
0
0
155
241
62
0
0
0
0
0
0
0
0
0
0
0
0
0
0
0
0
0
156
226
43
0
0
0
0
0
0
0
0
0
0
0
0
0
0
0
0
0
157
224
40
0
0
0
0
0
0
0
0
0
0
0
0
0
0
0
0
0
159
208
17
0
0
0
0
0
0
0
0
0
0
0
0
0
0
0
0
0
159
222
31
0
0
0
0
0
0
0
0
0
0
0
0
0
0
0
0
0
121
242
104
1
0
0
0
0
0
0
0
0
0
0
0
0
0
0
0
0
35
228
181
9
0
0
0
0
0
0
0
0
0
0
0
0
0
0
0
0
0
26
17
0
0
0
0
0
0
0
0
0
0
0
0
0
0
0
0
0
0
0
0
0
0
0
0
0
0
0
0
0
0
0
0
0
0
0
0
0
0
0
0
0
0
0
0
0
0
0
0