0
0
0
0
0
0
0
0
0
0
0
0
0
0
0
0
0
0
0
0
0
0
0
0
0
0
0
0
0
0
0
0
0
0
0
0
0
0
0
0
0
0
0
0
0
0
0
0
0
0
0
53
179
25
0
0
0
0
0
0
0
0
0
0
0
0
0
0
0
0
8
188
190
17
0
0
0
0
0
0
0
0
0
0
0
0
0
0
0
0
135
243
49
0
0
0
0
0
0
0
0
0
0
0
0
0
0
0
0
64
206
73
0
34
16
0
0
0
0
0
0
0
0
0
0
0
0
0
0
181
145
0
34
216
79
0
0
0
0
0
0
0
0
0
0
0
0
0
41
205
73
0
22
208
156
0
0
0
0
0
0
0
0
0
0
0
0
2
172
123
8
0
19
213
167
0
0
0
0
0
0
0
0
0
0
0
0
74
240
58
0
0
18
215
109
0
0
0
0
0
0
0
0
0
0
0
0
180
171
10
0
0
28
209
62
0
0
0
0
0
0
0
0
0
0
0
55
226
68
0
0
0
142
233
42
0
0
0
0
0
0
0
0
0
0
0
133
198
6
0
0
19
224
125
7
0
0
0
0
0
0
0
0
0
0
0
152
188
0
0
36
155
219
20
0
0
0
0
0
0
0
0
0
0
0
0
150
241
80
80
208
244
91
0
0
0
0
0
0
0
0
0
0
0
0
0
130
255
255
255
225
78
0
0
0
0
0
0
0
0
0
0
0
0
0
0
30
79
104
94
55
0
0
0
0
0
0
0
0
0
0
0
0
0
0
0
0
0
0
0
0
0
0
0
0
0
0
0
0
0
0
0
0
0
0
0
0
0
0
0
0
0
0
0
0
0
0
0
0
0
0
0
0
0
0
0
0
0
0
0
0
0
0
0
0
0
0
0
0
0