0
0
0
0
0
0
0
0
0
0
0
0
0
0
0
0
0
0
0
0
0
0
0
0
0
0
0
0
0
0
0
0
0
0
0
0
0
0
0
0
0
0
0
0
0
0
0
0
0
0
0
0
0
0
0
0
0
0
0
0
0
0
0
0
1
37
5
28
98
112
56
0
0
0
0
0
0
0
0
0
0
0
0
0
6
191
197
210
255
255
235
139
13
0
0
0
0
0
0
0
0
0
0
0
1
121
207
224
134
114
185
255
110
0
0
0
0
0
0
0
0
0
0
0
0
0
14
46
0
0
59
254
164
0
0
0
0
0
0
0
0
0
0
0
0
0
0
0
0
0
38
224
167
0
0
0
0
0
0
0
0
0
0
0
0
0
0
0
0
0
66
255
136
0
0
0
0
0
0
0
0
0
0
0
0
0
0
0
0
0
63
255
67
0
0
0
0
0
0
0
0
0
0
0
0
0
0
0
0
0
90
214
20
0
0
0
0
0
0
0
0
0
0
0
0
0
0
0
0
2
216
165
3
0
0
0
0
0
0
0
0
0
0
0
0
0
0
0
0
94
240
62
0
0
0
0
0
0
0
0
0
0
0
0
0
0
0
0
20
207
171
0
0
0
0
0
0
0
0
0
0
0
0
0
0
0
0
0
128
232
45
0
0
0
0
0
0
0
0
0
0
0
0
0
0
0
0
89
249
196
62
29
0
0
0
0
0
0
0
0
0
0
0
0
0
0
0
163
255
253
241
212
170
141
48
0
0
0
0
0
0
0
0
0
0
0
0
21
34
33
89
128
168
227
169
4
0
0
0
0
0
0
0
0
0
0
0
0
0
0
0
0
0
0
0
0
0
0
0
0
0
0
0
0
0
0
0
0
0
0
0
0
0
0
0
0
0
0
0
0