0
0
0
0
0
0
0
0
0
0
0
0
0
0
0
0
0
0
0
0
0
0
0
0
0
0
0
0
0
0
0
0
0
0
0
0
0
0
0
0
0
0
0
0
0
0
0
0
0
0
0
0
0
0
0
0
0
0
0
0
0
0
0
0
0
0
0
0
0
15
56
0
0
0
0
0
0
0
0
0
0
0
0
0
0
0
0
0
0
130
216
40
0
0
0
0
0
0
0
0
0
0
0
0
3
6
0
0
17
211
240
57
0
0
0
0
0
0
0
0
0
0
0
0
46
151
27
0
5
182
235
53
0
0
0
0
0
0
0
0
0
0
0
0
56
247
85
0
0
108
234
65
0
0
0
0
0
0
0
0
0
0
0
0
4
203
205
13
0
20
233
180
9
0
0
0
0
0
0
0
0
0
0
0
0
62
229
153
3
0
212
251
31
0
0
0
0
0
0
0
0
0
0
0
0
0
55
204
188
108
202
255
36
0
0
0
0
0
0
0
0
0
0
0
0
0
0
27
148
202
217
255
106
0
0
0
0
0
0
0
0
0
0
0
0
0
0
0
0
11
59
234
199
0
0
0
0
0
0
0
0
0
0
0
0
0
0
0
0
0
20
202
233
32
0
0
0
0
0
0
0
0
0
0
0
0
0
0
0
0
0
148
246
59
0
0
0
0
0
0
0
0
0
0
0
0
0
0
0
0
0
69
246
131
0
0
0
0
0
0
0
0
0
0
0
0
0
0
0
0
0
21
239
184
9
0
0
0
0
0
0
0
0
0
0
0
0
0
0
0
0
0
158
93
0
0
0
0
0
0
0
0
0
0
0
0
0
0
0
0
0
0
0
0
0
0
0
0
0
0
0
0
0
0
0
0
0
0
0
0
0
0
0
0
0
0
0
0
0
0