0
0
0
0
0
0
0
0
0
0
0
0
0
0
0
0
0
0
0
0
0
0
0
0
0
0
0
0
0
0
0
0
0
0
0
0
0
0
0
0
0
0
0
0
0
0
0
0
0
0
0
0
51
179
229
184
30
0
0
0
0
0
0
0
0
0
0
0
0
0
0
73
235
255
152
91
15
0
0
0
0
0
0
0
0
0
0
0
0
0
67
222
253
104
1
0
0
0
0
0
0
0
0
0
0
0
0
0
0
40
216
255
124
0
0
0
0
0
0
0
0
0
0
0
0
0
0
0
12
176
255
172
7
0
0
0
0
0
0
0
0
0
0
0
0
0
0
0
96
255
186
19
0
0
0
0
0
0
0
0
0
0
0
0
0
0
0
41
221
222
45
0
26
48
38
0
0
0
0
0
0
0
0
0
0
0
0
165
255
110
8
128
216
227
216
61
0
0
0
0
0
0
0
0
0
0
86
255
173
39
169
254
177
178
255
173
0
0
0
0
0
0
0
0
0
23
200
242
96
180
251
115
41
174
253
78
0
0
0
0
0
0
0
0
0
85
255
170
168
255
171
133
231
248
163
3
0
0
0
0
0
0
0
0
1
171
255
192
251
253
247
255
216
89
3
0
0
0
0
0
0
0
0
0
5
203
255
245
255
253
221
123
33
0
0
0
0
0
0
0
0
0
0
0
0
49
155
251
209
82
24
0
0
0
0
0
0
0
0
0
0
0
0
0
0
0
0
82
57
0
0
0
0
0
0
0
0
0
0
0
0
0
0
0
0
0
0
0
0
0
0
0
0
0
0
0
0
0
0
0
0
0
0
0
0
0
0
0
0
0
0
0
0
0
0
0
0
0
0
0
0
0
0
0
0
0
0
0
0
0
0
0
0
0
0
0
0
0
0
0