0
0
0
0
0
0
0
0
0
0
0
0
0
0
0
0
0
0
0
0
0
0
0
0
0
0
0
0
0
0
0
0
0
0
0
0
0
0
0
0
0
0
0
0
0
0
0
0
0
33
141
201
216
171
58
0
0
0
0
0
0
0
0
0
0
0
0
4
108
225
229
160
96
141
212
42
0
0
0
0
0
0
0
0
0
0
0
15
202
212
46
0
0
69
243
91
0
0
0
0
0
0
0
0
0
0
0
0
61
53
0
0
63
216
212
21
0
0
0
0
0
0
0
0
0
0
0
0
0
6
84
147
245
229
69
0
0
0
0
0
0
0
0
0
0
0
0
0
0
122
252
255
228
216
77
0
0
0
0
0
0
0
0
0
0
0
0
0
0
122
234
153
21
136
211
13
0
0
0
0
0
0
0
0
0
0
0
0
0
21
45
5
0
92
255
70
0
0
0
0
0
0
0
0
0
0
0
0
0
0
0
0
0
120
255
86
0
0
0
0
0
33
96
63
0
0
0
0
0
0
0
39
168
232
248
63
0
0
0
0
0
50
229
243
138
0
0
0
0
0
105
207
255
255
161
6
0
0
0
0
0
0
143
255
238
90
19
2
38
106
230
255
255
164
14
0
0
0
0
0
0
0
26
140
231
254
201
181
218
254
255
240
121
16
0
0
0
0
0
0
0
0
0
0
46
200
253
255
255
242
159
46
0
0
0
0
0
0
0
0
0
0
0
0
0
15
80
111
100
71
2
0
0
0
0
0
0
0
0
0
0
0
0
0
0
0
0
0
0
0
0
0
0
0
0
0
0
0
0
0
0
0
0
0
0
0
0
0
0
0
0
0
0
0
0
0
0
0
0
0
0
0
0
0
0
0
0
0
0
0
0
0
0
0
0
0
0
0
0
0