0
0
0
0
0
0
0
0
0
0
0
0
0
0
0
0
0
0
0
0
0
0
0
0
0
0
0
0
0
0
0
0
0
0
0
0
0
0
0
0
0
0
0
0
0
0
0
0
0
10
33
12
2
0
0
0
0
0
0
0
0
0
0
0
0
0
0
0
0
66
247
188
151
43
0
0
0
0
0
0
0
0
0
0
0
0
0
0
0
104
253
255
255
119
0
0
0
0
0
0
0
0
0
0
0
0
0
32
154
242
254
255
255
187
19
0
0
0
0
0
0
0
0
0
0
0
25
192
255
255
255
235
246
203
25
0
0
0
0
0
0
0
0
0
0
10
155
255
255
246
137
42
133
239
62
0
0
0
0
0
0
0
0
0
0
64
241
255
222
103
0
0
63
249
159
0
0
0
0
0
0
0
0
0
0
123
255
255
116
0
0
0
24
234
209
4
0
0
0
0
0
0
0
0
29
217
255
198
27
0
0
0
20
211
213
14
0
0
0
0
0
0
0
0
86
253
255
109
0
0
0
0
15
204
226
34
0
0
0
0
0
0
0
0
84
254
232
31
0
0
0
0
68
247
251
76
0
0
0
0
0
0
0
0
43
233
235
72
31
9
55
110
193
255
205
40
0
0
0
0
0
0
0
0
0
131
255
233
208
182
226
255
255
255
90
0
0
0
0
0
0
0
0
0
0
22
141
244
255
255
255
255
243
156
19
0
0
0
0
0
0
0
0
0
0
0
0
76
157
188
249
183
72
2
0
0
0
0
0
0
0
0
0
0
0
0
0
0
3
13
33
11
0
0
0
0
0
0
0
0
0
0
0
0
0
0
0
0
0
0
0
0
0
0
0
0
0
0
0
0
0
0
0
0
0
0
0
0
0
0
0
0
0
0
0
0
0
0
0
0