0
0
0
0
0
0
0
0
0
0
0
0
0
0
0
0
0
0
0
0
0
0
0
0
0
0
0
0
0
0
0
0
0
0
0
0
0
0
0
0
0
0
0
0
0
0
0
0
0
0
0
0
0
0
0
0
0
0
0
0
0
0
0
0
0
0
0
0
20
95
89
111
52
0
0
0
0
0
0
0
0
0
0
0
0
0
0
23
183
255
252
255
217
141
83
0
0
0
0
0
0
0
0
0
0
0
17
116
255
253
253
252
255
255
204
154
32
0
0
0
0
0
0
0
0
5
149
251
253
254
255
255
255
253
255
255
160
6
0
0
0
0
0
0
0
73
244
255
255
233
86
102
178
245
254
255
221
24
0
0
0
0
0
0
0
158
255
255
223
92
0
0
1
133
245
255
167
7
0
0
0
0
0
0
47
230
254
255
159
0
0
0
0
28
207
255
204
19
0
0
0
0
0
0
170
255
254
213
93
0
0
0
0
55
230
255
251
34
0
0
0
0
0
2
185
255
255
140
0
0
0
0
0
122
255
255
234
27
0
0
0
0
0
41
218
255
255
176
0
0
0
2
97
229
255
247
154
8
0
0
0
0
0
11
193
255
255
202
80
74
46
161
249
255
255
162
2
0
0
0
0
0
0
0
157
255
252
250
248
242
219
255
255
255
255
151
0
0
0
0
0
0
0
0
54
228
255
253
254
254
255
253
239
220
121
37
0
0
0
0
0
0
0
0
0
54
166
252
253
253
255
255
185
51
2
0
0
0
0
0
0
0
0
0
0
0
8
50
69
92
152
95
33
0
0
0
0
0
0
0
0
0
0
0
0
0
0
0
0
0
0
0
0
0
0
0
0
0
0
0
0
0
0
0
0
0
0
0
0
0
0
0
0
0
0
0
0
0
0
0