0
0
0
0
0
0
0
0
0
0
0
0
0
0
0
0
0
0
0
0
0
0
0
0
0
0
0
0
0
0
0
0
0
0
0
0
0
0
0
0
0
0
0
0
0
0
0
0
0
0
4
22
0
0
0
0
0
0
0
0
0
0
0
0
0
0
0
0
0
0
103
224
108
0
0
0
0
0
0
0
0
0
0
0
0
0
0
0
0
20
216
251
175
0
0
0
0
0
0
0
0
0
0
0
0
0
0
0
0
143
254
146
28
0
0
0
0
0
0
0
0
0
0
0
0
0
0
0
28
214
223
230
182
32
0
0
0
0
0
0
0
0
0
0
0
0
0
0
87
252
88
57
246
135
0
0
0
0
0
0
0
0
0
0
0
0
0
0
139
237
24
0
223
153
0
0
0
0
0
0
0
0
0
0
0
0
0
34
233
169
0
0
224
160
2
0
0
0
0
0
0
0
0
0
0
0
0
119
255
137
0
0
224
194
17
0
0
0
0
0
0
0
0
0
0
0
0
155
255
87
0
0
227
172
4
0
0
0
0
0
0
0
0
0
0
0
0
157
255
68
0
57
241
124
0
0
0
0
0
0
0
0
0
0
0
0
0
158
255
68
0
153
253
87
0
0
0
0
0
0
0
0
0
0
0
0
0
128
246
45
73
248
199
7
0
0
0
0
0
0
0
0
0
0
0
0
0
69
212
133
233
236
50
0
0
0
0
0
0
0
0
0
0
0
0
0
0
10
148
231
245
142
0
0
0
0
0
0
0
0
0
0
0
0
0
0
0
0
11
25
30
11
0
0
0
0
0
0
0
0
0
0
0
0
0
0
0
0
0
0
0
0
0
0
0
0
0
0
0
0
0
0
0
0
0
0
0
0
0
0
0
0
0
0
0
0
0
0
0
0