0
0
0
0
0
0
0
0
0
0
0
0
0
0
0
0
0
0
0
0
0
0
0
0
0
0
0
0
0
0
0
0
0
0
0
0
0
0
0
0
0
0
0
0
0
0
0
0
0
0
0
2
27
22
0
0
0
0
0
0
0
0
0
0
0
0
0
0
0
6
72
150
236
168
0
0
0
0
0
0
0
0
0
0
0
0
0
0
15
151
242
255
255
213
35
0
0
0
0
0
0
0
0
0
0
0
0
41
167
255
246
209
247
231
47
0
0
0
0
0
0
0
0
0
0
12
94
222
255
228
89
49
231
227
42
0
0
0
0
0
0
0
0
0
0
73
255
249
128
37
0
113
255
168
2
0
0
0
0
0
0
0
0
0
0
38
163
159
47
0
21
196
255
155
0
0
0
0
0
0
0
0
0
0
0
0
0
42
83
0
62
251
233
57
0
0
0
0
0
0
0
0
0
0
0
0
0
0
0
43
213
255
143
0
0
0
0
0
0
0
0
0
0
0
0
0
0
0
1
163
255
200
32
0
0
0
0
0
0
0
0
0
0
0
0
0
0
7
114
232
255
134
0
29
42
129
71
0
0
0
0
0
0
0
0
0
30
147
255
253
255
203
168
247
244
207
78
0
0
0
0
0
0
0
0
9
152
255
253
254
255
255
248
181
102
25
0
0
0
0
0
0
0
0
80
209
251
255
255
244
181
105
28
4
0
0
0
0
0
0
0
0
0
0
159
255
255
240
134
73
11
0
0
0
0
0
0
0
0
0
0
0
0
0
21
37
36
30
0
0
0
0
0
0
0
0
0
0
0
0
0
0
0
0
0
0
0
0
0
0
0
0
0
0
0
0
0
0
0
0
0
0
0
0
0
0
0
0
0
0
0
0
0
0
0
0
0
0
0
0