0
0
0
0
0
0
0
0
0
0
0
0
0
0
0
0
0
0
0
0
0
0
0
0
0
0
0
0
0
0
0
0
0
0
0
0
0
0
0
0
0
0
0
0
0
0
0
0
0
0
0
0
0
0
0
0
0
0
0
0
0
0
0
0
0
0
0
0
0
0
0
0
0
0
0
0
0
0
0
0
0
0
0
0
0
0
0
0
0
0
0
0
0
0
0
0
0
0
0
0
0
0
0
0
7
31
63
71
70
70
70
72
73
74
73
71
22
0
0
0
0
0
0
58
169
208
255
255
255
255
255
246
236
231
240
255
139
0
0
0
0
0
15
196
255
255
207
161
86
74
78
50
39
32
51
227
181
10
0
0
0
0
37
255
255
179
25
0
0
0
0
0
0
0
70
249
137
0
0
0
0
0
27
234
237
51
0
0
0
0
0
0
0
52
215
243
66
0
0
0
0
0
4
165
212
4
0
0
0
0
0
0
34
218
255
101
0
0
0
0
0
0
0
76
182
7
0
0
0
0
0
0
128
255
166
9
0
0
0
0
0
0
0
4
20
1
0
0
0
0
0
69
244
209
32
0
0
0
0
0
0
0
0
0
0
0
0
0
0
0
32
193
240
59
0
0
0
0
0
0
0
0
0
0
0
0
0
0
0
0
152
255
135
0
0
0
0
0
0
0
0
0
0
0
0
0
0
0
0
92
255
174
21
0
0
0
0
0
0
0
0
0
0
0
0
0
0
0
0
179
255
122
0
0
0
0
0
0
0
0
0
0
0
0
0
0
0
0
44
217
179
17
0
0
0
0
0
0
0
0
0
0
0
0
0
0
0
21
210
252
76
0
0
0
0
0
0
0
0
0
0
0
0
0
0
0
0
26
228
139
4
0
0
0
0
0
0
0
0
0