0
0
0
0
0
0
0
0
0
0
0
0
0
0
0
0
0
0
0
0
0
0
0
0
0
0
0
0
0
0
0
0
0
0
0
0
0
0
0
0
0
0
0
0
0
0
0
0
0
0
0
0
0
0
0
0
0
0
0
0
0
0
0
0
0
0
0
0
0
0
0
0
0
0
0
0
0
0
0
0
0
0
0
0
0
0
0
0
0
0
0
0
0
0
0
0
0
0
0
0
0
0
8
29
0
0
0
0
0
0
0
0
102
77
0
0
0
0
0
0
0
0
35
211
66
0
0
0
0
0
0
0
119
215
27
0
0
0
0
0
0
0
39
255
223
36
0
0
0
0
0
0
18
191
129
0
0
0
0
0
0
0
28
133
207
90
0
0
0
0
0
0
0
50
205
78
0
0
0
0
0
0
0
0
167
179
13
48
99
114
146
186
124
138
247
174
5
0
0
0
0
0
0
0
128
236
167
238
255
255
235
195
212
226
227
239
62
0
0
0
0
0
0
0
45
249
255
255
190
108
53
6
31
47
50
230
128
0
0
0
0
0
0
0
89
255
225
101
10
0
0
0
0
0
0
174
199
14
0
0
0
0
0
0
137
255
88
0
0
0
0
0
0
0
0
124
212
17
0
0
0
0
0
0
38
165
37
0
0
0
0
0
0
0
0
64
222
33
0
0
0
0
0
0
0
2
0
0
0
0
0
0
0
0
0
15
195
45
0
0
0
0
0
0
0
0
0
0
0
0
0
0
0
0
0
0
159
47
0
0
0
0
0
0
0
0
0
0
0
0
0
0
0
0
0
0
33
10
0
0
0
0
0
0
0
0
0
0
0
0
0
0
0
0
0
0
0
0
0
0
0
0
0
0
0
0
0
0
0
0
0
0
0
0
0
0
0
0
0
0