0
0
0
0
0
0
0
0
0
0
0
0
0
0
0
0
0
0
0
0
0
0
0
0
0
0
0
0
0
0
0
0
0
0
0
0
0
0
0
0
0
0
0
0
0
0
0
0
0
0
0
0
0
0
0
0
0
0
0
0
0
0
0
0
0
0
0
0
0
0
0
0
0
0
0
0
0
0
0
0
0
0
0
0
0
0
0
0
0
0
0
0
0
0
0
0
0
0
0
0
0
0
0
2
24
32
40
26
5
0
0
0
0
0
0
0
0
0
0
0
0
0
86
175
203
215
226
207
177
139
103
78
18
0
0
0
0
0
0
0
0
0
198
197
127
131
128
168
216
236
243
250
205
75
6
0
0
0
0
0
0
0
52
28
0
0
0
0
0
32
75
125
245
249
58
0
0
0
0
0
0
0
0
0
0
0
0
5
54
32
45
138
233
255
84
0
0
0
0
0
0
0
0
0
0
0
0
107
255
255
253
255
255
229
44
0
0
0
0
0
0
0
0
0
0
0
0
48
122
108
117
93
185
254
182
44
0
0
0
0
0
0
0
0
0
0
0
6
0
0
0
0
9
111
237
213
43
0
0
0
0
0
0
0
0
0
0
155
107
6
9
3
20
43
164
255
113
0
0
0
0
0
0
0
0
0
0
154
238
204
203
196
214
232
253
213
42
0
0
0
0
0
0
0
0
0
0
6
87
164
159
139
163
163
111
51
0
0
0
0
0
0
0
0
0
0
0
0
0
0
0
0
0
0
0
0
0
0
0
0
0
0
0
0
0
0
0
0
0
0
0
0
0
0
0
0
0
0
0
0
0
0
0
0
0
0
0
0
0
0
0
0
0
0
0
0
0
0
0
0
0
0
0
0
0
0
0
0
0
0
0
0
0
0
0
0
0
0
0
0