0
0
0
0
0
0
0
0
0
0
0
0
0
0
0
0
0
0
0
0
0
0
0
0
0
0
0
0
0
0
0
0
0
0
0
0
0
0
0
0
0
0
0
0
0
0
0
0
0
0
0
0
0
0
0
0
0
0
0
0
0
0
0
0
0
0
0
0
0
0
0
0
0
0
0
0
0
0
0
0
0
0
0
0
0
0
0
0
0
0
0
0
0
0
6
2
0
0
0
0
0
0
0
0
0
0
0
0
13
17
0
0
0
69
217
140
13
0
0
0
0
0
0
0
0
15
76
128
173
149
1
26
145
219
255
155
2
0
0
0
0
0
0
0
15
179
246
226
153
55
117
222
255
255
210
28
0
0
0
0
0
0
0
10
155
255
181
71
96
194
255
183
210
255
168
0
0
0
0
0
0
0
0
7
146
255
215
214
226
193
80
5
153
254
88
0
0
0
0
0
0
0
0
0
10
112
188
168
78
1
0
54
234
188
12
0
0
0
0
0
0
0
0
0
0
0
13
1
0
0
4
160
255
117
0
0
0
0
0
0
0
0
0
0
0
0
0
0
0
0
17
199
225
33
0
0
0
0
0
0
0
0
0
0
0
0
0
0
0
0
93
255
135
0
0
0
0
0
0
0
0
0
0
0
0
0
0
0
0
8
223
244
57
0
0
0
0
0
0
0
0
0
0
0
0
0
0
0
0
74
255
162
5
0
0
0
0
0
0
0
0
0
0
0
0
0
0
0
0
108
244
81
0
0
0
0
0
0
0
0
0
0
0
0
0
0
0
0
0
173
247
75
0
0
0
0
0
0
0
0
0
0
0
0
0
0
0
0
0
133
253
98
0
0
0
0
0
0
0
0
0
0
0
0
0
0
0
0
0
9
58
15
0
0
0
0
0
0
0
0