0
0
0
0
0
0
0
0
0
0
0
0
0
0
0
0
0
0
0
0
0
0
0
0
0
0
0
0
0
0
0
0
0
0
0
0
0
0
0
0
0
0
0
0
0
0
0
0
0
0
0
0
0
0
0
0
0
0
0
0
0
0
0
0
0
0
0
0
0
0
0
0
0
0
0
0
0
0
0
0
0
0
0
0
0
2
93
189
186
186
152
51
0
0
0
0
0
0
0
0
0
0
0
0
25
163
227
184
126
128
190
229
94
21
0
0
0
0
0
0
0
0
0
6
171
250
88
0
0
0
5
134
255
179
21
0
0
0
0
0
0
0
0
84
247
108
0
0
0
0
0
45
235
255
95
0
0
0
0
0
0
0
0
140
255
48
0
0
0
0
0
47
234
255
170
1
0
0
0
0
0
0
0
95
252
105
0
0
0
0
0
36
228
255
209
11
0
0
0
0
0
0
0
13
198
247
148
44
2
0
0
0
205
255
224
21
0
0
0
0
0
0
0
0
63
204
255
224
174
149
118
115
230
255
207
9
0
0
0
0
0
0
0
0
0
25
83
116
165
227
232
230
241
255
141
0
0
0
0
0
0
0
0
0
0
0
0
0
0
22
33
28
102
255
62
0
0
0
0
0
0
0
0
0
0
0
0
0
0
0
0
0
54
255
112
0
0
0
0
0
0
0
0
0
0
0
0
0
0
0
0
0
28
230
174
0
0
0
0
0
0
0
0
0
0
0
0
0
0
0
0
0
8
176
218
12
0
0
0
0
0
0
0
0
0
0
0
0
0
0
0
0
0
81
253
194
24
0
0
0
0
0
0
0
0
0
0
0
0
0
0
0
0
11
108
123
14
0
0
0
0
0
0
0
0
0
0
0
0
0
0
0
0
0
0
0
0
0
0
0