0
0
0
0
0
0
0
0
0
0
0
0
0
0
0
0
0
0
0
0
0
0
0
0
0
0
0
0
0
0
0
0
0
0
0
0
0
0
0
0
0
0
0
0
0
0
0
0
0
13
37
31
4
0
0
0
0
0
0
0
0
0
0
0
0
0
0
0
4
162
255
249
112
0
0
0
0
0
0
0
0
0
0
0
0
0
0
0
28
199
157
228
237
62
0
0
0
0
0
0
0
0
0
0
0
0
0
0
3
49
0
115
255
117
0
0
0
0
0
0
0
0
0
0
0
0
0
6
92
142
0
51
245
186
14
0
0
0
0
0
0
0
0
0
0
0
8
152
242
88
0
1
197
209
27
0
0
0
0
0
0
0
0
0
0
0
61
252
157
0
0
4
204
208
26
0
0
0
0
0
0
0
0
0
0
0
137
255
124
0
0
0
180
185
28
0
0
0
0
0
0
0
0
0
0
0
160
250
57
0
0
30
210
168
8
0
0
0
0
0
0
0
0
0
0
12
185
243
46
0
0
124
255
120
0
0
0
0
0
0
0
0
0
0
0
14
187
255
100
0
22
207
245
71
0
0
0
0
0
0
0
0
0
0
0
0
146
255
161
0
94
236
147
3
0
0
0
0
0
0
0
0
0
0
0
0
91
253
240
151
232
225
99
0
0
0
0
0
0
0
0
0
0
0
0
0
22
209
255
255
248
100
1
0
0
0
0
0
0
0
0
0
0
0
0
0
0
67
217
241
101
0
0
0
0
0
0
0
0
0
0
0
0
0
0
0
0
0
21
29
0
0
0
0
0
0
0
0
0
0
0
0
0
0
0
0
0
0
0
0
0
0
0
0
0
0
0
0
0
0
0
0
0
0
0
0
0
0
0
0
0
0
0
0
0
0
0
0
0
0