0
0
0
0
0
0
0
0
0
0
0
0
0
0
0
0
0
0
0
0
0
0
0
0
0
0
0
0
0
0
0
0
0
0
0
0
0
0
0
0
0
0
0
0
0
0
0
0
0
165
225
223
78
0
0
0
0
0
0
0
0
0
0
0
0
0
0
0
104
255
255
255
217
58
0
0
0
0
0
0
0
0
0
0
0
0
0
128
240
214
65
169
255
156
0
0
0
0
0
0
0
0
0
0
0
0
0
104
159
25
0
0
167
245
53
0
0
0
0
0
0
0
0
0
0
0
0
0
0
0
0
0
124
255
72
0
0
0
0
0
0
0
0
0
0
0
0
0
0
0
0
0
132
255
69
0
0
0
0
0
0
0
0
0
0
0
0
0
0
0
0
0
196
229
41
0
0
0
0
0
0
0
0
0
0
0
0
0
0
0
0
51
249
186
11
0
0
0
0
0
0
0
0
0
0
0
0
0
0
0
0
153
255
90
0
0
0
0
0
0
0
0
0
0
0
3
56
74
70
68
83
213
200
2
0
0
0
0
0
0
0
0
0
0
6
181
246
238
250
243
245
255
183
20
0
0
0
0
0
0
0
0
0
0
90
255
207
84
191
252
255
255
255
233
103
12
0
0
0
0
0
0
0
0
176
255
219
176
212
255
168
61
157
255
255
145
0
0
0
0
0
0
0
0
76
229
255
255
247
158
3
0
0
96
183
46
0
0
0
0
0
0
0
0
0
53
98
107
67
6
0
0
0
7
20
0
0
0
0
0
0
0
0
0
0
0
0
0
0
0
0
0
0
0
0
0
0
0
0
0
0
0
0
0
0
0
0
0
0
0
0
0
0
0
0
0
0
0
0
0
0
0
0
0
0
0
0
0
0
0
0
0
0
0
0
0
0
0
0
0