0
0
0
0
0
0
0
0
0
0
0
0
0
0
0
0
0
0
0
0
0
0
0
0
0
0
0
0
0
0
0
0
0
0
0
0
0
0
0
0
0
0
0
0
0
0
0
0
0
0
0
0
0
0
0
0
0
0
0
0
0
0
0
0
0
0
0
0
0
0
0
0
0
0
0
0
0
0
0
0
0
0
0
0
0
0
0
0
0
26
43
38
28
5
5
0
0
0
0
0
0
0
0
0
0
0
0
0
40
215
255
252
241
219
205
99
11
0
0
0
0
0
0
0
0
0
0
0
26
93
119
156
161
173
241
255
92
0
0
0
0
0
0
0
0
0
0
0
0
0
0
3
26
134
251
222
49
0
0
0
0
0
0
0
0
0
0
0
0
0
42
138
214
248
173
59
0
0
0
0
0
0
0
0
0
0
0
0
37
148
221
235
169
66
8
0
0
0
0
0
0
0
0
0
0
0
0
107
251
255
161
28
0
0
0
0
0
0
0
0
0
0
0
0
0
0
0
104
200
246
218
96
0
0
0
0
0
0
0
0
0
0
47
44
0
0
0
0
7
49
245
215
20
0
0
0
0
0
0
0
0
0
144
129
0
0
0
0
37
133
255
196
15
0
0
0
0
0
0
0
0
0
172
197
77
7
40
170
231
255
187
37
0
0
0
0
0
0
0
0
0
0
72
208
246
255
252
239
215
88
0
0
0
0
0
0
0
0
0
0
0
0
0
21
92
140
115
58
24
0
0
0
0
0
0
0
0
0
0
0
0
0
0
0
0
0
0
0
0
0
0
0
0
0
0
0
0
0
0
0
0
0
0
0
0
0
0
0
0
0
0
0
0
0
0
0
0
0
0
0
0
0
0
0
0
0
0
0
0
0
0
0
0
0
0
0
0
0
0
0