0
0
0
0
0
0
0
0
0
0
0
0
0
0
0
0
0
0
0
0
0
0
0
0
0
0
0
0
0
0
0
0
0
0
0
0
0
0
0
0
0
0
0
0
0
0
0
0
0
0
0
0
14
30
3
0
0
0
0
0
0
0
0
0
0
0
0
0
0
0
0
0
157
212
27
0
0
0
0
0
0
0
0
0
0
0
0
0
0
0
0
81
247
204
27
0
0
0
0
0
0
0
0
0
0
0
0
0
0
0
0
105
255
208
28
0
0
0
0
0
0
0
0
0
0
0
0
0
0
0
7
155
255
154
9
0
0
0
0
0
0
0
0
0
0
0
0
0
0
0
131
255
233
32
0
0
0
0
0
0
0
0
0
0
0
0
0
0
0
0
188
255
207
14
0
0
0
0
0
0
0
0
0
0
0
0
0
0
0
76
237
225
60
0
0
0
0
0
0
0
0
0
0
0
0
0
0
0
46
223
255
143
0
0
0
0
0
0
0
0
0
0
0
0
0
0
0
54
175
254
171
54
0
0
0
0
0
0
0
0
0
0
0
0
0
0
0
144
255
246
57
0
0
0
0
0
0
0
0
0
0
0
0
0
0
3
57
226
250
122
3
0
0
0
0
0
0
0
0
0
0
0
0
0
0
23
182
255
199
19
0
0
0
0
0
0
0
0
0
0
0
0
0
0
0
42
220
255
127
0
0
0
0
0
0
0
0
0
0
0
0
0
0
0
0
48
229
199
29
0
0
0
0
0
0
0
0
0
0
0
0
0
0
0
0
1
28
18
0
0
0
0
0
0
0
0
0
0
0
0
0
0
0
0
0
0
0
0
0
0
0
0
0
0
0
0
0
0
0
0
0
0
0
0
0
0
0
0
0
0
0
0
0
0
0
0
0
0
0
0