0
0
0
0
0
0
0
0
0
0
0
0
0
0
0
0
0
0
0
0
0
0
0
0
0
0
0
0
0
0
0
0
0
0
0
0
0
0
0
0
0
0
0
0
0
0
0
0
0
0
0
0
0
0
0
0
0
0
0
0
0
0
0
0
0
0
0
0
0
0
0
0
0
0
0
0
0
0
0
0
0
0
0
0
0
7
65
151
181
121
56
0
0
0
0
0
0
0
0
0
0
0
0
0
25
202
255
255
255
253
250
146
16
0
0
0
0
0
0
0
0
0
0
0
35
184
221
144
95
89
179
255
146
0
0
0
0
0
0
0
0
0
0
0
0
11
23
1
0
0
18
185
242
50
0
0
0
0
0
0
0
0
0
0
0
0
0
0
0
0
0
141
255
114
0
0
0
0
0
0
0
0
0
0
0
0
0
0
0
0
0
143
255
117
0
0
0
0
0
0
0
0
0
0
0
6
6
6
6
6
0
142
255
114
0
0
0
0
0
0
0
0
0
0
89
179
178
177
177
179
162
205
255
143
10
0
0
0
0
0
0
0
0
10
172
236
230
230
230
230
240
251
255
229
67
0
0
0
0
0
0
0
0
0
7
8
8
8
8
2
77
243
229
69
3
0
0
0
0
0
0
0
0
0
0
0
0
0
0
0
114
255
183
0
0
0
0
0
0
0
0
0
0
0
0
0
0
0
0
0
137
255
114
0
0
0
0
0
0
0
0
0
0
0
0
0
0
0
0
0
137
255
112
0
0
0
0
0
0
0
0
0
0
0
0
0
0
0
0
0
122
255
109
0
0
0
0
0
0
0
0
0
0
0
0
0
0
0
0
0
18
96
39
0
0
0
0
0
0
0
0
0
0
0
0
0
0
0
0
0
0
0
0
0
0
0
0
0
0
0