0
0
0
0
0
0
0
0
0
0
0
0
0
0
0
0
0
0
0
0
0
0
0
0
0
0
0
0
0
0
0
0
0
0
0
0
0
0
0
0
0
0
0
0
0
0
0
0
0
8
15
32
13
0
0
0
0
0
0
0
0
0
0
0
0
0
0
0
72
179
197
255
187
28
0
0
0
0
0
0
0
0
0
0
0
0
0
26
235
255
226
157
156
47
0
0
0
0
0
0
0
0
0
0
0
0
0
37
255
191
10
0
0
0
0
0
0
0
0
0
0
0
0
0
0
0
0
36
255
154
0
0
0
0
0
0
0
0
0
0
0
0
0
0
0
0
0
36
255
170
51
58
1
0
0
0
0
0
0
0
0
0
0
0
0
0
0
36
255
255
255
255
154
25
0
0
0
0
0
0
0
0
0
0
0
0
0
36
255
209
74
68
229
83
0
0
0
0
0
0
0
0
0
0
0
0
0
16
82
15
0
0
197
203
25
0
0
0
0
0
0
0
0
0
0
0
0
0
0
0
0
0
124
246
53
0
0
0
0
0
0
0
0
0
0
0
0
50
105
0
0
0
138
255
75
0
0
0
0
0
0
0
0
0
0
0
0
209
195
10
0
37
239
249
54
0
0
0
0
0
0
0
0
0
0
0
0
154
255
125
69
205
255
131
0
0
0
0
0
0
0
0
0
0
0
0
0
26
237
255
254
255
194
21
0
0
0
0
0
0
0
0
0
0
0
0
0
0
70
212
245
140
24
0
0
0
0
0
0
0
0
0
0
0
0
0
0
0
0
18
31
0
0
0
0
0
0
0
0
0
0
0
0
0
0
0
0
0
0
0
0
0
0
0
0
0
0
0
0
0
0
0
0
0
0
0
0
0
0
0
0
0
0
0
0
0
0
0
0
0