0
0
0
0
0
0
0
0
0
0
0
0
0
0
0
0
0
0
0
0
0
0
0
0
0
0
0
0
0
0
0
0
0
0
0
0
0
0
0
0
0
0
0
0
0
0
0
0
0
0
0
0
0
0
0
0
0
0
0
0
0
0
0
0
0
0
0
0
55
105
108
109
102
28
0
0
0
0
0
0
0
0
0
0
0
0
0
63
231
255
255
255
255
199
52
0
0
0
0
0
0
0
0
0
0
0
0
171
255
234
195
192
202
255
217
67
5
0
0
0
0
0
0
0
0
0
0
187
207
72
5
10
27
207
255
178
9
0
0
0
0
0
0
0
0
0
0
157
156
0
0
100
92
204
247
134
0
0
0
0
0
0
0
0
0
0
0
90
205
69
99
243
180
70
67
27
0
0
0
0
0
0
0
0
0
0
0
55
233
236
243
220
41
0
0
0
0
0
0
0
0
0
0
0
0
0
0
38
230
255
250
95
0
0
0
0
0
0
0
0
0
0
0
0
0
0
0
107
255
255
255
170
4
0
0
0
0
0
0
0
0
0
0
0
0
0
16
196
248
120
147
252
50
0
0
0
0
0
0
0
0
0
0
0
0
0
86
255
187
8
17
168
190
31
0
0
0
0
0
0
0
0
0
0
0
0
51
238
182
6
0
79
242
90
0
0
0
0
0
0
0
0
0
0
0
0
0
169
214
104
104
208
254
91
0
0
0
0
0
0
0
0
0
0
0
0
0
94
255
255
255
255
204
34
0
0
0
0
0
0
0
0
0
0
0
0
0
8
85
197
221
194
40
0
0
0
0
0
0
0
0
0
0
0
0
0
0
0
0
0
0
0
0
0
0
0
0
0
0
0
0
0
0
0
0
0
0
0
0
0
0
0
0
0
0
0
0
0
0
0