0
0
0
0
0
0
0
0
0
0
0
0
0
0
0
0
0
0
0
0
0
0
0
0
0
0
0
0
0
0
0
0
0
0
0
0
0
0
0
0
0
0
0
0
0
0
0
0
0
0
0
0
0
0
0
0
0
0
0
0
0
0
0
0
0
0
0
0
0
0
0
0
0
0
0
0
0
0
0
0
0
0
0
0
0
0
0
0
0
0
0
9
1
0
0
0
0
0
0
0
0
0
0
0
0
0
0
0
0
54
166
244
164
21
0
0
0
0
0
0
0
0
0
0
0
0
0
0
108
237
244
155
241
155
6
0
0
0
0
0
0
0
0
0
0
0
0
76
238
204
43
30
234
199
18
0
0
0
0
0
0
0
0
0
0
0
0
141
253
84
96
205
254
124
0
0
0
0
0
0
0
0
0
0
0
0
0
109
255
223
248
255
229
23
0
0
0
0
0
0
0
0
0
0
0
0
0
17
155
173
175
255
158
0
0
0
0
0
0
0
0
0
0
0
0
0
0
0
0
0
103
255
51
0
0
0
0
0
0
0
0
0
0
0
0
0
0
0
0
0
179
220
19
0
0
0
0
0
0
0
0
0
0
0
0
0
0
0
0
17
219
128
0
0
0
0
0
0
0
0
0
0
0
0
0
0
0
0
0
81
255
95
0
0
0
0
0
0
0
0
0
0
0
0
0
0
0
0
6
190
226
44
0
0
0
0
0
0
0
0
0
0
0
0
0
0
0
0
74
249
165
0
0
0
0
0
0
0
0
0
0
0
0
0
0
0
0
0
119
255
118
0
0
0
0
0
0
0
0
0
0
0
0
0
0
0
0
0
80
238
69
0
0
0
0
0
0
0
0
0
0
0
0
0
0
0
0
0
10
52
8
0
0
0
0
0
0
0
0
0