0
0
0
0
0
0
0
0
0
0
0
0
0
0
0
0
0
0
0
0
0
0
0
0
0
0
0
0
0
0
0
0
0
0
0
0
0
0
0
0
0
0
0
0
0
0
0
0
0
0
0
0
0
0
0
0
0
0
0
0
0
0
0
0
0
0
0
0
0
0
0
0
0
0
0
0
0
0
0
0
0
0
0
0
0
0
2
40
105
111
166
125
99
35
11
0
0
0
0
0
0
0
0
0
0
16
158
246
255
255
244
235
229
240
174
98
18
0
0
0
0
0
0
0
0
107
255
241
175
126
66
55
105
241
255
199
11
0
0
0
0
0
0
0
0
135
255
212
40
0
0
13
194
255
217
54
0
0
0
0
0
0
0
0
0
37
210
255
202
75
0
125
255
190
30
0
0
0
0
0
0
0
0
0
0
0
43
200
255
240
194
240
237
50
0
0
0
0
0
0
0
0
0
0
0
0
0
22
138
245
255
255
215
0
0
0
0
0
0
0
0
0
0
0
0
0
0
0
0
106
253
255
226
25
0
0
0
0
0
0
0
0
0
0
0
0
0
0
0
122
253
251
255
118
0
0
0
0
0
0
0
0
0
0
0
0
0
0
29
217
233
177
255
157
0
0
0
0
0
0
0
0
0
0
0
0
0
0
89
251
129
111
255
180
11
0
0
0
0
0
0
0
0
0
0
0
0
0
117
254
84
209
255
128
0
0
0
0
0
0
0
0
0
0
0
0
0
0
112
255
223
255
227
39
0
0
0
0
0
0
0
0
0
0
0
0
0
0
31
211
255
224
79
0
0
0
0
0
0
0
0
0
0
0
0
0
0
0
0
79
128
32
0
0
0
0
0
0
0
0
0
0
0
0
0
0
0
0
0
0
0
0
0
0
0
0
0
0
0
0