0
0
0
0
0
0
0
0
0
0
0
0
0
0
0
0
0
0
0
0
0
0
0
0
0
0
0
0
0
0
0
0
0
0
0
0
0
0
0
0
0
0
0
0
0
0
0
0
0
0
0
0
0
0
0
0
0
0
0
0
0
0
0
0
0
0
0
0
0
0
65
111
109
64
3
0
0
0
0
0
0
0
0
0
0
0
0
0
56
163
240
255
255
235
63
0
0
0
0
0
0
0
0
0
0
0
0
133
255
255
230
147
148
219
223
3
0
0
0
0
0
0
0
0
0
0
9
207
242
216
111
39
0
117
255
51
0
0
0
0
0
0
0
0
0
0
3
55
33
15
134
128
5
161
255
33
0
0
0
0
0
0
0
0
0
0
0
0
24
21
109
170
171
255
176
1
0
0
0
0
0
0
0
0
0
0
0
14
173
215
210
255
255
202
39
0
0
0
0
0
0
0
0
0
0
0
0
13
184
255
255
255
151
19
0
0
0
0
0
0
0
0
0
0
0
0
0
0
44
83
146
246
136
0
0
0
0
0
0
0
0
0
0
0
33
24
0
0
0
0
0
107
232
59
0
0
0
0
0
0
0
0
0
54
187
76
0
0
0
0
0
64
235
90
0
0
0
0
0
0
0
0
2
160
190
0
0
0
0
0
65
221
244
64
0
0
0
0
0
0
0
0
0
125
235
130
73
53
103
177
255
250
111
0
0
0
0
0
0
0
0
0
0
27
194
255
255
246
255
255
215
93
3
0
0
0
0
0
0
0
0
0
0
0
32
137
189
170
146
85
19
0
0
0
0
0
0
0
0
0
0
0
0
0
0
0
0
0
0
0
0
0
0
0
0
0
0
0
0
0
0
0
0
0
0
0
0
0
0
0
0
0
0
0
0
0
0
0
0
0