0
0
0
0
0
0
0
0
0
0
0
0
0
0
0
0
0
0
0
0
0
0
0
0
0
0
0
0
0
0
0
0
0
0
0
0
0
0
0
0
0
0
0
0
0
0
0
0
0
0
0
0
0
0
0
0
0
0
0
0
0
0
0
0
0
0
0
0
0
0
0
0
0
0
0
0
0
0
0
0
0
0
0
0
5
11
7
10
7
2
2
8
6
1
0
0
0
0
0
0
0
0
0
0
104
251
219
241
225
185
188
227
212
138
15
0
0
0
0
0
0
0
0
0
32
95
97
97
130
155
149
151
244
134
4
0
0
0
0
0
0
0
0
0
0
0
0
0
0
0
0
109
223
29
0
0
0
0
0
0
0
0
0
0
0
0
0
0
0
0
8
181
181
0
0
0
0
0
0
0
0
0
0
0
0
0
0
0
0
0
30
215
113
0
0
0
0
0
0
0
0
0
0
0
0
0
0
0
0
0
62
220
30
0
0
0
0
0
0
0
0
0
0
0
0
0
0
0
0
0
144
196
13
0
0
0
0
0
0
0
0
0
0
0
0
0
0
0
0
5
206
145
0
0
0
0
0
0
0
0
0
0
0
0
0
0
0
0
0
35
250
98
0
0
0
0
0
0
0
0
0
0
0
0
0
0
0
0
0
82
231
61
0
0
0
0
0
0
0
0
0
0
0
0
0
0
0
0
0
122
222
42
0
0
0
0
0
0
0
0
0
0
0
0
0
0
0
0
0
157
227
43
0
0
0
0
0
0
0
0
0
0
0
0
0
0
0
0
0
158
201
7
0
0
0
0
0
0
0
0
0
0
0
0
0
0
0
0
0
164
222
24
0
0
0
0
0
0
0
0
0
0
0
0
0
0
0
0
0
43
60
7
0
0
0
0
0
0
0
0