0
0
0
0
0
0
0
0
0
0
0
0
0
0
0
0
0
0
0
0
0
0
0
0
0
0
0
0
0
0
0
0
0
0
0
0
0
0
0
0
0
0
0
0
0
0
0
0
0
0
0
0
0
0
0
0
0
0
0
0
0
0
0
0
0
0
0
0
0
5
51
79
107
45
0
0
0
0
0
0
0
0
0
0
0
0
0
5
89
186
229
240
255
180
12
15
0
0
0
0
0
0
0
0
0
0
59
177
252
213
107
52
120
194
157
197
33
0
0
0
0
0
0
0
0
41
228
255
118
27
0
0
0
121
250
164
8
0
0
0
0
0
0
0
0
114
255
185
0
0
0
0
82
242
179
13
0
0
0
0
0
0
0
0
0
138
255
124
0
0
0
52
224
206
31
0
0
0
0
0
0
0
0
0
0
44
225
255
167
82
46
201
221
44
0
0
0
0
0
0
0
0
0
0
0
0
73
187
229
249
240
248
60
0
0
0
0
0
0
0
0
0
0
0
0
0
0
0
79
240
255
254
145
6
0
0
0
0
0
0
0
0
0
0
0
0
0
44
199
236
121
128
249
97
0
0
0
0
0
0
0
0
0
0
0
0
64
236
255
94
0
53
251
157
0
0
0
0
0
0
0
0
0
0
0
0
160
255
136
5
0
66
248
132
0
0
0
0
0
0
0
0
0
0
0
0
160
239
29
0
21
170
249
72
0
0
0
0
0
0
0
0
0
0
0
0
58
222
196
159
202
255
164
3
0
0
0
0
0
0
0
0
0
0
0
0
0
37
180
222
179
100
13
0
0
0
0
0
0
0
0
0
0
0
0
0
0
0
0
0
0
0
0
0
0
0
0
0
0
0
0
0
0
0
0
0
0
0
0
0
0
0
0
0
0
0
0
0
0
0