0
0
0
0
0
0
0
0
0
0
0
0
0
0
0
0
0
0
0
0
0
0
0
0
0
0
0
0
0
0
0
0
0
0
0
0
0
0
0
0
0
0
0
0
0
0
0
0
0
0
0
0
0
0
0
0
0
0
0
0
0
0
0
0
0
0
0
0
0
0
0
0
0
0
0
0
0
0
0
0
0
0
0
0
0
0
0
0
0
10
79
129
167
152
85
5
0
0
0
0
0
0
0
0
0
0
0
22
127
207
209
172
189
207
248
127
0
0
0
0
0
0
0
0
0
0
13
174
165
68
25
0
0
96
253
177
0
0
0
0
0
0
0
0
0
0
71
199
0
0
0
17
149
177
114
164
23
0
0
0
0
0
0
0
0
0
59
220
63
0
64
192
173
33
0
48
0
0
0
0
0
0
0
0
0
0
4
154
213
125
198
112
8
0
0
0
0
0
0
0
0
0
0
0
0
0
0
26
232
255
68
0
0
0
0
0
0
0
0
0
0
0
0
0
0
0
0
110
198
159
173
32
0
0
0
0
0
0
0
0
0
0
0
0
0
0
41
207
66
0
169
149
0
0
0
0
0
0
0
0
0
0
0
0
0
0
76
189
0
0
38
211
54
0
0
0
0
0
0
0
0
0
0
0
0
0
73
211
26
0
2
175
92
0
0
0
0
0
0
0
0
0
0
0
0
0
25
205
174
1
0
148
101
0
0
0
0
0
0
0
0
0
0
0
0
0
0
58
232
143
12
160
84
0
0
0
0
0
0
0
0
0
0
0
0
0
0
0
113
222
235
231
53
0
0
0
0
0
0
0
0
0
0
0
0
0
0
0
0
11
136
68
0
0
0
0
0
0
0
0
0
0
0
0
0
0
0
0
0
0
0
0
0
0
0
0
0
0
0
0