0
0
0
0
0
0
0
0
0
0
0
0
0
0
0
0
0
0
0
0
0
0
0
0
0
0
0
0
0
0
0
0
0
0
0
0
0
0
0
0
0
0
0
0
0
0
0
0
0
0
0
0
8
15
3
0
0
0
0
0
0
0
0
0
0
0
0
0
0
11
66
103
177
198
158
47
0
0
0
0
0
0
0
0
0
0
0
0
70
166
238
255
209
214
255
174
0
0
0
0
0
0
0
0
0
0
0
101
233
255
255
166
15
4
142
241
66
0
0
0
0
0
0
0
0
0
0
120
228
171
93
19
0
0
148
255
92
0
0
0
0
0
0
0
0
0
0
1
24
7
0
0
0
44
228
197
17
0
0
0
0
0
0
0
0
0
0
0
0
0
0
0
23
187
246
64
0
0
0
0
0
0
0
0
0
0
0
0
0
0
0
0
140
255
140
0
0
0
0
0
0
0
0
0
0
35
63
62
62
60
25
58
237
224
57
0
0
0
0
0
0
0
0
9
113
224
251
238
241
248
203
220
255
160
0
0
0
0
0
0
0
0
24
173
250
189
73
22
78
225
255
253
251
244
162
50
1
0
0
0
0
0
178
230
92
0
4
75
213
244
163
89
95
152
217
164
13
0
0
0
0
0
229
185
6
51
180
244
204
81
7
0
0
2
30
27
1
0
0
0
0
0
93
225
196
253
248
142
0
0
0
0
0
0
0
0
0
0
0
0
0
0
3
99
189
170
74
0
0
0
0
0
0
0
0
0
0
0
0
0
0
0
0
0
11
7
0
0
0
0
0
0
0
0
0
0
0
0
0
0
0
0
0
0
0
0
0
0
0
0
0
0
0
0
0
0
0
0
0
0
0
0
0
0
0
0
0
0
0
0
0
0
0
0
0
0
0
0
0
0