0
0
0
0
0
0
0
0
0
0
0
0
0
0
0
0
0
0
0
0
0
0
0
0
0
0
0
0
0
0
0
0
0
0
0
0
0
0
0
0
0
0
0
0
0
0
0
0
0
0
0
0
0
0
0
0
0
0
0
0
0
0
0
0
0
0
0
0
0
0
0
0
0
0
0
0
0
0
0
0
0
0
0
0
0
0
0
0
0
0
0
0
0
0
0
0
0
0
0
0
0
0
0
0
0
0
0
0
0
0
0
0
0
16
32
57
80
124
68
0
0
0
0
0
0
0
0
0
0
3
68
142
163
192
215
251
238
200
88
0
0
0
0
0
0
0
0
0
15
45
184
192
185
125
88
48
28
11
0
0
0
0
0
0
0
0
0
85
192
96
9
0
0
0
0
0
0
0
0
0
0
0
0
0
0
0
80
223
107
0
0
0
0
0
0
0
0
0
0
0
0
0
0
0
0
31
218
198
61
36
0
0
0
0
0
0
0
0
0
0
0
0
0
0
0
17
140
213
238
221
108
0
0
0
0
0
0
0
0
0
0
0
0
0
7
11
4
13
48
207
220
29
0
0
0
0
0
0
0
0
0
0
0
0
15
2
0
19
155
255
165
21
0
0
0
0
0
0
0
0
0
0
0
0
96
146
152
211
240
156
27
0
0
0
0
0
0
0
0
0
0
0
0
0
48
169
200
177
77
1
0
0
0
0
0
0
0
0
0
0
0
0
0
0
0
0
2
0
0
0
0
0
0
0
0
0
0
0
0
0
0
0
0
0
0
0
0
0
0
0
0
0
0
0
0
0
0
0
0
0
0
0
0
0
0
0
0
0
0
0
0
0
0
0
0
0
0
0
0
0
0
0
0
0
0
0
0
0
0
0
0
0
0
0
0
0
0
0
0
0