0
0
0
0
0
0
0
0
0
0
0
0
0
0
0
0
0
0
0
0
0
0
0
0
0
0
0
0
0
0
0
0
0
0
0
0
0
0
0
0
0
0
0
0
0
0
0
0
0
0
0
0
0
122
222
128
0
0
0
0
0
0
0
0
0
0
0
0
0
0
0
6
120
255
198
82
0
0
0
0
0
0
0
0
0
0
0
0
0
0
0
94
255
139
10
0
0
0
0
0
0
0
0
0
0
0
0
0
0
0
86
245
214
0
0
0
0
0
0
0
0
0
0
0
0
0
0
0
0
55
239
255
120
0
0
0
0
0
0
0
0
0
0
0
0
0
0
0
2
153
255
175
13
0
0
0
0
0
0
0
0
0
0
0
0
0
0
0
89
255
254
117
0
0
0
0
0
0
0
0
0
0
0
0
0
0
0
2
168
255
255
249
161
0
0
0
0
0
0
0
0
0
0
0
0
0
0
62
255
245
210
227
255
79
0
0
0
0
0
0
0
0
0
0
0
0
0
130
255
178
13
137
255
90
0
0
0
0
0
0
0
0
0
0
0
0
0
205
255
152
64
230
232
3
0
0
0
0
0
0
0
0
0
0
0
0
0
220
255
164
250
255
162
0
0
0
0
0
0
0
0
0
0
0
0
0
0
218
255
234
255
230
31
0
0
0
0
0
0
0
0
0
0
0
0
0
0
107
255
241
179
60
0
0
0
0
0
0
0
0
0
0
0
0
0
0
0
11
114
63
0
0
0
0
0
0
0
0
0
0
0
0
0
0
0
0
0
0
0
0
0
0
0
0
0
0
0
0
0
0
0
0
0
0
0
0
0
0
0
0
0
0
0
0
0
0
0
0
0
0
0
0
0
0
0
0
0
0
0
0
0
0
0
0
0
0
0
0
0
0