0
0
0
0
0
0
0
0
0
0
0
0
0
0
0
0
0
0
0
0
0
0
0
0
0
0
0
0
0
0
0
0
0
0
0
0
0
0
0
0
0
0
0
0
0
0
0
0
0
0
0
6
30
6
0
0
0
0
0
0
0
0
0
0
0
0
0
0
0
0
0
46
225
73
0
0
0
0
0
0
0
0
0
0
0
0
0
0
0
0
0
43
239
146
0
0
0
0
0
0
0
0
0
0
0
0
0
0
0
0
0
42
239
205
25
0
0
0
0
0
0
0
0
0
0
0
0
0
50
139
18
41
237
222
38
0
0
0
0
0
0
0
0
0
0
0
0
4
161
234
18
40
237
219
36
0
0
0
0
0
0
0
0
0
0
0
0
112
255
149
0
41
238
206
27
0
0
0
0
0
0
0
0
0
0
0
67
237
198
25
0
37
237
215
28
0
0
0
0
0
0
0
0
0
20
109
226
234
81
8
38
106
246
228
90
71
12
0
0
0
0
0
0
49
194
255
255
235
178
186
231
253
255
246
208
147
23
0
0
0
0
0
0
111
255
250
233
219
175
163
149
147
251
177
25
7
0
0
0
0
0
0
0
39
139
95
43
11
0
0
0
65
249
181
8
0
0
0
0
0
0
0
0
0
0
0
0
0
0
0
0
117
255
219
38
0
0
0
0
0
0
0
0
0
0
0
0
0
0
0
0
120
255
223
40
0
0
0
0
0
0
0
0
0
0
0
0
0
0
0
0
76
251
170
13
0
0
0
0
0
0
0
0
0
0
0
0
0
0
0
0
2
32
14
0
0
0
0
0
0
0
0
0
0
0
0
0
0
0
0
0
0
0
0
0
0
0
0
0
0
0
0
0
0
0
0
0
0
0
0
0
0
0
0
0
0
0
0
0
0