0
0
0
0
0
0
0
0
0
0
0
0
0
0
0
0
0
0
0
0
0
0
0
0
0
0
0
0
0
0
0
0
0
0
0
0
0
0
0
0
0
0
0
0
0
0
0
0
0
0
0
0
0
0
0
0
0
0
0
0
0
0
0
0
0
0
0
0
0
0
0
0
0
0
0
0
0
0
0
0
0
0
0
0
0
0
0
59
180
191
189
178
84
2
0
0
0
0
0
0
0
0
0
0
0
0
69
237
244
212
230
255
252
117
4
0
0
0
0
0
0
0
0
0
0
30
208
216
58
17
40
108
226
247
66
0
0
0
0
0
0
0
0
0
0
36
212
145
0
0
0
0
145
255
94
0
0
0
0
0
0
0
0
0
0
0
38
11
0
0
22
101
235
226
41
0
0
0
0
0
0
0
0
0
0
0
0
23
69
132
208
254
224
89
0
0
0
0
0
0
0
0
0
0
0
48
177
236
255
255
255
199
33
0
0
0
0
0
0
0
0
0
0
0
0
71
210
205
163
149
232
230
117
9
0
0
0
0
0
0
0
0
0
0
0
3
17
18
5
0
60
230
248
65
0
0
0
0
0
0
0
0
0
0
0
0
0
0
0
0
0
93
252
120
0
0
0
0
0
0
0
0
0
0
0
0
0
0
0
0
0
98
254
125
0
0
0
0
0
0
0
0
0
0
0
0
0
0
0
0
55
222
252
62
0
0
0
0
0
0
0
0
0
0
0
0
0
0
17
104
222
255
136
12
0
0
0
0
0
0
0
0
0
0
0
19
92
168
210
241
204
96
0
0
0
0
0
0
0
0
0
0
0
0
0
29
138
155
125
69
6
0
0
0
0
0
0
0
0
0
0
0
0
0
0
0
0
0
0
0
0
0
0
0
0
0
0
0
0
0