0
0
0
0
0
0
0
0
0
0
0
0
0
0
0
0
0
0
0
0
0
0
0
0
0
0
0
0
0
0
0
0
0
0
0
0
0
0
0
0
0
0
0
0
0
0
0
0
0
0
0
0
0
0
0
0
0
0
0
0
0
0
0
0
0
0
0
0
0
0
0
0
0
0
0
0
0
0
0
0
0
0
0
0
0
0
0
0
0
0
2
3
9
10
0
0
0
0
0
0
0
0
0
0
0
0
0
11
62
136
177
193
248
253
136
0
0
0
0
0
0
0
0
0
0
28
130
187
244
255
209
178
155
208
239
27
0
0
0
0
0
0
0
0
25
192
253
222
134
59
17
8
0
105
252
36
0
0
0
0
0
0
0
0
76
153
70
8
0
0
0
0
0
143
255
36
0
0
0
0
0
0
0
0
5
0
0
0
0
0
0
0
36
227
188
12
0
0
0
0
0
0
0
0
0
0
0
0
0
0
0
0
169
238
46
0
0
0
0
0
0
0
0
0
0
0
0
0
0
0
0
69
245
129
0
0
0
0
0
0
0
0
0
0
0
0
0
0
0
0
17
188
216
21
0
0
0
0
0
0
0
0
0
0
0
0
0
0
0
6
175
244
69
0
0
0
0
0
0
0
0
0
0
0
0
0
0
0
18
142
255
121
0
0
0
0
0
0
0
0
0
0
0
0
0
0
0
16
169
255
127
0
0
0
0
0
0
0
0
0
0
0
0
0
0
0
0
154
243
127
0
0
0
0
0
0
0
0
0
0
0
0
0
0
0
0
114
255
143
2
0
0
0
0
0
0
0
0
0
0
0
0
0
0
0
11
194
223
13
0
0
0
0
0
0
0
0
0
0
0
0
0
0
0
0
0
46
49
0
0
0
0
0
0
0
0
0
0
0
0