0
0
0
0
0
0
0
0
0
0
0
0
0
0
0
0
0
0
0
0
0
0
0
0
0
0
0
0
0
0
0
0
0
0
0
0
0
0
0
0
0
0
0
0
0
0
0
0
0
85
196
222
210
98
1
0
0
0
0
0
0
0
0
0
0
0
0
0
0
102
219
254
255
239
50
0
0
0
0
0
0
0
0
0
0
0
0
0
0
0
120
247
255
192
22
0
0
0
0
0
0
0
0
0
0
0
0
0
0
1
175
255
242
62
0
0
0
0
0
0
0
0
0
0
0
0
0
0
0
0
54
163
250
156
22
0
0
0
0
0
0
0
0
0
0
0
0
0
0
0
0
1
73
250
115
0
0
0
0
0
0
0
0
0
0
0
0
0
0
0
0
0
8
194
214
5
0
0
0
0
0
0
0
0
0
0
0
0
0
0
0
0
31
235
230
8
0
0
0
0
0
0
0
0
0
0
0
0
0
0
0
0
126
255
172
1
0
0
0
0
0
0
0
0
0
0
0
0
0
0
0
48
240
246
68
0
0
0
0
0
0
0
1
0
0
0
0
0
0
0
41
200
255
158
0
0
0
0
0
0
0
0
124
140
49
0
0
0
8
85
206
255
226
50
0
0
0
0
0
0
0
0
171
255
233
175
119
124
195
252
255
232
75
0
0
0
0
0
0
0
0
0
14
69
186
224
245
255
255
235
159
40
0
0
0
0
0
0
0
0
0
0
0
0
9
34
75
101
106
55
3
0
0
0
0
0
0
0
0
0
0
0
0
0
0
0
0
0
0
0
0
0
0
0
0
0
0
0
0
0
0
0
0
0
0
0
0
0
0
0
0
0
0
0
0
0
0
0
0
0
0
0
0
0
0
0
0
0
0
0
0
0
0
0
0
0
0
0
0
0