0
0
0
0
0
0
0
0
0
0
0
0
0
0
0
0
0
0
0
0
0
0
0
0
0
0
0
0
0
0
0
0
0
0
0
0
0
0
0
0
0
0
0
0
0
0
0
0
0
0
0
0
0
0
0
0
0
0
0
0
0
0
0
0
0
0
0
0
0
0
0
40
62
110
103
13
0
0
0
0
0
0
0
0
0
0
0
3
56
110
189
227
243
255
255
162
13
0
0
0
0
0
0
0
0
0
0
90
255
255
232
197
184
223
255
208
32
0
0
0
0
0
0
0
0
0
0
45
127
111
45
0
92
214
255
111
0
0
0
0
0
0
0
0
0
0
0
0
0
0
26
131
252
248
128
15
0
0
0
0
0
0
0
0
0
0
0
0
38
126
224
255
186
68
0
0
0
0
0
0
0
0
0
0
0
0
26
130
223
255
255
255
147
1
0
0
0
0
0
0
0
0
0
0
0
51
209
255
228
165
148
202
242
100
0
0
0
0
0
0
0
0
0
0
0
84
202
133
42
1
0
33
231
238
48
0
0
0
0
0
0
0
0
0
0
3
15
0
0
0
0
11
224
255
63
0
0
0
0
0
0
0
0
1
2
0
0
0
0
0
0
77
247
189
20
0
0
0
0
0
0
0
31
176
129
0
0
0
0
0
51
220
244
67
0
0
0
0
0
0
0
0
112
255
233
67
31
32
46
133
238
249
103
0
0
0
0
0
0
0
0
0
25
130
234
242
216
215
234
255
213
79
0
0
0
0
0
0
0
0
0
0
0
0
27
140
221
226
193
78
18
0
0
0
0
0
0
0
0
0
0
0
0
0
0
0
0
0
0
0
0
0
0
0
0
0
0
0
0
0
0
0
0
0
0
0
0
0
0
0
0
0
0
0
0
0
0
0
0
0