0
0
0
0
0
0
0
0
0
0
0
0
0
0
0
0
0
0
0
0
0
0
0
0
0
0
0
0
0
0
0
0
0
0
0
0
0
0
0
0
0
0
0
0
0
0
0
0
0
0
1
26
29
0
0
0
0
0
0
0
0
0
0
0
0
0
0
0
0
0
3
181
243
125
21
0
0
0
0
0
0
0
0
0
0
0
0
0
0
11
132
226
255
219
33
0
0
0
0
0
0
0
0
0
0
0
0
0
0
42
231
255
250
254
149
13
0
0
0
0
0
0
0
0
0
0
0
7
108
175
246
255
255
254
249
74
0
0
0
0
0
0
0
0
0
0
0
20
210
255
255
196
118
204
255
144
0
0
0
0
0
0
0
0
0
0
64
168
253
210
119
35
29
215
255
193
3
0
0
0
0
0
0
0
0
14
186
255
255
156
0
0
35
213
255
225
46
0
0
0
0
0
0
0
0
75
229
255
115
3
0
0
33
211
255
134
5
0
0
0
0
0
0
0
3
190
255
239
64
0
0
0
59
255
152
7
0
0
0
0
0
0
0
0
1
169
255
237
90
0
0
74
156
228
93
0
0
0
0
0
0
0
0
0
5
204
255
208
46
47
114
215
255
136
0
0
0
0
0
0
0
0
0
0
2
175
255
252
216
223
255
255
216
37
0
0
0
0
0
0
0
0
0
0
1
162
253
253
255
255
232
180
52
0
0
0
0
0
0
0
0
0
0
0
0
21
174
255
218
147
74
8
0
0
0
0
0
0
0
0
0
0
0
0
0
0
13
37
23
0
0
0
0
0
0
0
0
0
0
0
0
0
0
0
0
0
0
0
0
0
0
0
0
0
0
0
0
0
0
0
0
0
0
0
0
0
0
0
0
0
0
0
0
0
0
0
0
0
0
0