0
0
0
0
0
0
0
0
0
0
0
0
0
0
0
0
0
0
0
0
0
0
0
0
0
0
0
0
0
0
0
0
0
0
0
0
0
0
0
0
0
0
0
0
0
0
0
9
4
11
17
24
5
0
0
0
0
0
0
0
0
0
0
0
32
100
146
180
166
186
200
223
164
49
0
0
0
0
0
0
0
0
0
28
188
255
255
216
141
188
254
255
255
129
0
0
0
0
0
0
0
0
0
2
87
113
125
92
17
81
235
255
212
66
0
0
0
0
0
0
0
0
0
0
0
3
60
168
200
243
255
218
46
0
0
0
0
0
0
0
0
0
0
0
0
58
239
255
255
252
255
247
187
112
40
0
0
0
0
0
0
0
0
0
0
26
102
99
98
97
128
197
237
255
236
125
12
0
0
0
0
0
0
0
0
0
0
0
0
0
0
20
48
120
225
255
133
0
0
0
0
0
0
0
0
0
0
0
0
0
0
0
0
0
66
207
248
86
0
0
0
0
0
0
38
27
41
98
93
18
0
0
0
0
0
69
249
214
0
0
0
0
0
63
222
223
209
232
218
115
14
0
0
0
0
29
217
223
0
0
0
0
0
113
255
216
67
44
37
4
0
0
0
0
0
82
242
223
0
0
0
0
0
76
243
247
204
129
112
59
22
23
21
67
152
235
255
165
0
0
0
0
0
0
58
109
206
224
237
255
255
253
251
255
255
227
121
10
0
0
0
0
0
0
0
0
17
43
65
105
104
138
174
162
149
44
0
0
0
0
0
0
0
0
0
0
0
0
0
0
0
0
8
4
0
0
0
0
0
0
0
0
0
0
0
0
0
0
0
0
0
0
0
0
0
0
0
0
0
0
0
0
0
0
0
0
0
0
0
0
0
0
0
0
0
0
0
0
0
0