0
0
0
0
0
0
0
0
0
0
0
0
0
0
0
0
0
0
0
0
0
0
0
0
0
0
0
0
0
0
0
0
0
0
0
0
0
0
0
0
0
0
0
0
0
0
0
0
0
0
0
0
0
30
17
7
0
0
0
0
0
0
0
0
0
0
0
0
0
0
0
1
88
239
197
51
0
0
0
0
0
0
0
0
0
0
0
0
0
0
0
45
229
255
255
39
0
0
0
0
0
0
0
0
0
0
0
0
0
0
0
135
255
255
197
21
0
0
0
0
0
0
0
0
0
0
0
0
0
0
80
241
255
255
56
0
0
0
0
0
0
0
0
0
0
0
0
0
0
0
148
255
255
178
18
0
0
0
0
0
0
0
0
0
0
0
0
0
2
99
241
255
226
47
0
0
0
0
0
0
0
0
0
0
0
0
0
0
12
193
255
255
172
0
0
0
0
0
0
0
0
0
0
0
0
0
0
0
120
250
255
239
67
0
0
0
0
0
0
0
0
0
0
0
0
0
0
65
235
255
252
127
0
0
0
0
0
0
0
0
0
0
0
0
0
0
31
212
255
255
203
22
0
0
0
0
0
0
0
0
0
0
0
0
0
16
164
255
254
243
92
0
0
0
0
0
0
0
0
0
0
0
0
0
0
99
255
253
255
165
1
0
0
0
0
0
0
0
0
0
0
0
0
0
33
206
255
255
208
33
0
0
0
0
0
0
0
0
0
0
0
0
0
2
152
255
255
235
74
0
0
0
0
0
0
0
0
0
0
0
0
0
0
2
28
37
36
27
0
0
0
0
0
0
0
0
0
0
0
0
0
0
0
0
0
0
0
0
0
0
0
0
0
0
0
0
0
0
0
0
0
0
0
0
0
0
0
0
0
0
0
0
0
0
0
0
0
0
0
0