0
0
0
0
0
0
0
0
0
0
0
0
0
0
0
0
0
0
0
0
0
0
0
0
0
0
0
0
0
0
0
0
0
0
0
0
0
0
0
0
0
0
0
0
0
0
0
0
0
0
0
0
0
0
0
0
0
0
0
0
0
0
0
0
0
0
0
0
0
0
0
0
0
0
0
0
0
0
0
0
0
0
0
0
0
0
0
0
0
0
0
0
0
0
0
0
0
0
0
0
0
0
0
0
0
0
0
0
0
0
0
0
0
0
0
0
0
0
0
0
0
4
1
0
0
0
0
0
2
29
78
111
151
150
57
0
0
0
0
0
0
63
20
0
0
80
170
193
221
230
229
225
215
214
230
89
0
0
0
0
0
104
34
0
6
195
220
184
145
112
65
17
0
55
235
153
0
0
0
0
0
30
9
0
0
29
34
10
0
0
0
0
83
228
230
56
0
0
0
0
0
0
0
0
0
0
0
0
0
0
4
125
254
202
51
0
0
0
0
0
0
0
0
0
0
0
0
0
0
0
135
255
178
26
0
0
0
0
0
0
0
0
0
0
0
0
0
0
6
139
255
153
13
0
0
0
0
0
0
0
0
0
0
0
0
0
0
1
155
255
130
7
0
0
0
0
0
0
0
0
0
0
0
0
0
0
12
155
255
144
0
0
0
0
0
0
0
0
0
0
0
0
0
0
0
0
126
255
161
13
0
0
0
0
0
0
0
0
0
0
0
0
0
0
0
0
54
95
13
0
0
0
0
0
0
0
0
0
0
0
0
0
0
0
0
0
0
0
0
0
0
0
0
0
0
0
0
0
0
0
0
0
0
0
0
0
0
0
0
0
0
0
0
0
0
0
0
0
0
0
0
0
0
0
0
0
0
0
0
0
0
0
0
0
0
0
0
0
0
0