0
0
0
0
0
0
0
0
0
0
0
0
0
0
0
0
0
0
0
0
0
0
0
0
0
0
0
0
0
0
0
0
0
0
0
0
0
0
0
0
0
0
0
0
0
0
0
0
0
0
21
11
0
0
0
0
0
0
0
0
0
0
0
0
0
0
0
0
0
15
199
84
0
0
0
0
0
0
0
0
0
0
0
0
0
0
0
0
0
58
225
57
0
0
0
0
0
0
0
0
0
0
0
0
0
0
0
0
0
107
199
11
0
0
0
0
0
0
0
0
0
0
0
0
0
0
0
0
0
116
198
9
0
0
0
0
0
0
0
0
0
0
0
0
0
0
0
0
0
123
199
9
0
0
0
0
0
0
0
0
0
0
0
0
0
0
0
0
0
165
204
9
0
0
0
0
0
0
0
0
0
0
0
0
0
0
0
0
0
169
204
9
0
0
0
0
0
0
0
0
0
0
0
0
0
0
0
0
0
166
221
33
0
0
0
0
0
0
0
0
0
0
0
0
0
0
0
0
0
126
251
87
0
0
0
0
0
0
0
0
0
0
0
0
0
0
0
0
0
41
245
173
7
0
0
0
0
0
0
0
0
0
0
0
0
0
0
0
0
4
214
192
13
0
0
0
0
0
0
0
0
0
0
0
0
0
0
0
0
1
174
192
12
0
0
0
0
0
0
0
0
0
0
0
0
0
0
0
0
0
167
197
14
0
0
0
0
0
0
0
0
0
0
0
0
0
0
0
0
0
130
239
26
0
0
0
0
0
0
0
0
0
0
0
0
0
0
0
0
0
11
37
4
0
0
0
0
0
0
0
0
0
0
0
0
0
0
0
0
0
0
0
0
0
0
0
0
0
0
0
0
0
0
0
0
0
0
0
0
0
0
0
0
0
0
0
0
0
0
0