0
0
0
0
0
0
0
0
0
0
0
0
0
0
0
0
0
0
0
0
0
0
0
0
0
0
0
0
0
0
0
0
0
0
0
0
0
0
0
0
0
0
0
0
0
0
0
0
0
0
0
0
0
4
29
1
0
0
0
0
0
0
0
0
0
0
0
0
0
0
0
0
0
105
229
11
0
0
0
0
0
0
0
0
0
0
0
0
0
0
0
0
49
238
236
8
0
0
0
0
0
0
0
0
0
0
0
0
0
0
0
0
155
255
176
2
0
0
0
0
0
0
0
0
0
0
0
0
0
0
0
52
227
229
58
0
0
0
0
0
0
0
0
0
0
0
0
0
0
0
0
129
255
165
3
0
0
0
0
0
0
0
0
0
0
0
0
0
0
0
48
222
246
72
0
0
0
0
0
0
0
0
0
0
0
0
0
0
0
10
173
255
197
1
0
0
0
0
0
0
0
0
0
0
0
0
0
0
18
160
255
255
102
0
0
0
0
0
0
0
0
0
0
0
0
0
0
0
134
255
250
146
11
0
0
0
0
0
0
0
0
0
0
0
0
0
0
90
245
255
134
0
0
0
0
0
0
0
0
0
0
0
0
0
0
0
41
223
255
204
23
0
0
0
0
0
0
0
0
0
0
0
0
0
0
15
178
255
240
81
0
0
0
0
0
0
0
0
0
0
0
0
0
0
0
134
255
240
75
0
0
0
0
0
0
0
0
0
0
0
0
0
0
0
0
142
255
115
0
0
0
0
0
0
0
0
0
0
0
0
0
0
0
0
0
10
37
3
0
0
0
0
0
0
0
0
0
0
0
0
0
0
0
0
0
0
0
0
0
0
0
0
0
0
0
0
0
0
0
0
0
0
0
0
0
0
0
0
0
0
0
0
0
0
0
0
0
0
0
0