0
0
0
0
0
0
0
0
0
0
0
0
0
0
0
0
0
0
0
0
0
0
0
0
0
0
0
0
0
0
0
0
0
0
0
0
0
0
0
0
0
0
0
0
0
0
0
0
0
0
0
0
0
0
0
0
0
0
0
0
0
0
0
0
0
0
0
13
61
107
107
61
12
0
0
0
0
0
0
0
0
0
0
0
0
0
25
171
235
255
255
236
183
74
0
0
0
0
0
0
0
0
0
0
0
6
156
255
255
254
178
233
255
176
8
0
0
0
0
0
0
0
0
0
0
11
180
255
255
177
0
129
255
215
34
0
0
0
0
0
0
0
0
0
0
14
183
255
193
27
0
32
223
255
120
0
0
0
0
0
0
0
0
0
0
44
232
255
113
0
0
0
145
255
152
0
0
0
0
0
0
0
0
0
0
116
255
217
38
0
0
0
117
255
150
0
0
0
0
0
0
0
0
0
0
128
255
181
0
0
0
0
129
255
151
0
0
0
0
0
0
0
0
0
0
56
254
146
0
0
0
1
196
255
153
0
0
0
0
0
0
0
0
0
0
65
255
117
0
0
0
0
220
255
98
0
0
0
0
0
0
0
0
0
0
117
255
129
0
0
0
43
235
226
40
0
0
0
0
0
0
0
0
0
0
74
249
208
18
0
6
168
255
181
11
0
0
0
0
0
0
0
0
0
0
9
171
255
189
47
135
252
255
162
5
0
0
0
0
0
0
0
0
0
0
2
47
184
255
233
255
255
189
52
0
0
0
0
0
0
0
0
0
0
0
0
0
19
143
218
215
142
20
0
0
0
0
0
0
0
0
0
0
0
0
0
0
0
0
0
0
0
0
0
0
0
0
0
0
0
0
0
0
0
0
0
0
0
0
0
0
0
0
0
0
0
0
0
0
0