0
0
0
0
0
0
0
0
0
0
0
0
0
0
0
0
0
0
0
0
0
0
0
0
0
0
0
0
0
0
0
0
0
0
0
0
0
0
0
0
0
0
0
0
0
0
0
0
0
0
0
0
0
0
0
0
0
0
0
0
0
0
0
0
0
3
43
78
109
108
109
105
66
33
0
0
0
0
0
0
0
0
0
0
0
67
224
245
255
255
255
255
244
204
69
0
0
0
0
0
0
0
0
0
0
53
228
255
244
195
157
155
200
255
243
82
0
0
0
0
0
0
0
0
0
21
197
255
167
10
0
0
15
145
255
206
19
0
0
0
0
0
0
0
0
136
255
244
71
0
0
0
0
21
210
255
133
0
0
0
0
0
0
0
35
224
255
221
9
0
0
0
0
0
134
255
166
5
0
0
0
0
0
0
100
255
255
128
0
0
0
0
0
0
92
255
164
5
0
0
0
0
0
0
143
255
243
30
0
0
0
0
0
0
141
255
143
0
0
0
0
0
0
0
144
255
242
29
0
0
0
0
0
8
190
255
148
0
0
0
0
0
0
0
144
255
244
32
0
0
0
0
0
47
225
255
127
0
0
0
0
0
0
0
147
255
254
110
0
0
0
0
0
151
255
240
63
0
0
0
0
0
0
0
92
253
255
210
11
0
0
0
107
249
255
125
0
0
0
0
0
0
0
0
2
175
255
255
171
64
77
162
253
255
178
2
0
0
0
0
0
0
0
0
0
50
198
255
255
253
255
255
214
129
24
0
0
0
0
0
0
0
0
0
0
0
26
74
161
190
147
120
34
0
0
0
0
0
0
0
0
0
0
0
0
0
0
0
0
0
0
0
0
0
0
0
0
0
0
0
0
0
0
0
0
0
0
0
0
0
0
0
0
0
0
0
0
0
0
0