0
0
0
0
0
0
0
0
0
0
0
0
0
0
0
0
0
0
0
0
0
0
0
0
0
0
0
0
0
0
0
0
0
0
0
0
0
0
0
0
0
0
0
0
0
0
0
0
0
0
0
0
0
0
0
0
0
0
0
0
0
0
0
0
0
0
0
0
0
0
23
38
80
110
101
29
0
0
0
0
0
0
0
0
0
13
68
143
152
152
196
217
246
255
255
173
14
0
0
0
0
0
0
0
0
88
255
255
255
255
255
255
255
255
255
252
87
0
0
0
0
0
0
0
8
171
255
254
255
255
255
236
213
204
144
99
10
0
0
0
0
0
0
0
47
243
254
235
150
85
91
57
20
18
0
0
0
0
0
0
0
0
0
0
52
248
255
125
0
0
0
0
0
0
0
0
0
0
0
0
0
0
0
0
43
237
255
202
64
32
0
0
0
0
0
0
0
0
0
0
0
0
0
0
0
96
231
255
250
237
146
60
25
3
0
0
0
0
0
0
0
0
0
0
0
0
53
149
250
255
255
255
194
72
0
0
0
0
0
0
0
0
0
0
0
0
0
23
131
99
173
231
255
234
84
0
0
0
0
0
0
0
0
0
0
0
22
140
69
0
0
123
247
255
136
0
0
0
0
0
0
0
0
0
0
0
114
246
87
23
118
230
251
255
153
0
0
0
0
0
0
0
0
0
0
0
130
255
246
244
253
255
255
251
99
0
0
0
0
0
0
0
0
0
0
0
120
255
255
255
255
255
233
131
6
0
0
0
0
0
0
0
0
0
0
0
24
127
219
215
221
156
32
3
0
0
0
0
0
0
0
0
0
0
0
0
0
0
0
0
0
0
0
0
0
0
0
0
0
0
0
0
0
0
0
0
0
0
0
0
0
0
0
0
0
0
0
0
0
0