0
0
0
0
0
0
0
0
0
0
0
0
0
0
0
0
0
0
0
0
0
0
0
0
0
0
0
0
0
0
0
0
0
0
0
0
0
0
0
0
0
0
0
0
0
0
0
0
0
0
0
0
0
0
0
0
0
0
0
0
0
0
0
0
0
0
0
0
0
27
41
88
112
53
0
0
18
25
0
0
0
0
0
0
0
0
0
0
92
207
220
252
255
219
38
57
195
189
29
0
0
0
0
0
0
0
5
97
255
255
255
255
253
255
192
206
255
241
54
0
0
0
0
0
0
0
104
245
255
253
241
240
249
224
248
255
255
240
54
0
0
0
0
0
0
0
149
255
254
236
61
116
250
244
250
255
250
182
22
0
0
0
0
0
0
0
113
254
255
240
153
192
252
255
255
245
116
1
0
0
0
0
0
0
0
0
7
187
255
254
255
255
254
251
175
62
5
0
0
0
0
0
0
0
0
0
18
187
255
252
253
255
189
65
2
0
0
0
0
0
0
0
0
0
0
0
124
255
255
255
255
255
182
0
0
0
0
0
0
0
0
0
0
0
0
111
235
255
246
117
169
255
225
9
0
0
0
0
0
0
0
0
0
0
16
218
255
228
89
0
74
255
238
57
0
0
0
0
0
0
0
0
0
0
90
247
255
186
0
1
99
255
235
51
0
0
0
0
0
0
0
0
0
0
183
255
254
234
178
188
246
255
231
10
0
0
0
0
0
0
0
0
0
0
174
255
255
255
255
255
255
201
118
6
0
0
0
0
0
0
0
0
0
0
46
197
218
216
217
217
144
34
0
0
0
0
0
0
0
0
0
0
0
0
0
0
0
0
0
0
0
0
0
0
0
0
0
0
0
0
0
0
0
0
0
0
0
0
0
0
0
0
0
0
0
0
0
0
0
0