0
0
0
0
0
0
0
0
0
0
0
0
0
0
0
0
0
0
0
0
0
0
0
0
0
0
0
0
0
0
0
0
0
0
0
0
0
0
0
0
0
0
0
0
0
0
0
0
0
4
20
37
29
5
0
0
0
0
0
0
0
0
0
0
0
0
0
1
78
163
211
255
241
164
96
19
0
0
0
0
0
0
0
0
0
0
0
54
234
255
255
213
198
252
255
158
9
0
0
0
0
0
0
0
0
0
0
166
255
219
80
11
16
193
255
242
69
0
0
0
0
0
0
0
0
0
15
191
239
72
0
4
138
251
255
223
43
0
0
0
0
0
0
0
0
57
175
239
82
0
56
183
255
255
208
67
0
0
0
0
0
0
0
0
3
193
255
240
99
117
236
255
255
153
23
0
0
0
0
0
0
0
0
0
0
74
222
254
241
253
255
214
84
12
0
0
0
0
0
0
0
0
0
0
0
0
119
255
255
255
255
216
70
0
0
0
0
0
0
0
0
0
0
0
0
36
206
255
238
163
218
255
245
136
13
0
0
0
0
0
0
0
0
0
1
169
255
247
108
0
40
190
255
255
155
0
0
0
0
0
0
0
0
0
5
200
255
210
6
0
0
38
232
255
232
8
0
0
0
0
0
0
0
0
3
185
255
229
47
0
34
135
245
255
228
8
0
0
0
0
0
0
0
0
0
67
204
255
230
198
231
255
255
214
104
0
0
0
0
0
0
0
0
0
0
0
31
123
175
193
201
206
161
43
0
0
0
0
0
0
0
0
0
0
0
0
0
0
8
14
17
19
5
0
0
0
0
0
0
0
0
0
0
0
0
0
0
0
0
0
0
0
0
0
0
0
0
0
0
0
0
0
0
0
0
0
0
0
0
0
0
0
0
0
0
0
0
0
0
0