0
0
0
0
0
0
0
0
0
0
0
0
0
0
0
0
0
0
0
0
0
0
0
0
0
0
0
0
0
0
0
0
0
0
0
0
0
0
0
0
0
0
0
0
0
0
0
0
0
0
0
0
0
15
30
14
0
0
0
0
0
0
0
0
0
0
0
0
0
0
0
20
118
198
245
190
33
0
0
0
0
0
0
0
0
0
0
0
0
0
35
182
241
213
206
223
130
0
0
0
0
0
0
0
0
0
0
0
0
20
197
232
47
4
7
18
19
0
0
0
0
0
0
0
0
0
0
0
6
160
236
65
0
0
0
0
0
0
0
0
0
0
0
0
0
0
0
0
39
231
176
0
0
0
0
0
0
0
0
0
0
0
0
0
0
0
0
0
90
249
99
37
96
109
25
0
0
0
0
0
0
0
0
0
0
0
0
0
73
240
203
219
245
180
46
0
0
0
0
0
0
0
0
0
0
0
0
0
78
231
255
217
71
0
0
0
0
0
0
0
0
0
0
0
0
0
0
106
241
246
246
78
0
0
0
0
0
0
0
0
0
0
0
0
0
3
134
245
153
70
254
108
0
0
0
0
0
0
0
0
0
0
0
0
0
113
246
106
0
55
238
75
0
0
0
0
0
0
0
0
0
0
0
0
52
232
134
0
49
220
188
2
0
0
0
0
0
0
0
0
0
0
0
0
121
254
112
88
213
206
41
0
0
0
0
0
0
0
0
0
0
0
0
0
73
252
249
225
109
22
0
0
0
0
0
0
0
0
0
0
0
0
0
0
2
34
39
23
0
0
0
0
0
0
0
0
0
0
0
0
0
0
0
0
0
0
0
0
0
0
0
0
0
0
0
0
0
0
0
0
0
0
0
0
0
0
0
0
0
0
0
0
0
0
0
0
0
0
0
0