0
0
0
0
0
0
0
0
0
0
0
0
0
0
0
0
0
0
0
0
0
0
0
0
0
0
0
0
0
0
0
0
0
0
0
0
0
0
0
0
0
0
0
0
0
0
0
0
0
0
0
0
0
119
201
158
9
0
0
0
0
0
0
0
0
0
0
0
0
0
0
19
129
234
138
96
10
0
0
0
0
0
0
0
0
0
0
0
0
0
12
160
222
94
0
0
0
0
0
0
0
0
0
0
0
0
0
0
0
2
149
195
28
0
0
0
0
0
0
0
0
0
0
0
0
0
0
0
20
150
220
55
0
0
0
0
0
0
0
0
0
0
0
0
0
0
0
2
146
229
53
0
0
0
0
0
0
0
0
0
0
0
0
0
0
0
0
82
225
80
0
0
0
0
0
0
0
0
0
0
0
0
0
0
0
0
23
214
156
0
0
0
30
46
118
191
80
0
0
0
0
0
0
0
0
0
116
236
46
0
61
152
170
161
112
205
135
0
0
0
0
0
0
0
0
16
189
162
0
122
186
113
19
6
0
28
43
0
0
0
0
0
0
0
0
47
233
229
182
181
86
0
7
62
118
1
0
0
0
0
0
0
0
0
0
19
189
255
241
149
108
119
179
130
49
0
0
0
0
0
0
0
0
0
12
99
89
156
239
255
255
228
101
8
0
0
0
0
0
0
0
0
0
0
37
189
33
0
33
41
42
28
0
0
0
0
0
0
0
0
0
0
0
0
2
59
29
0
0
0
0
0
0
0
0
0
0
0
0
0
0
0
0
0
0
0
0
0
0
0
0
0
0
0
0
0
0
0
0
0
0
0
0
0
0
0
0
0
0
0
0
0
0
0
0
0
0
0
0
0
0
0
0
0
0
0
0
0
0
0
0
0
0
0
0
0
0
0
0
0