0
0
0
0
0
0
0
0
0
0
0
0
0
0
0
0
0
0
0
0
0
0
0
0
0
0
0
0
0
0
0
0
0
0
0
0
0
0
0
0
0
0
0
0
0
0
0
0
0
0
0
0
0
0
0
0
0
0
0
0
0
0
0
0
0
0
0
0
0
0
0
0
0
0
0
0
0
0
0
0
0
0
0
0
0
0
0
0
0
0
0
0
0
0
0
0
0
0
0
0
0
0
0
0
3
71
24
9
62
71
21
22
99
139
84
1
0
0
0
0
0
0
72
63
137
250
182
173
235
245
195
203
239
255
212
27
0
0
0
0
0
95
249
248
245
241
247
255
240
240
245
229
218
239
255
134
0
0
0
0
0
137
175
147
79
66
76
104
61
62
60
14
0
170
255
184
0
0
0
0
0
28
7
0
0
0
0
0
0
0
0
0
24
231
255
183
0
0
0
0
0
0
0
0
0
0
0
0
0
0
0
0
56
255
255
173
0
0
0
0
0
0
0
0
0
0
0
0
0
0
0
18
186
255
254
100
0
0
0
0
0
0
0
0
0
0
0
0
0
0
9
167
255
255
224
33
0
0
0
0
0
0
0
0
0
0
0
0
0
0
141
250
255
242
97
0
0
0
0
0
0
0
0
0
0
0
0
0
0
95
255
255
238
80
0
0
0
0
0
0
0
0
0
0
0
0
0
5
123
234
255
206
86
0
0
0
0
0
0
0
0
0
0
0
0
0
0
120
253
255
201
40
0
0
0
0
0
0
0
0
0
0
0
0
0
0
0
229
255
186
22
0
0
0
0
0
0
0
0
0
0
0
0
0
0
0
0
138
146
38
0
0
0
0
0
0
0
0
0
0
0
0
0
0
0
0
0
0
0
0
0
0
0
0
0
0
0
0
0
0