0
0
0
0
0
0
0
0
0
0
0
0
0
0
0
0
0
0
0
0
0
0
0
0
0
0
0
0
0
0
0
0
0
0
0
0
0
0
0
0
0
0
0
0
0
0
0
0
0
0
0
0
0
0
0
0
0
0
0
0
0
0
0
0
0
0
0
0
0
0
0
0
0
0
0
0
0
0
0
0
0
0
0
0
0
0
0
0
0
7
10
6
0
0
0
0
0
0
0
0
0
0
0
0
0
0
0
24
104
221
255
217
120
131
30
0
0
0
0
0
0
0
0
0
0
0
16
179
255
240
164
223
255
237
48
0
0
0
0
0
0
0
0
0
0
22
176
254
162
40
93
238
255
176
17
0
0
0
0
0
0
0
0
0
0
97
255
218
102
134
241
251
253
106
0
0
0
0
0
0
0
0
0
0
0
88
255
255
250
231
123
180
255
109
0
0
0
0
0
0
0
0
0
0
0
6
120
194
131
28
12
186
246
65
0
0
0
0
0
0
0
0
0
0
0
0
0
0
0
0
33
218
174
2
0
0
0
0
0
0
0
0
0
0
0
0
0
0
0
0
87
255
99
0
0
0
0
0
0
0
0
0
0
0
0
0
0
0
0
0
162
255
95
0
0
0
0
0
0
0
0
0
0
0
0
0
0
0
0
0
160
255
96
0
0
0
0
0
0
0
0
0
0
0
0
0
0
0
0
0
160
255
96
0
0
0
0
0
0
0
0
0
0
0
0
0
0
0
0
0
162
255
94
0
0
0
0
0
0
0
0
0
0
0
0
0
0
0
0
0
123
255
109
0
0
0
0
0
0
0
0
0
0
0
0
0
0
0
0
0
17
187
171
0
0
0
0
0
0
0
0
0
0
0
0
0
0
0
0
0
0
31
38
0
0
0
0
0
0
0