0
0
0
0
0
0
0
0
0
0
0
0
0
0
0
0
0
0
0
0
0
0
0
0
0
0
0
0
0
0
0
0
0
0
0
0
0
0
0
0
0
0
0
0
0
0
0
0
0
0
0
0
0
0
0
0
0
0
0
0
0
0
0
0
0
0
0
0
0
0
0
0
0
0
0
0
0
0
0
0
0
0
0
0
0
8
3
0
0
0
0
2
1
0
0
0
0
0
0
0
0
0
0
0
70
233
187
140
94
96
146
178
174
113
11
0
0
0
0
0
0
0
0
0
79
254
255
255
255
255
221
193
232
223
38
0
0
0
0
0
0
0
0
0
3
33
44
50
35
35
22
8
165
222
38
0
0
0
0
0
0
0
0
0
0
0
0
0
0
0
0
0
217
202
23
0
0
0
0
0
0
0
0
0
0
0
0
0
0
0
0
21
230
157
0
0
0
0
0
0
0
0
0
0
0
0
0
0
0
0
0
120
239
59
0
0
0
0
0
0
0
0
0
0
0
0
0
0
0
0
16
197
222
12
0
0
0
0
0
0
0
0
0
0
0
0
0
0
0
0
79
255
111
0
0
0
0
0
0
0
0
0
0
0
0
0
0
0
0
7
201
206
15
0
0
0
0
0
0
0
0
0
0
0
0
0
0
0
0
83
253
106
0
0
0
0
0
0
0
0
0
0
0
0
0
0
0
0
0
149
252
78
0
0
0
0
0
0
0
0
0
0
0
0
0
0
0
0
0
148
251
78
0
0
0
0
0
0
0
0
0
0
0
0
0
0
0
0
0
154
255
92
0
0
0
0
0
0
0
0
0
0
0
0
0
0
0
0
0
96
245
218
25
0
0
0
0
0
0
0
0
0
0
0
0
0
0
0
0
0
55
69
9
0
0
0
0
0
0
0