0
0
0
0
0
0
0
0
0
0
0
0
0
0
0
0
0
0
0
0
0
0
0
0
0
0
0
0
0
0
0
0
0
0
0
0
0
0
0
0
0
0
0
0
0
0
0
0
0
0
0
0
0
0
0
0
0
0
0
0
0
0
0
0
0
0
0
0
0
0
0
0
0
0
0
0
0
0
0
0
0
0
0
0
0
0
0
0
0
0
0
0
48
115
1
0
0
0
0
0
0
0
0
0
0
0
9
84
33
0
0
2
180
135
0
0
0
0
0
0
0
0
0
0
0
0
78
183
28
0
0
59
216
43
0
0
0
0
0
0
0
0
0
0
0
0
138
140
0
0
0
102
223
21
0
0
0
0
0
0
0
0
0
0
0
0
148
142
0
0
0
148
212
4
0
0
0
0
0
0
0
0
0
0
0
0
89
216
92
8
0
151
241
99
9
0
0
0
0
0
0
0
0
0
0
0
3
127
229
197
180
236
205
52
0
0
0
0
0
0
0
0
0
0
0
0
0
0
48
85
102
217
68
0
0
0
0
0
0
0
0
0
0
0
0
0
0
0
0
0
20
208
55
0
0
0
0
0
0
0
0
0
0
0
0
0
0
0
0
0
73
213
27
0
0
0
0
0
0
0
0
0
0
0
0
0
0
0
0
0
134
158
0
0
0
0
0
0
0
0
0
0
0
0
0
0
0
0
0
13
202
105
0
0
0
0
0
0
0
0
0
0
0
0
0
0
0
0
0
52
236
67
0
0
0
0
0
0
0
0
0
0
0
0
0
0
0
0
0
109
183
2
0
0
0
0
0
0
0
0
0
0
0
0
0
0
0
0
0
63
80
0
0
0
0
0
0
0
0
0
0
0
0
0
0
0
0
0
0
0
0
0
0
0
0
0
0
0
0
0