0
0
0
0
0
0
0
0
0
0
0
0
0
0
0
0
0
0
0
0
0
0
0
0
0
0
0
0
0
0
0
0
0
0
0
0
0
0
0
0
0
0
0
0
0
0
0
0
0
0
0
0
0
0
0
0
0
0
0
0
0
0
0
0
0
0
0
0
0
0
0
0
0
0
0
56
56
0
0
0
0
0
0
0
0
0
0
0
7
75
41
0
0
0
9
199
106
0
0
0
0
0
0
0
0
0
0
0
139
185
21
0
0
0
105
211
26
0
0
0
0
0
0
0
0
0
0
64
212
75
0
0
0
27
205
114
0
0
0
0
0
0
0
0
0
0
0
156
179
139
9
0
0
133
216
11
0
0
0
0
0
0
0
0
0
0
32
221
227
119
0
0
34
221
98
0
0
0
0
0
0
0
0
0
0
0
69
250
220
39
0
0
147
188
12
0
0
0
0
0
0
0
0
0
0
0
132
255
101
0
0
63
226
69
0
0
0
0
0
0
0
0
0
0
0
4
178
173
0
0
0
158
156
0
0
0
0
0
0
0
0
0
0
0
0
0
156
220
104
36
50
200
31
0
0
0
0
0
0
0
0
0
0
0
0
0
48
193
230
199
190
221
77
0
0
0
0
0
0
0
0
0
0
0
0
0
0
23
32
145
250
138
45
0
0
0
0
0
0
0
0
0
0
0
0
0
0
0
0
166
146
0
0
0
0
0
0
0
0
0
0
0
0
0
0
0
0
0
56
229
55
0
0
0
0
0
0
0
0
0
0
0
0
0
0
0
0
0
36
165
30
0
0
0
0
0
0
0
0
0
0
0
0
0
0
0
0
0
0
0
0
0
0
0
0
0
0
0
0
0
0
0
0
0
0
0
0
0
0
0
0
0
0
0
0
0
0
0
0
0