0
0
0
0
0
0
0
0
0
0
0
0
0
0
0
0
0
0
0
0
0
0
0
0
0
0
0
0
0
0
0
0
0
0
0
0
0
0
0
0
0
0
0
0
0
0
0
0
0
0
0
0
0
0
0
0
0
0
0
0
0
0
0
0
0
0
0
0
0
0
0
0
0
0
0
0
0
0
0
0
0
0
0
0
0
0
0
0
0
42
123
0
0
0
0
0
0
0
0
0
0
0
0
0
0
0
0
0
0
151
150
0
0
0
0
0
0
0
0
0
0
0
0
0
0
0
0
0
103
232
126
107
36
0
0
0
0
0
0
0
0
0
0
0
0
0
0
71
239
235
195
221
233
104
0
0
0
0
0
0
0
0
0
0
0
0
77
235
153
41
0
24
220
170
0
0
0
0
0
0
0
0
0
0
0
107
239
145
4
0
0
0
163
168
0
0
0
0
0
0
0
0
0
0
26
204
129
5
0
0
0
0
215
162
0
0
0
0
0
0
0
0
0
0
3
29
0
0
0
0
0
0
216
126
0
0
0
0
0
0
0
0
0
0
0
0
0
0
0
0
0
73
227
45
0
0
0
0
0
0
0
0
0
0
0
0
0
0
0
0
0
167
177
0
0
0
0
0
0
0
0
0
0
0
0
0
0
0
0
0
43
206
41
0
0
0
0
0
0
0
0
0
0
0
0
0
0
0
0
0
140
139
0
0
0
0
0
0
0
0
0
0
0
0
0
0
0
0
0
45
227
67
0
0
0
0
0
0
0
0
0
0
0
0
0
0
0
0
0
137
176
0
0
0
0
0
0
0
0
0
0
0
0
0
0
0
0
0
0
64
59
0
0
0
0
0
0
0
0
0
0
0
0
0
0
0
0
0
0
0
0
0
0
0
0
0
0
0
0
0