0
0
0
0
0
0
0
0
0
0
0
0
0
0
0
0
0
0
0
0
0
0
0
0
0
0
0
0
0
0
0
0
0
0
0
0
0
0
0
0
0
0
0
0
0
0
0
0
0
0
0
0
0
0
0
0
0
0
0
0
0
0
0
0
0
0
0
0
6
86
100
61
104
102
35
0
0
0
0
0
0
0
0
0
0
0
0
2
127
251
255
239
248
253
187
11
0
0
0
0
0
0
0
0
0
0
0
86
250
175
235
229
102
86
242
85
0
0
0
0
0
0
0
0
0
0
1
184
209
202
138
42
23
49
226
106
0
0
0
0
0
0
0
0
0
0
88
252
250
108
8
0
0
53
221
49
0
0
0
0
0
0
0
0
0
0
117
250
136
13
0
0
0
53
221
43
0
0
0
0
0
0
0
0
0
0
159
216
1
0
0
0
0
56
206
30
0
0
0
0
0
0
0
0
0
9
183
143
0
0
0
0
0
137
201
4
0
0
0
0
0
0
0
0
0
34
218
136
0
0
0
0
19
223
147
0
0
0
0
0
0
0
0
0
0
38
224
132
0
0
0
0
71
236
59
0
0
0
0
0
0
0
0
0
0
22
201
171
0
0
0
12
205
184
9
0
0
0
0
0
0
0
0
0
0
0
156
241
35
0
0
126
249
88
0
0
0
0
0
0
0
0
0
0
0
0
101
254
142
29
81
231
184
6
0
0
0
0
0
0
0
0
0
0
0
0
22
187
255
226
250
210
43
0
0
0
0
0
0
0
0
0
0
0
0
0
0
33
168
227
145
29
0
0
0
0
0
0
0
0
0
0
0
0
0
0
0
0
0
0
0
0
0
0
0
0
0
0
0
0
0
0
0
0
0
0
0
0
0
0
0
0
0
0
0
0
0
0
0
0