0
0
0
0
0
0
0
0
0
0
0
0
0
0
0
0
0
0
0
0
0
0
0
0
0
0
0
0
0
0
0
0
0
0
0
0
0
0
0
0
0
0
0
0
0
0
0
0
0
0
0
0
0
0
0
0
0
0
0
0
0
0
0
0
0
0
0
0
0
4
74
86
103
96
16
0
0
0
0
0
0
0
0
0
0
24
69
82
140
183
249
254
255
248
58
0
0
0
0
0
0
0
0
0
33
225
255
255
248
251
219
226
217
246
194
4
0
0
0
0
0
0
0
0
18
163
173
122
77
77
37
44
44
202
237
8
0
0
0
0
0
0
0
0
0
7
7
0
0
0
0
43
118
239
214
5
0
0
0
0
0
0
0
0
0
0
0
0
0
25
109
220
255
205
77
0
0
0
0
0
0
0
0
0
0
7
106
182
164
218
255
255
184
23
0
0
0
0
0
0
0
0
0
0
0
30
209
255
209
188
199
241
250
162
23
0
0
0
0
0
0
0
0
0
0
5
66
83
20
0
12
76
193
252
161
8
0
0
0
0
0
0
0
24
37
1
0
0
0
0
0
0
17
155
255
132
0
0
0
0
0
0
40
201
235
32
0
0
0
0
0
0
0
32
223
205
9
0
0
0
0
0
119
255
177
10
0
0
0
0
0
0
0
45
228
204
8
0
0
0
0
0
17
112
220
169
86
33
29
13
10
48
118
218
248
117
0
0
0
0
0
0
0
0
83
182
244
219
209
187
183
242
246
169
82
0
0
0
0
0
0
0
0
0
0
7
42
88
132
163
205
150
51
4
0
0
0
0
0
0
0
0
0
0
0
0
0
0
0
0
0
0
0
0
0
0
0
0
0
0
0
0
0
0
0
0
0
0
0
0
0
0
0
0
0
0
0
0
0
0