0
0
0
0
0
0
0
0
0
0
0
0
0
0
0
0
0
0
0
0
0
0
0
0
0
0
0
0
0
0
0
0
0
0
0
0
0
0
0
0
0
0
0
0
0
0
0
0
0
0
0
0
0
0
0
0
0
0
0
0
0
0
0
0
0
4
76
112
108
108
108
108
108
110
80
1
0
0
0
0
0
0
0
0
0
21
206
255
255
255
255
255
255
255
224
6
0
0
0
0
0
0
0
0
0
0
95
191
189
213
193
206
250
255
168
1
0
0
0
0
0
0
0
0
0
0
0
2
1
30
4
114
255
237
59
0
0
0
0
0
0
0
0
0
0
0
0
0
0
2
103
231
255
131
1
0
0
0
0
0
0
0
0
0
0
0
2
33
91
172
255
231
107
1
0
0
0
0
0
0
0
0
0
0
0
66
189
219
255
255
255
194
24
0
0
0
0
0
0
0
0
0
0
0
0
110
250
228
201
200
238
255
230
89
1
0
0
0
0
0
0
0
0
13
7
18
66
45
13
14
66
140
248
244
93
0
0
0
0
0
0
0
0
4
3
0
0
0
0
0
0
0
92
255
197
4
0
0
0
0
0
0
0
0
0
7
76
64
0
0
0
0
24
227
227
7
0
0
0
0
0
0
0
0
50
170
185
62
0
0
0
0
105
255
207
5
0
0
0
0
0
0
0
64
237
240
61
0
0
0
0
24
222
255
99
0
0
0
0
0
0
0
0
56
224
251
185
113
42
42
111
205
255
162
15
0
0
0
0
0
0
0
0
0
36
163
229
216
194
194
215
225
156
13
0
0
0
0
0
0
0
0
0
0
0
0
0
0
0
0
0
0
0
0
0
0
0
0
0
0
0
0
0
0
0
0
0
0
0
0
0
0
0
0
0
0
0
0
0
0