0
0
0
0
0
0
0
0
0
0
0
0
0
0
0
0
0
0
0
0
0
0
0
0
0
0
0
0
0
0
0
0
0
0
0
0
0
0
0
0
0
0
0
0
0
0
0
0
0
45
155
219
190
47
0
0
0
0
0
0
0
0
0
0
0
0
0
5
103
232
255
221
242
230
60
0
0
0
0
0
0
0
0
0
0
0
0
141
255
234
115
37
97
255
132
0
0
0
0
0
0
0
0
0
0
0
0
132
149
37
0
0
27
240
185
3
0
0
0
0
0
0
0
0
0
0
0
0
0
0
0
0
38
243
189
3
0
0
0
0
0
0
0
0
0
0
0
0
0
0
0
0
75
255
128
0
0
0
0
0
0
0
0
0
0
0
0
0
0
0
0
8
171
251
75
0
0
0
0
0
0
0
0
0
0
0
0
0
0
0
0
60
249
161
0
0
0
0
0
0
0
0
0
0
0
0
0
0
19
28
41
167
254
128
13
0
0
0
0
0
0
0
0
0
0
8
69
145
196
205
224
255
255
247
201
131
26
0
0
0
0
0
0
3
83
191
238
224
163
217
255
222
93
99
230
255
79
0
0
0
0
0
0
67
244
235
101
6
50
225
243
87
0
0
50
165
55
0
0
0
0
0
0
81
253
146
0
27
197
247
86
0
0
0
0
5
2
0
0
0
0
0
0
64
235
174
99
238
250
91
0
0
0
0
0
0
0
0
0
0
0
0
0
7
68
104
108
114
79
3
0
0
0
0
0
0
0
0
0
0
0
0
0
0
0
0
0
0
0
0
0
0
0
0
0
0
0
0
0
0
0
0
0
0
0
0
0
0
0
0
0
0
0
0
0
0
0
0
0
0
0
0
0
0
0
0
0
0
0
0
0
0
0
0
0
0
0
0
0
0