0
0
0
0
0
0
0
0
0
0
0
0
0
0
0
0
0
0
0
0
0
0
0
0
0
0
0
0
0
0
0
0
0
0
0
0
0
0
0
0
0
0
0
0
0
0
0
0
0
0
0
23
39
8
0
0
0
0
0
0
0
0
0
0
0
0
0
0
0
0
88
225
248
133
0
0
0
0
0
0
0
0
0
0
0
0
0
0
12
143
222
103
65
146
22
0
0
0
0
0
0
0
0
0
0
0
0
6
163
220
58
0
12
108
15
0
0
0
0
0
0
0
0
0
0
0
0
122
207
50
0
0
23
157
72
0
0
0
0
0
0
0
0
0
0
0
62
218
67
0
0
0
79
251
109
0
0
0
0
0
0
0
0
0
0
0
105
226
46
0
0
64
220
136
5
0
0
0
0
0
0
0
0
0
0
0
22
217
222
50
40
224
155
6
0
0
0
0
0
0
0
0
0
0
0
0
0
55
217
228
216
172
9
0
0
0
0
0
0
0
0
0
0
0
0
0
0
0
63
242
255
74
0
0
0
0
0
0
0
0
0
0
0
0
0
0
0
0
130
211
210
161
3
0
0
0
0
0
0
0
0
0
0
0
0
0
0
29
204
70
34
201
42
0
0
0
0
0
0
0
0
0
0
0
0
0
0
59
181
1
0
154
89
0
0
0
0
0
0
0
0
0
0
0
0
0
0
58
199
50
75
217
57
0
0
0
0
0
0
0
0
0
0
0
0
0
0
22
204
244
248
147
4
0
0
0
0
0
0
0
0
0
0
0
0
0
0
0
21
41
36
5
0
0
0
0
0
0
0
0
0
0
0
0
0
0
0
0
0
0
0
0
0
0
0
0
0
0
0
0
0
0
0
0
0
0
0
0
0
0
0
0
0
0
0
0
0
0
0
0