0
0
0
0
0
0
0
0
0
0
0
0
0
0
0
0
0
0
0
0
0
0
0
0
0
0
0
0
0
0
0
0
0
0
0
0
0
0
0
0
0
0
0
0
0
0
0
0
0
0
0
0
0
0
0
0
0
0
0
0
0
0
0
0
0
0
1
47
111
110
110
112
109
60
3
0
0
0
0
0
0
0
0
0
0
0
76
223
255
255
253
226
252
240
87
0
0
0
0
0
0
0
0
0
0
0
143
255
133
11
8
1
47
244
130
0
7
0
0
0
0
0
0
0
0
0
64
246
201
40
0
4
144
204
49
85
150
11
0
0
0
0
0
0
0
0
0
117
255
204
27
20
107
32
0
133
255
31
0
0
0
0
0
0
0
0
0
0
113
254
175
12
0
0
0
154
248
30
0
0
0
0
0
0
0
0
0
0
0
117
255
149
6
46
155
254
182
10
0
0
0
0
0
0
0
0
0
0
0
0
135
255
182
232
255
192
51
0
0
0
0
0
0
0
0
0
0
0
31
102
196
255
255
202
101
10
0
0
0
0
0
0
0
0
0
0
77
197
241
241
223
190
243
101
0
0
0
0
0
0
0
0
0
0
31
162
255
245
168
66
0
88
245
92
0
0
0
0
0
0
0
0
0
0
150
255
171
50
0
0
62
233
217
28
0
0
0
0
0
0
0
0
0
28
219
206
29
8
45
115
244
218
67
0
0
0
0
0
0
0
0
0
0
22
212
242
192
195
244
255
179
46
0
0
0
0
0
0
0
0
0
0
0
0
44
147
212
208
137
46
6
0
0
0
0
0
0
0
0
0
0
0
0
0
0
0
0
0
0
0
0
0
0
0
0
0
0
0
0
0
0
0
0
0
0
0
0
0
0
0
0
0
0
0
0
0
0
0
0
0