0
0
0
0
0
0
0
0
0
0
0
0
0
0
0
0
0
0
0
0
0
0
0
0
0
0
0
0
0
0
0
0
0
0
0
0
0
0
0
0
0
0
0
0
0
0
0
0
0
0
0
5
24
36
36
25
2
0
0
0
0
0
0
0
0
0
0
0
18
62
94
164
226
255
255
222
64
0
0
0
0
0
0
0
0
0
0
5
145
242
246
220
202
164
144
254
176
10
0
0
0
0
0
0
0
0
0
3
141
141
41
13
4
0
6
212
204
17
0
0
0
0
0
0
0
0
0
0
13
4
0
0
0
0
0
186
220
22
0
0
0
0
0
0
0
0
0
0
0
0
0
0
0
0
36
231
157
5
0
0
0
0
0
0
0
0
0
0
0
0
0
8
0
6
176
224
35
0
0
0
0
0
0
0
0
0
0
0
0
67
178
205
147
96
243
160
0
0
0
0
0
0
0
0
0
0
0
19
147
244
214
197
253
255
196
22
0
0
0
0
0
0
0
0
0
0
52
197
235
100
33
122
255
221
47
0
0
0
0
0
0
0
0
0
0
29
183
172
100
126
196
196
127
64
1
0
0
0
0
0
0
0
7
96
124
143
161
158
248
253
153
7
0
0
0
0
0
0
0
0
0
0
13
188
255
253
224
174
132
68
11
0
0
0
0
0
0
0
0
0
0
0
1
143
255
195
224
144
0
0
0
0
0
0
0
0
0
0
0
0
0
0
4
165
255
253
190
63
0
0
0
0
0
0
0
0
0
0
0
0
0
0
0
17
38
33
13
0
0
0
0
0
0
0
0
0
0
0
0
0
0
0
0
0
0
0
0
0
0
0
0
0
0
0
0
0
0
0
0
0
0
0
0
0
0
0
0
0
0
0
0
0
0
0
0
0
0
0
0
0