0
0
0
0
0
0
0
0
0
0
0
0
0
0
0
0
0
0
0
0
0
0
0
0
0
0
0
0
0
0
0
0
0
0
0
0
0
0
0
0
0
0
0
0
0
0
0
0
0
0
0
0
0
0
0
0
0
0
0
0
0
0
0
0
0
0
0
0
0
0
0
0
0
0
0
0
0
0
0
0
0
0
0
0
0
0
0
20
145
41
0
0
0
0
0
0
0
0
0
0
0
0
0
0
0
0
31
169
190
21
0
0
0
0
0
0
0
0
0
0
0
0
0
0
0
69
215
188
34
0
0
0
0
0
0
0
0
0
0
0
0
0
0
0
49
214
131
15
0
0
0
0
0
37
131
199
169
38
0
0
0
0
0
3
183
137
0
0
0
0
0
0
80
200
155
64
130
177
0
0
0
0
0
93
181
14
0
0
0
0
1
104
218
94
0
0
117
189
0
0
0
0
0
122
100
0
0
0
0
0
109
205
50
0
0
22
197
79
0
0
0
0
0
109
167
3
0
0
0
5
167
63
0
0
11
149
178
10
0
0
0
0
0
25
186
167
47
10
9
10
31
20
30
98
194
175
26
0
0
0
0
0
0
0
15
125
157
160
179
187
170
160
200
169
74
8
0
0
0
0
0
0
0
0
0
0
21
61
78
85
74
47
43
8
0
0
0
0
0
0
0
0
0
0
0
0
0
0
0
0
0
0
0
0
0
0
0
0
0
0
0
0
0
0
0
0
0
0
0
0
0
0
0
0
0
0
0
0
0
0
0
0
0
0
0
0
0
0
0
0
0
0
0
0
0
0
0
0
0
0
0
0
0
0
0
0
0
0
0
0
0
0
0
0
0
0
0
0
0
0
0
0
0
0
0
0
0
0
0
0
0
0
0
0
0
0
0
0
0
0