0
0
0
0
0
0
0
0
0
0
0
0
0
0
0
0
0
0
0
0
0
0
0
0
0
0
0
0
0
0
0
0
0
0
0
0
0
0
0
0
0
0
0
0
0
0
0
0
18
33
37
31
10
0
0
0
0
0
0
0
0
0
0
0
0
3
58
140
212
255
255
251
182
56
0
0
0
0
0
0
0
0
0
0
3
141
239
237
140
106
106
127
201
228
102
0
0
0
0
0
0
0
0
0
31
211
181
51
0
0
0
0
13
178
249
9
0
0
0
0
0
0
0
0
0
35
13
0
0
0
0
0
3
164
253
10
0
0
0
0
0
0
0
0
0
0
0
0
0
0
0
0
22
219
191
3
0
0
0
0
0
0
0
0
0
0
0
0
0
0
0
0
147
250
91
0
0
0
0
0
0
0
0
0
0
0
0
0
0
0
0
89
255
140
3
0
0
0
0
0
0
0
0
0
0
0
0
0
0
0
76
234
171
3
0
0
0
0
0
0
0
0
0
0
0
0
0
0
0
88
238
203
17
0
0
0
0
0
0
0
0
0
0
0
0
0
0
20
134
239
159
27
0
0
0
0
0
0
0
0
0
0
0
0
0
0
37
199
250
118
0
0
0
0
0
0
0
0
0
0
0
0
0
0
0
67
204
236
97
21
28
31
43
47
32
18
0
0
0
0
0
0
0
0
39
240
255
220
187
238
255
236
230
231
234
215
58
0
0
0
0
0
0
0
25
186
207
190
153
125
122
84
67
68
77
224
99
0
0
0
0
0
0
0
0
13
19
13
1
0
0
0
0
0
0
23
6
0
0
0
0
0
0
0
0
0
0
0
0
0
0
0
0
0
0
0
0
0
0
0
0
0
0
0
0
0
0
0
0
0
0
0
0
0
0
0
0
0
0
0