0
0
0
0
0
0
0
0
0
0
0
0
0
0
0
0
0
0
0
0
0
0
0
0
0
0
0
0
0
0
0
0
0
0
0
0
0
0
0
0
0
0
0
0
0
0
0
0
0
0
0
0
0
0
0
0
0
0
0
0
0
0
0
0
0
0
48
65
0
0
0
0
0
0
0
0
0
0
0
0
0
0
0
0
0
0
112
190
56
152
192
131
6
0
0
0
0
0
0
0
0
0
0
0
0
0
25
227
209
76
77
210
72
0
0
0
0
0
0
0
0
0
0
0
0
0
0
166
209
30
0
163
90
0
0
0
0
0
0
0
0
0
0
0
0
0
0
16
146
164
40
194
47
0
0
0
0
0
0
0
0
0
0
0
0
0
0
0
12
174
200
153
3
0
0
0
0
0
0
0
0
0
0
0
0
0
0
0
0
95
255
122
0
0
0
0
0
0
0
0
0
0
0
0
0
0
0
0
17
178
183
195
30
0
0
0
0
0
0
0
0
0
0
0
0
0
0
0
150
150
2
156
133
0
0
0
0
0
0
0
0
0
0
0
0
0
0
92
185
23
0
42
196
35
0
0
0
0
0
0
0
0
0
0
0
0
29
175
46
0
0
0
164
113
0
0
0
0
0
0
0
0
0
0
0
0
80
138
0
0
0
0
151
127
0
0
0
0
0
0
0
0
0
0
0
0
67
147
0
0
0
14
187
61
0
0
0
0
0
0
0
0
0
0
0
0
12
166
47
0
6
137
152
2
0
0
0
0
0
0
0
0
0
0
0
0
0
70
174
117
142
173
23
0
0
0
0
0
0
0
0
0
0
0
0
0
0
0
0
0
0
0
0
0
0
0
0
0
0
0
0
0
0
0
0
0
0
0
0
0
0
0
0
0
0
0
0
0
0
0