0
0
0
0
0
0
0
0
0
0
0
0
0
0
0
0
0
0
0
0
0
0
0
0
0
0
0
0
0
0
0
0
0
0
0
0
0
0
0
0
0
0
0
0
0
0
0
0
0
0
0
1
23
10
0
0
0
0
0
0
0
0
0
0
0
0
0
0
0
0
0
48
206
62
0
0
0
0
0
0
0
0
0
0
0
0
0
0
0
0
7
169
184
9
0
0
0
0
0
0
0
0
0
0
0
0
0
0
0
0
86
236
71
0
0
0
0
0
0
0
0
0
0
0
0
0
0
0
0
40
224
153
1
0
0
5
0
0
0
0
0
0
0
0
0
0
0
0
15
187
203
25
0
0
97
144
0
0
0
0
0
0
0
0
0
0
0
0
135
230
53
0
0
62
229
115
0
0
0
0
0
0
0
0
0
0
0
100
240
103
0
0
14
191
192
13
0
0
0
0
0
0
0
0
0
0
42
221
136
0
0
0
116
253
80
0
0
0
0
0
0
0
0
0
0
15
178
244
133
161
160
139
232
148
7
0
0
0
0
0
0
0
0
0
0
94
255
238
187
150
168
255
213
24
0
0
0
0
0
0
0
0
0
0
0
73
163
64
2
0
98
244
88
0
0
0
0
0
0
0
0
0
0
0
0
0
0
0
0
5
209
183
8
0
0
0
0
0
0
0
0
0
0
0
0
0
0
0
0
11
202
69
0
0
0
0
0
0
0
0
0
0
0
0
0
0
0
0
0
7
185
88
0
0
0
0
0
0
0
0
0
0
0
0
0
0
0
0
0
0
24
19
0
0
0
0
0
0
0
0
0
0
0
0
0
0
0
0
0
0
0
0
0
0
0
0
0
0
0
0
0
0
0
0
0
0
0
0
0
0
0
0
0
0
0
0
0
0
0
0