0
0
0
0
0
0
0
0
0
0
0
0
0
0
0
0
0
0
0
0
0
0
0
0
0
0
0
0
0
0
0
0
0
0
0
0
0
0
0
0
0
0
0
0
0
0
0
0
0
0
0
0
0
0
0
0
0
0
0
0
0
0
0
0
0
0
0
0
0
0
0
0
0
0
0
0
0
0
0
0
0
0
0
0
0
0
50
91
102
84
61
5
0
0
0
0
0
0
0
0
0
0
0
0
43
163
234
235
221
217
242
232
130
10
0
0
0
0
0
0
0
0
0
35
211
238
104
61
45
42
80
139
254
140
7
0
0
0
0
0
0
0
0
22
91
50
0
0
0
0
0
0
102
224
45
0
0
0
0
0
0
0
0
0
0
0
0
0
0
0
0
0
38
252
82
0
0
0
0
0
0
0
0
0
0
0
0
0
1
1
0
0
99
210
25
0
0
0
0
0
0
0
0
0
0
4
29
92
175
182
152
104
194
232
57
0
0
0
0
0
0
0
0
0
0
93
218
239
171
132
226
255
255
252
199
46
0
0
0
0
0
0
0
0
61
237
181
31
21
141
244
164
62
107
234
228
71
0
0
0
0
0
0
0
176
224
73
77
198
240
120
9
0
0
74
217
235
127
0
0
0
0
0
1
169
242
219
239
186
66
0
0
0
0
0
60
232
216
0
0
0
0
0
0
19
78
84
52
1
0
0
0
0
0
0
0
37
24
0
0
0
0
0
0
0
0
0
0
0
0
0
0
0
0
0
0
0
0
0
0
0
0
0
0
0
0
0
0
0
0
0
0
0
0
0
0
0
0
0
0
0
0
0
0
0
0
0
0
0
0
0
0
0
0
0
0
0
0
0
0
0
0
0
0
0
0
0
0
0
0
0
0
0
0
0
0
0
0
0
0