0
0
0
0
0
0
0
0
0
0
0
0
0
0
0
0
0
0
0
0
0
0
0
0
0
0
0
0
0
0
0
0
0
0
0
0
0
0
0
0
0
0
0
0
0
0
0
0
0
0
0
0
0
0
0
0
0
0
0
0
0
0
0
0
0
0
0
0
0
0
0
49
86
16
0
0
0
0
0
0
0
0
0
0
0
0
0
0
0
0
49
207
249
76
0
0
0
0
0
0
0
0
0
0
0
0
0
0
0
29
197
255
249
90
0
0
0
0
0
0
0
0
0
0
0
0
0
5
79
192
215
214
243
59
0
0
0
0
0
0
0
0
0
0
0
0
22
142
255
240
112
177
239
33
0
0
0
0
0
0
0
0
0
0
0
35
195
255
218
71
20
204
254
86
0
0
0
0
0
0
0
0
0
0
14
194
255
235
75
0
31
209
253
87
0
0
0
0
0
0
0
0
0
0
97
255
255
241
200
181
49
193
255
141
0
0
0
0
0
0
0
0
0
0
76
255
255
236
233
167
80
243
255
157
0
0
0
0
0
0
0
0
0
0
7
69
72
45
35
8
57
238
255
156
0
0
0
0
0
0
0
0
0
0
0
0
0
0
0
0
16
190
255
155
0
0
0
0
0
0
0
0
0
0
0
0
0
0
0
0
5
164
255
175
7
0
0
0
0
0
0
0
0
0
0
0
0
0
0
0
0
79
250
216
35
0
0
0
0
0
0
0
0
0
0
0
0
0
0
0
0
45
244
223
36
0
0
0
0
0
0
0
0
0
0
0
0
0
0
0
0
22
161
168
16
0
0
0
0
0
0
0
0
0
0
0
0
0
0
0
0
0
0
0
0
0
0
0
0
0
0
0
0
0
0
0
0
0
0
0
0
0
0
0
0
0
0
0
0
0