0
0
0
0
0
0
0
0
0
0
0
0
0
0
0
0
0
0
0
0
0
0
0
0
0
0
0
0
0
0
0
0
0
0
0
0
0
0
0
0
0
0
0
0
0
0
0
0
0
0
0
0
0
0
0
0
0
0
0
0
0
0
0
0
0
0
0
0
41
109
33
0
0
0
0
0
0
0
0
0
0
0
0
0
0
0
0
9
180
255
132
11
139
42
0
0
0
0
0
0
0
0
0
0
0
0
0
33
238
255
98
52
252
169
6
0
0
0
0
0
0
0
0
0
0
0
0
88
255
233
35
102
255
188
15
0
0
0
0
0
0
0
0
0
0
0
0
171
255
142
13
185
255
146
0
0
0
0
0
0
0
0
0
0
0
0
55
237
255
79
31
221
255
111
0
0
0
0
0
0
0
0
0
0
0
0
135
255
209
21
73
255
249
169
150
21
0
0
0
0
0
0
0
0
0
22
198
255
159
4
172
255
255
255
204
26
0
0
0
0
0
0
0
0
0
34
217
255
180
134
245
255
238
128
27
0
0
0
0
0
0
0
0
0
0
0
124
255
255
255
255
225
66
0
0
0
0
0
0
0
0
0
0
0
0
0
6
99
195
255
239
103
0
0
0
0
0
0
0
0
0
0
0
0
0
0
0
0
175
255
186
4
0
0
0
0
0
0
0
0
0
0
0
0
0
0
0
35
238
245
70
0
0
0
0
0
0
0
0
0
0
0
0
0
0
0
0
43
248
235
35
0
0
0
0
0
0
0
0
0
0
0
0
0
0
0
0
5
132
184
32
0
0
0
0
0
0
0
0
0
0
0
0
0
0
0
0
0
0
0
0
0
0
0
0
0
0
0
0
0
0
0
0
0
0
0
0
0
0
0
0
0
0
0
0
0
0
0
0
0