0
0
0
0
0
0
0
0
0
0
0
0
0
0
0
0
0
0
0
0
0
0
0
0
0
0
0
0
0
0
0
0
0
0
0
0
0
0
0
0
0
0
0
0
0
0
0
0
0
0
0
0
0
0
0
0
0
0
0
0
0
0
0
0
0
0
0
0
0
0
0
0
5
93
78
1
0
0
0
0
0
0
0
0
0
0
0
0
0
0
0
0
105
255
143
0
0
0
0
0
0
0
0
0
0
0
0
0
0
0
0
24
223
234
43
0
0
0
0
0
0
0
0
0
0
0
0
0
0
0
0
141
255
128
0
0
0
0
0
0
0
0
0
0
0
0
0
0
0
0
53
242
238
46
0
0
0
0
0
0
0
0
0
0
0
0
0
0
0
10
170
255
215
12
0
0
0
0
0
0
0
0
0
0
0
0
0
0
0
39
241
255
108
0
0
0
0
0
0
0
0
0
0
0
0
0
0
0
0
86
253
207
22
0
0
0
0
0
0
0
0
0
0
0
0
0
0
0
0
156
255
86
0
0
0
0
0
0
0
0
0
0
0
0
0
0
0
0
60
241
194
17
0
0
0
0
0
0
0
0
0
0
0
0
0
0
0
9
163
255
84
0
0
0
0
0
0
0
0
0
0
0
0
0
0
0
0
71
255
205
13
0
0
0
0
0
0
0
0
0
0
0
0
0
0
0
9
186
246
82
0
0
0
0
0
0
0
0
0
0
0
0
0
0
0
0
99
255
159
0
0
0
0
0
0
0
0
0
0
0
0
0
0
0
0
0
90
190
38
0
0
0
0
0
0
0
0
0
0
0
0
0
0
0
0
0
0
0
0
0
0
0
0
0
0
0
0
0
0
0
0
0
0
0
0
0
0
0
0
0
0
0
0
0
0
0
0
0
0
0