0
0
0
0
0
0
0
0
0
0
0
0
0
0
0
0
0
0
0
0
0
0
0
0
0
0
0
0
16
124
87
0
0
0
0
0
0
0
0
0
0
0
0
0
0
0
0
0
126
255
191
3
0
0
0
0
0
0
0
0
0
0
0
0
0
0
11
131
251
255
100
0
0
0
0
0
0
0
0
0
0
0
0
0
0
0
133
255
255
144
7
0
0
0
0
0
0
0
0
0
0
0
0
0
0
72
240
255
184
29
0
0
0
0
0
0
0
0
0
0
0
0
0
0
0
153
255
201
20
0
0
0
0
0
0
0
0
0
0
0
0
0
0
0
84
245
249
91
0
0
0
0
0
0
0
1
1
0
0
0
0
0
0
0
177
255
176
7
0
0
0
0
42
82
136
153
154
81
0
0
0
0
0
0
183
255
170
7
0
0
3
113
223
248
255
255
255
210
24
0
0
0
0
0
184
255
175
4
0
2
162
255
255
240
194
177
255
228
44
0
0
0
0
0
177
255
231
73
0
112
252
255
174
65
44
168
255
186
0
0
0
0
0
0
52
232
255
228
146
228
255
247
157
159
224
255
225
58
0
0
0
0
0
0
0
139
255
255
255
254
253
253
255
255
255
254
94
0
0
0
0
0
0
0
0
18
92
205
239
255
255
254
253
239
206
96
6
0
0
0
0
0
0
0
0
0
0
5
55
164
159
118
96
54
5
0
0
0
0
0
0
0
0
0
0
0
0
0
0
0
0
0
0
0
0
0
0
0
0
0
0
0
0
0
0
0
0
0
0
0
0
0
0
0
0
0
0
0
0
0
0
0
0
0
0
0
0
0
0
0
0
0
0
0
0
0
0
0
0
0
0
0
0
0
0
0
0
0
0
0
0
0
0
0
0
0
0
0
0
0