0
0
0
0
0
0
0
0
0
0
0
0
0
0
0
0
0
0
0
0
0
0
0
0
0
0
0
0
0
0
0
0
0
0
0
0
0
0
0
0
0
0
0
0
0
0
0
0
0
0
0
0
0
0
0
0
0
0
0
0
0
0
0
0
0
0
0
0
0
0
0
0
0
0
0
0
0
0
0
0
0
0
0
0
0
0
0
0
0
5
118
187
187
188
139
1
0
0
0
0
0
0
0
0
0
0
0
0
50
182
255
255
227
245
238
42
0
0
0
0
0
0
0
0
0
0
0
45
211
255
213
130
36
109
250
124
0
0
0
0
0
0
0
0
0
0
82
224
233
142
25
0
0
110
255
166
0
0
0
0
0
0
0
0
0
22
195
255
108
0
0
0
8
179
255
123
0
0
0
0
0
0
0
0
0
85
255
153
9
0
0
0
49
242
255
121
0
0
0
0
0
0
0
0
0
146
237
43
0
0
0
56
201
255
211
27
0
0
0
0
0
0
0
0
2
188
166
0
0
0
35
219
255
232
80
0
0
0
0
0
0
0
0
0
2
186
202
56
29
80
200
255
252
126
0
0
0
0
0
0
0
0
0
0
0
117
249
255
230
255
255
255
177
1
0
0
0
0
0
0
0
0
0
0
0
6
75
150
191
173
251
237
65
0
0
0
0
0
0
0
0
0
0
0
0
0
0
0
0
100
255
172
5
0
0
0
0
0
0
0
0
0
0
0
0
0
0
0
0
164
249
94
0
0
0
0
0
0
0
0
0
0
0
0
0
0
0
0
18
215
205
0
0
0
0
0
0
0
0
0
0
0
0
0
0
0
0
0
0
102
107
0
0
0
0
0
0
0
0
0
0
0
0
0
0
0
0
0
0
0
0
0
0
0
0
0
0
0
0
0