0
0
0
0
0
0
0
0
0
0
0
0
0
0
0
0
0
0
0
0
0
0
0
0
0
0
0
0
0
0
0
0
0
0
0
0
0
0
0
0
0
0
0
0
0
0
0
0
0
0
0
0
0
0
0
0
0
0
0
0
0
0
0
0
37
110
107
68
37
8
0
0
0
0
0
2
0
0
0
0
0
0
0
0
49
243
255
238
218
195
155
154
154
159
158
40
0
0
0
0
0
0
0
0
0
44
210
255
247
237
253
254
255
220
132
14
0
0
0
0
0
0
0
0
0
29
209
255
192
65
73
77
80
28
0
0
0
0
0
0
0
0
0
0
0
5
138
230
247
217
178
84
22
0
0
0
0
0
0
0
0
0
0
0
0
0
3
31
125
159
202
254
231
130
19
0
0
0
0
0
0
0
0
0
0
0
0
0
0
0
19
96
241
255
140
0
0
0
0
0
0
0
0
0
0
0
0
0
0
0
0
0
81
255
248
51
0
0
0
0
0
0
0
0
0
0
0
0
0
0
0
0
30
242
251
55
0
0
0
0
0
0
0
0
0
0
0
0
0
0
0
0
72
255
238
32
0
0
0
0
0
0
0
0
34
97
10
0
0
0
0
0
129
255
154
0
0
0
0
0
0
0
0
0
20
207
165
11
0
0
0
29
218
255
70
0
0
0
0
0
0
0
0
0
0
106
255
160
41
0
0
125
255
166
8
0
0
0
0
0
0
0
0
0
0
20
185
255
225
154
163
249
210
41
0
0
0
0
0
0
0
0
0
0
0
0
24
105
206
229
228
204
76
0
0
0
0
0
0
0
0
0
0
0
0
0
0
0
0
0
0
0
0
0
0
0
0
0
0
0
0
0
0
0
0
0
0
0
0
0
0
0
0
0
0
0
0
0
0
0