0
0
0
0
0
0
0
0
0
0
0
0
0
0
0
0
0
0
0
0
0
0
0
0
0
0
0
0
0
0
0
0
0
0
0
0
0
0
0
0
0
0
0
0
0
0
0
0
0
0
0
0
0
0
0
0
0
0
0
0
0
0
0
0
0
0
0
0
0
0
0
0
0
21
95
34
0
0
0
0
0
0
0
0
0
0
91
118
0
0
0
0
0
82
255
104
0
0
0
0
0
0
0
0
0
4
178
217
9
0
0
0
0
146
233
26
0
0
0
0
0
0
0
0
0
22
201
187
2
0
0
0
19
202
190
1
0
0
0
0
0
0
0
0
0
82
255
155
0
0
0
0
68
255
128
0
0
0
0
0
0
0
0
0
0
133
253
84
0
0
0
0
125
240
60
0
0
0
0
0
0
0
0
0
27
233
174
12
3
61
139
166
231
182
10
0
0
0
0
0
0
0
0
0
113
255
244
235
238
254
255
255
255
174
6
0
0
0
0
0
0
0
0
0
113
245
245
249
218
173
160
209
255
132
0
0
0
0
0
0
0
0
0
0
14
31
31
32
22
7
0
159
240
39
0
0
0
0
0
0
0
0
0
0
0
0
0
0
0
0
0
159
201
0
0
0
0
0
0
0
0
0
0
0
0
0
0
0
0
0
16
193
191
0
0
0
0
0
0
0
0
0
0
0
0
0
0
0
0
0
38
223
166
0
0
0
0
0
0
0
0
0
0
0
0
0
0
0
0
0
70
255
101
0
0
0
0
0
0
0
0
0
0
0
0
0
0
0
0
0
54
206
60
0
0
0
0
0
0
0
0
0
0
0
0
0
0
0
0
0
0
0
0
0
0
0
0
0
0
0
0
0
0
0
0
0
0
0
0
0
0
0
0
0
0
0
0
0
0
0