0
0
0
0
0
0
0
0
0
0
0
0
0
0
0
0
0
0
0
0
0
0
0
0
0
0
0
0
0
0
0
0
0
0
0
0
0
0
0
0
0
0
0
0
0
0
0
0
0
0
0
0
0
0
0
0
0
0
0
0
0
0
0
0
0
0
0
0
0
0
0
0
0
37
56
41
0
0
0
0
0
0
0
0
0
0
0
0
0
0
3
77
179
220
227
108
0
0
0
0
0
0
0
0
0
0
0
0
30
134
200
250
246
255
210
15
0
0
0
0
0
0
0
0
0
0
0
0
40
150
152
94
66
89
199
89
0
0
0
0
0
0
0
0
0
0
0
0
0
0
0
0
0
0
173
167
0
0
0
0
0
0
0
0
0
0
0
0
0
0
0
0
6
121
216
61
0
0
0
0
0
0
0
0
0
27
145
167
149
92
36
66
177
201
69
0
0
0
0
0
0
0
0
0
0
45
232
255
255
255
233
231
246
70
0
0
0
0
0
0
0
48
74
0
0
3
66
145
126
103
72
56
146
204
45
0
0
0
0
0
0
133
249
102
15
0
0
0
0
0
0
0
2
172
152
0
0
0
0
0
0
34
127
206
204
96
19
0
0
0
0
0
0
170
174
0
0
0
0
0
0
0
0
23
116
230
204
149
93
60
55
81
174
221
82
0
0
0
0
0
0
0
0
0
0
28
93
149
176
193
197
197
137
37
0
0
0
0
0
0
0
0
0
0
0
0
0
0
0
14
19
13
0
0
0
0
0
0
0
0
0
0
0
0
0
0
0
0
0
0
0
0
0
0
0
0
0
0
0
0
0
0
0
0
0
0
0
0
0
0
0
0
0
0
0
0
0
0
0
0
0
0
0
0
0
0
0
0
0
0
0
0
0
0
0
0
0
0
0
0