0
0
0
0
0
0
0
0
0
0
0
0
0
0
0
0
0
0
0
0
0
0
0
0
0
0
0
0
0
0
0
0
0
0
0
0
0
0
0
0
0
0
0
0
0
0
0
0
0
0
0
0
0
0
0
0
0
0
0
0
0
0
0
0
0
0
0
0
0
0
0
0
0
0
0
0
0
0
0
0
0
0
0
0
0
0
0
0
0
0
0
0
0
0
0
0
0
2
0
0
0
0
0
0
0
0
0
0
9
58
35
0
0
0
0
21
83
72
0
0
0
0
0
0
0
0
0
8
171
221
74
0
0
0
65
198
184
30
0
0
0
0
0
0
0
0
19
177
240
80
0
0
0
65
228
187
24
0
0
0
0
0
0
0
0
11
153
249
114
6
0
0
16
204
218
64
0
0
0
0
0
0
0
0
52
194
219
82
0
0
0
31
188
226
58
0
0
0
0
0
0
0
0
58
232
255
246
212
184
163
158
204
255
208
32
0
0
0
0
0
0
0
0
48
129
125
126
128
130
127
208
255
205
87
12
0
0
0
0
0
0
0
0
0
0
0
0
0
0
19
205
208
37
0
0
0
0
0
0
0
0
0
0
0
0
0
0
0
17
203
196
18
0
0
0
0
0
0
0
0
0
0
0
0
0
0
0
0
101
247
54
0
0
0
0
0
0
0
0
0
0
0
0
0
0
0
0
0
85
154
0
0
0
0
0
0
0
0
0
0
0
0
0
0
0
0
0
0
13
13
0
0
0
0
0
0
0
0
0
0
0
0
0
0
0
0
0
0
0
0
0
0
0
0
0
0
0
0
0
0
0
0
0
0
0
0
0
0
0
0
0
0
0
0
0
0
0
0
0
0
0
0
0
0
0
0
0
0
0
0
0
0
0
0
0
0
0
0
0
0