0
0
0
0
0
0
0
0
0
0
0
0
0
0
0
0
0
0
0
0
0
0
0
0
0
0
0
0
0
0
0
0
63
114
12
0
0
0
0
0
0
0
0
0
0
0
0
0
0
0
0
14
215
228
32
0
0
0
0
0
0
0
0
0
0
0
0
0
0
0
0
122
236
109
9
0
0
0
0
0
0
0
0
0
0
0
0
0
0
0
72
246
122
0
0
0
0
0
0
0
0
0
0
0
0
0
0
0
0
1
176
231
31
0
0
0
0
0
0
0
0
0
0
0
0
0
0
0
0
77
249
107
0
0
0
0
0
0
0
0
0
0
0
0
0
0
0
0
42
211
179
12
0
0
0
0
0
0
0
0
0
0
0
0
0
0
0
5
160
223
43
0
0
0
0
0
0
0
0
0
0
0
0
0
0
0
0
54
251
98
0
0
0
0
0
0
0
0
0
0
0
0
0
0
0
0
0
95
242
48
0
0
0
0
0
0
0
0
0
0
0
0
0
0
0
0
0
171
172
0
26
88
115
33
0
0
0
0
0
0
0
0
0
0
0
0
0
226
152
93
235
245
255
183
20
0
0
0
0
0
0
0
0
0
0
0
0
211
210
222
204
144
239
212
29
0
0
0
0
0
0
0
0
0
0
0
0
102
253
255
222
206
226
86
0
0
0
0
0
0
0
0
0
0
0
0
0
0
90
186
187
129
34
0
0
0
0
0
0
0
0
0
0
0
0
0
0
0
0
0
0
0
0
0
0
0
0
0
0
0
0
0
0
0
0
0
0
0
0
0
0
0
0
0
0
0
0
0
0
0
0
0
0
0
0
0
0
0
0
0
0
0
0
0
0
0
0
0
0
0
0
0
0
0
0
0
0
0
0
0
0
0
0
0
0
0
0
0
0
0