0
0
0
0
0
0
0
0
0
0
0
0
0
0
0
0
0
0
0
0
0
0
0
0
0
0
0
0
0
0
0
0
0
0
0
0
0
0
0
0
0
0
0
0
0
0
0
0
0
0
0
0
0
0
0
0
0
0
0
0
0
0
0
0
0
0
18
49
45
83
83
41
1
0
0
0
0
0
0
0
0
0
0
0
34
138
205
229
227
255
252
213
84
0
0
0
0
0
0
0
0
0
0
80
240
255
255
240
233
197
240
255
232
44
0
0
0
0
0
0
0
0
0
65
240
192
110
60
44
41
210
255
237
49
0
0
0
0
0
0
0
0
0
0
42
17
0
19
119
216
251
255
165
4
0
0
0
0
0
0
0
0
0
0
0
0
29
209
255
255
255
255
194
121
22
0
0
0
0
0
0
0
0
0
0
0
38
228
255
248
252
255
255
255
194
68
0
0
0
0
0
0
0
0
0
0
0
76
112
49
88
139
182
244
255
195
12
0
0
0
0
0
0
0
0
0
0
0
0
0
0
0
8
105
240
244
70
0
0
0
0
0
0
0
0
0
0
0
0
0
0
0
0
1
198
255
107
0
0
0
0
0
0
0
0
0
0
0
0
0
0
0
0
89
234
255
91
0
0
0
0
0
0
0
0
13
97
39
0
0
0
25
130
237
255
204
22
0
0
0
0
0
0
0
0
61
255
188
80
85
155
224
255
255
242
85
0
0
0
0
0
0
0
0
0
64
255
255
255
255
255
255
253
176
74
0
0
0
0
0
0
0
0
0
0
26
171
220
217
219
177
123
68
7
0
0
0
0
0
0
0
0
0
0
0
0
0
0
0
0
0
0
0
0
0
0
0
0
0
0
0
0
0
0
0
0
0
0
0
0
0
0
0
0
0
0
0
0
0
0