0
0
0
0
0
0
0
0
0
0
0
0
0
0
0
0
0
0
0
0
0
0
0
0
0
0
0
0
0
0
0
0
0
0
0
0
0
0
0
0
0
0
0
0
0
0
0
0
0
0
0
0
0
0
0
0
0
0
0
0
0
0
0
0
0
0
0
0
0
0
0
0
0
0
0
0
0
0
0
0
0
0
0
0
0
0
0
0
0
0
0
0
6
10
2
0
0
0
0
0
0
0
0
0
0
0
0
0
2
41
94
146
213
255
68
0
0
0
0
0
0
0
0
0
0
0
0
17
155
227
251
203
217
255
70
0
0
0
0
0
0
0
0
0
0
0
0
88
255
214
51
24
202
201
20
0
0
0
0
0
0
0
0
0
0
0
0
146
255
116
0
68
235
102
0
0
0
0
0
0
0
0
0
0
0
0
0
128
185
32
1
170
204
1
0
0
0
0
0
0
0
0
0
0
0
0
0
3
3
0
77
244
105
0
0
0
0
0
0
0
0
0
0
0
0
0
0
0
0
2
188
214
17
0
0
0
0
0
0
0
0
0
0
0
0
0
0
0
0
86
255
137
0
0
0
0
0
0
0
0
0
0
0
0
0
0
0
0
24
203
216
42
0
0
0
0
0
0
0
0
0
0
0
0
0
0
0
0
79
245
107
0
0
0
0
0
0
0
0
0
0
0
0
0
0
0
0
5
172
231
8
0
0
0
0
0
0
0
0
0
0
0
0
0
0
0
0
51
245
161
0
0
0
0
0
0
0
0
0
0
0
0
0
0
0
0
0
167
236
53
0
0
0
0
0
0
0
0
0
0
0
0
0
0
0
0
26
237
124
0
0
0
0
0
0
0
0
0
0
0
0
0
0
0
0
0
9
58
10
0
0
0
0
0
0
0
0
0
0
0