0
0
0
0
0
0
0
0
0
0
0
0
0
0
0
0
0
0
0
0
0
0
0
0
0
0
0
0
0
0
0
0
0
0
0
0
0
0
0
0
0
0
0
0
0
0
0
0
0
0
0
0
0
110
146
0
0
0
0
0
0
0
0
0
0
0
0
0
0
0
0
0
1
161
170
0
0
0
0
0
0
0
0
0
0
0
0
0
0
25
10
0
5
177
167
0
0
0
0
0
0
0
0
0
0
0
0
0
5
188
125
0
40
237
155
0
0
0
0
0
0
0
0
0
0
0
0
0
56
232
116
0
134
255
83
0
0
0
0
0
0
0
0
0
0
0
0
0
115
255
48
30
231
213
27
0
0
0
0
0
0
0
0
0
0
0
0
13
194
216
0
80
254
153
0
0
0
0
0
0
0
0
0
0
0
0
0
132
255
95
0
157
255
84
0
0
0
0
0
0
0
0
0
0
0
0
79
252
169
0
36
226
207
6
0
0
0
0
0
0
0
0
0
0
0
40
221
221
27
0
116
255
208
126
105
33
0
0
0
0
0
0
0
0
31
202
255
211
184
224
243
255
248
244
232
81
0
0
0
0
0
0
0
0
141
255
255
238
185
236
255
164
75
53
50
17
0
0
0
0
0
0
0
0
137
165
82
49
19
201
242
59
0
0
0
0
0
0
0
0
0
0
0
0
12
1
0
0
92
255
168
0
0
0
0
0
0
0
0
0
0
0
0
0
0
0
0
0
60
115
52
0
0
0
0
0
0
0
0
0
0
0
0
0
0
0
0
0
0
0
0
0
0
0
0
0
0
0
0
0
0
0
0
0
0
0
0
0
0
0
0
0
0
0
0
0
0
0
0
0
0
0
0
0
0
0
0
0
0
0
0
0
0
0
0
0
0
0
0
0