0
0
0
0
0
0
0
0
0
0
0
0
0
0
0
0
0
0
0
0
0
0
0
0
0
0
0
0
0
0
0
0
0
0
0
0
0
0
0
0
0
0
0
0
0
0
0
0
0
0
0
0
0
0
0
0
0
0
0
0
0
0
0
0
0
0
0
0
0
0
0
0
0
0
0
0
0
0
0
0
0
0
0
0
0
0
0
0
0
78
174
186
183
189
140
96
76
3
0
0
0
0
0
0
0
0
0
16
84
180
180
120
108
231
255
234
152
0
0
0
0
0
0
0
0
0
38
191
214
91
12
0
0
120
255
255
133
0
0
0
0
0
0
0
0
55
213
178
31
0
0
0
0
102
255
226
50
0
0
0
0
0
0
0
41
211
160
3
0
0
0
0
0
100
255
182
0
0
0
0
0
0
0
0
147
179
14
0
0
0
0
0
6
165
255
81
0
0
0
0
0
0
0
71
236
59
0
0
0
0
10
59
161
255
179
7
0
0
0
0
0
0
0
111
255
121
62
65
71
112
182
242
255
233
49
0
0
0
0
0
0
0
0
75
238
255
248
250
246
246
217
223
255
139
0
0
0
0
0
0
0
0
0
0
56
154
188
187
131
74
41
193
229
17
0
0
0
0
0
0
0
0
0
0
0
0
14
12
0
0
134
255
91
0
0
0
0
0
0
0
0
0
0
0
0
0
0
0
0
89
254
142
0
0
0
0
0
0
0
0
0
0
0
0
0
0
0
0
34
223
198
20
0
0
0
0
0
0
0
0
0
0
0
0
0
0
0
14
181
234
43
0
0
0
0
0
0
8
0
0
0
0
0
0
0
0
0
35
148
79
0
0
0
0
0
0
0
27
0
0
0
0
0
0
0
0
0
0
0
0
0
0
0
0
0
0
0
0
0
0