0
0
0
0
0
0
0
0
0
0
0
0
0
0
0
0
0
0
0
0
0
0
0
0
0
0
0
0
0
0
0
0
0
0
0
0
0
0
0
0
0
0
0
0
0
0
0
0
37
148
219
228
50
0
0
0
0
0
0
0
0
0
0
0
0
0
0
9
200
255
255
188
30
0
0
0
0
0
0
0
0
0
0
0
0
0
12
169
255
184
66
17
0
0
0
0
0
0
0
0
0
0
0
0
0
0
91
255
248
70
0
0
0
0
0
0
0
0
0
0
0
0
0
0
0
0
110
255
144
2
0
0
0
0
0
0
0
0
0
0
0
0
0
0
0
2
148
253
97
20
58
59
20
0
0
0
0
0
0
0
0
0
0
0
0
15
176
255
210
212
255
255
199
62
0
0
0
0
0
0
0
0
0
0
0
54
242
254
248
255
252
255
255
204
54
0
0
0
0
0
0
0
0
0
0
21
197
253
123
85
96
122
206
255
197
2
0
0
0
0
0
0
0
0
0
6
161
255
122
0
0
0
30
192
226
30
0
0
0
0
0
0
0
0
0
0
67
245
213
42
0
0
0
117
255
71
0
0
0
0
0
0
0
0
0
0
16
229
255
204
59
0
0
113
255
75
0
0
0
0
0
0
0
0
0
0
2
115
228
255
232
189
181
222
221
23
0
0
0
0
0
0
0
0
0
0
0
0
92
202
246
255
255
237
119
0
0
0
0
0
0
0
0
0
0
0
0
0
0
23
72
110
111
66
0
0
0
0
0
0
0
0
0
0
0
0
0
0
0
0
0
0
0
0
0
0
0
0
0
0
0
0
0
0
0
0
0
0
0
0
0
0
0
0
0
0
0
0
0
0
0
0
0
0
0
0
0
0
0
0
0
0
0
0
0
0
0
0
0
0