0
0
0
0
0
0
0
0
0
0
0
0
0
0
0
0
0
0
0
0
0
0
0
0
0
0
0
0
0
0
0
0
0
0
0
0
0
0
0
0
0
0
0
0
0
0
0
0
0
0
0
0
0
0
0
0
0
0
0
0
0
0
0
0
0
0
0
0
0
0
0
0
0
0
0
0
0
0
0
0
0
0
0
0
0
0
0
0
0
0
0
0
3
10
6
0
0
0
0
0
0
0
0
0
0
0
0
0
0
16
72
154
185
246
218
47
0
0
0
0
0
0
0
0
0
0
66
128
145
194
229
251
255
253
255
169
0
0
0
0
0
0
0
0
0
102
236
255
255
229
65
47
115
244
255
123
0
0
0
0
0
0
0
0
24
219
255
242
121
28
0
0
146
255
201
9
0
0
0
0
0
0
0
0
116
255
231
103
0
0
0
42
212
242
109
0
0
0
0
0
0
0
0
0
52
152
72
0
0
0
45
215
255
116
0
0
0
0
0
0
0
0
0
0
0
0
0
0
0
1
194
255
163
17
0
0
0
0
0
0
0
0
0
0
0
0
0
0
0
89
255
251
57
0
0
0
0
0
0
0
0
0
0
0
0
0
0
0
7
172
255
132
1
0
0
0
0
0
0
0
0
0
0
0
0
0
0
18
167
252
125
12
0
0
0
0
0
0
0
0
0
0
0
0
0
0
0
85
255
185
0
0
0
0
0
0
0
0
0
0
0
0
0
0
0
0
59
218
221
40
0
0
0
0
0
0
0
0
0
0
0
0
0
0
0
7
137
247
103
3
0
0
0
0
0
0
0
0
0
0
0
0
0
0
0
23
210
165
4
0
0
0
0
0
0
0
0
0
0
0
0
0
0
0
0
1
48
22
0
0
0
0
0
0
0
0
0
0
0
0