0
0
0
0
0
0
0
0
0
0
0
0
0
0
0
0
0
0
0
0
0
0
0
0
0
0
0
0
0
0
0
0
0
0
0
0
0
0
0
0
0
0
0
0
0
0
0
0
0
0
0
0
0
0
10
30
0
0
0
0
0
0
0
0
0
0
0
0
0
0
0
12
84
55
89
203
72
0
0
0
0
0
0
0
0
0
0
0
0
0
37
170
255
218
60
171
150
0
0
0
0
0
0
0
0
0
0
0
0
51
216
255
248
149
16
167
149
0
0
0
0
0
0
0
0
0
0
0
56
211
255
211
89
0
0
176
148
0
0
0
0
0
0
0
0
0
0
64
240
255
243
95
0
0
28
245
145
0
0
0
0
0
0
0
0
0
49
216
255
193
83
18
0
0
99
255
140
0
0
0
0
0
0
0
0
2
159
255
230
55
0
0
0
14
195
252
83
0
0
0
0
0
0
0
0
80
239
245
89
0
0
0
0
41
227
195
23
0
0
0
0
0
0
0
1
178
255
194
0
0
0
0
16
181
243
63
0
0
0
0
0
0
0
0
26
214
255
102
0
0
0
21
181
255
101
0
0
0
0
0
0
0
0
0
52
251
231
43
0
0
54
181
255
183
26
0
0
0
0
0
0
0
0
0
53
252
230
46
52
181
236
255
170
20
0
0
0
0
0
0
0
0
0
0
41
235
255
239
248
255
216
128
13
0
0
0
0
0
0
0
0
0
0
0
0
102
246
255
196
120
35
0
0
0
0
0
0
0
0
0
0
0
0
0
0
0
31
35
15
0
0
0
0
0
0
0
0
0
0
0
0
0
0
0
0
0
0
0
0
0
0
0
0
0
0
0
0
0
0
0
0
0
0
0
0
0
0
0
0
0
0
0
0
0
0
0
0
0
0
0