0
0
0
0
0
0
0
0
0
0
0
0
0
0
0
0
0
0
0
0
0
0
0
0
0
0
0
0
0
0
0
0
0
0
0
0
0
0
0
0
0
0
0
0
0
0
0
0
0
0
0
0
0
0
0
0
0
0
0
0
0
0
0
0
0
0
0
0
0
0
0
0
0
0
0
0
0
0
0
0
0
0
0
0
0
0
0
0
0
0
0
0
3
7
0
0
0
0
0
0
0
0
0
0
0
0
0
9
35
33
46
108
187
222
128
5
0
0
0
0
0
0
0
0
0
12
63
163
218
216
235
255
244
254
242
30
0
0
0
0
0
0
0
0
75
218
247
255
248
173
127
86
69
234
212
15
0
0
0
0
0
0
0
0
61
179
149
107
63
5
0
0
75
255
133
0
0
0
0
0
0
0
0
0
0
6
0
0
0
0
0
0
151
211
30
0
0
0
0
0
0
0
0
0
0
0
0
0
0
0
0
77
236
117
0
0
0
0
0
0
0
0
0
0
0
0
0
0
0
0
37
208
174
2
0
0
0
0
0
0
0
0
0
0
0
0
0
0
0
0
105
246
38
0
0
0
0
0
0
0
0
0
0
0
0
0
0
0
0
49
239
132
0
0
0
0
0
0
0
0
0
0
0
0
0
0
0
0
5
182
214
24
0
0
0
0
0
0
0
0
0
0
0
0
0
0
0
0
112
244
92
0
0
0
0
0
0
0
0
0
0
0
0
0
0
0
0
51
231
156
3
0
0
0
0
0
0
0
0
0
0
0
0
0
0
0
0
170
210
34
0
0
0
0
0
0
0
0
0
0
0
0
0
0
0
0
0
205
166
0
0
0
0
0
0
0
0
0
0
0
0
0
0
0
0
0
0
54
45
0
0
0
0
0
0
0
0
0
0
0