0
0
0
0
0
0
0
0
0
0
0
0
0
0
0
0
0
0
0
0
0
0
0
0
0
0
0
0
0
0
0
0
0
0
0
0
0
0
0
0
0
0
0
0
0
0
0
0
0
0
0
0
0
0
0
0
0
0
0
0
0
0
0
0
0
0
0
0
0
0
0
0
0
0
0
0
0
0
0
0
0
0
0
0
0
0
0
36
144
189
191
190
172
65
0
0
0
0
0
0
0
0
0
0
0
0
45
218
255
236
192
218
255
146
0
0
0
0
0
0
0
0
0
0
0
2
151
255
204
51
0
29
225
151
0
0
0
0
0
0
0
0
0
0
0
13
188
255
87
0
0
0
195
199
23
0
0
0
0
0
0
0
0
0
0
37
222
218
8
0
0
0
203
255
90
0
0
0
0
0
0
0
0
0
0
86
255
221
36
3
18
110
239
255
87
0
0
0
0
0
0
0
0
0
0
28
208
255
238
228
238
255
255
219
39
0
0
0
0
0
0
0
0
0
0
0
69
195
255
255
213
164
253
193
18
0
0
0
0
0
0
0
0
0
0
0
0
15
58
65
21
115
255
153
0
0
0
0
0
0
0
0
0
0
0
0
0
0
0
0
2
175
255
93
0
0
0
0
0
0
0
0
0
0
0
0
0
0
0
0
26
206
239
42
0
0
0
0
0
0
0
0
0
0
0
0
0
0
0
0
68
252
219
18
0
0
0
0
0
0
0
0
0
0
0
0
0
0
0
0
110
255
199
2
0
0
0
0
0
0
0
0
0
0
0
0
0
0
0
0
128
255
171
0
0
0
0
0
0
0
0
0
0
0
0
0
0
0
0
0
43
138
36
0
0
0
0
0
0
0
0
0
0
0
0
0
0
0
0
0
0
0
0
0
0
0
0
0
0
0