0
0
0
0
0
0
0
0
0
0
0
0
0
0
0
0
0
0
0
0
0
0
0
0
0
0
0
0
0
0
0
0
0
0
0
0
0
0
0
0
0
0
0
0
0
0
0
0
0
0
0
0
0
0
0
0
0
0
0
0
0
0
0
0
0
0
0
0
0
0
1
38
97
35
0
0
0
0
0
0
0
0
0
0
0
0
1
9
54
74
122
219
255
113
0
0
0
0
0
0
0
0
0
0
0
36
175
222
240
253
255
255
255
232
97
47
35
2
0
0
0
0
0
0
41
205
255
255
252
238
238
238
237
243
247
245
163
8
0
0
0
0
0
0
31
192
147
109
79
28
29
29
28
38
98
210
222
23
0
0
0
0
0
0
0
0
0
0
0
0
0
0
0
0
0
93
228
23
0
0
0
0
0
0
0
0
0
0
0
0
0
0
0
0
56
205
174
8
0
0
0
0
0
0
0
0
0
0
0
0
0
0
0
34
191
222
36
0
0
0
0
0
0
0
0
0
0
0
0
0
0
0
8
165
255
126
0
0
0
0
0
0
0
0
0
0
0
0
0
0
0
60
185
251
160
25
0
0
0
0
0
0
0
0
0
0
20
44
56
50
132
236
225
115
7
0
0
0
0
0
0
0
0
21
90
158
196
223
233
233
255
210
47
0
0
0
0
0
0
0
0
0
10
169
255
255
255
255
240
195
203
234
157
16
0
0
0
0
0
0
0
0
39
255
255
251
220
131
62
14
27
82
83
45
0
0
0
0
0
0
0
0
18
107
97
50
22
0
0
0
0
0
0
3
0
0
0
0
0
0
0
0
0
0
0
0
0
0
0
0
0
0
0
0
0
0
0
0
0
0
0
0
0
0
0
0
0
0
0
0
0
0
0
0
0
0
0
0
0
0