0
0
0
0
0
0
0
0
0
0
0
0
0
0
0
0
0
0
0
0
0
0
0
0
0
0
0
0
0
0
0
0
0
0
0
0
0
0
0
0
0
0
0
0
0
0
0
0
0
0
0
0
0
0
0
0
0
0
0
0
0
0
0
0
0
0
0
0
0
0
0
0
0
0
0
0
0
0
0
0
0
0
0
0
0
0
0
0
0
1
77
152
91
0
0
0
0
0
0
0
0
0
0
0
0
0
0
0
74
186
255
231
240
86
0
0
0
0
0
0
0
0
0
0
0
0
34
152
255
237
96
41
111
188
6
0
0
0
0
0
0
0
0
0
0
31
201
255
164
31
0
0
24
250
223
47
0
0
0
0
0
0
0
0
0
153
255
109
0
0
0
0
41
241
238
34
0
0
0
0
0
0
0
0
106
241
111
0
0
0
31
127
213
255
164
0
0
0
0
0
0
0
0
0
197
249
76
60
135
199
255
234
195
255
73
0
0
0
0
0
0
0
0
0
110
255
234
255
237
185
143
51
77
255
71
0
0
0
0
0
0
0
0
0
1
34
40
39
26
10
0
0
150
221
36
0
0
0
0
0
0
0
0
0
0
0
0
0
0
0
0
9
232
198
20
0
0
0
0
0
0
0
0
0
0
0
0
0
0
0
0
61
253
158
0
0
0
0
0
0
0
0
0
0
0
0
0
0
0
0
0
72
249
126
0
0
0
0
0
0
0
0
0
0
0
0
0
0
0
0
0
75
230
69
0
0
0
0
0
0
0
0
0
0
0
0
0
0
0
0
0
61
249
111
0
0
0
0
0
0
0
0
0
0
0
0
0
0
0
0
0
0
125
65
0
0
0
0
0
0
0
0
0
0
0
0
0
0
0
0
0
0
0
0
0
0
0
0
0
0