0
0
0
0
0
0
0
0
0
0
0
0
0
0
0
0
0
0
0
0
0
0
0
0
0
0
0
0
0
0
0
0
0
0
0
0
0
0
0
0
0
0
0
0
0
0
0
0
0
0
0
0
0
0
0
0
0
0
0
0
0
0
0
0
80
137
105
59
23
0
0
0
0
0
0
0
0
0
0
0
0
0
0
0
189
255
255
238
207
154
71
5
0
0
0
0
0
0
0
0
0
0
0
0
49
161
168
203
253
255
246
162
54
0
0
0
0
0
0
0
0
0
0
0
0
0
0
23
83
175
252
255
239
154
40
0
0
0
0
0
0
0
0
0
0
0
0
0
0
8
59
126
225
255
128
0
0
0
0
0
0
0
0
0
0
0
0
0
0
0
0
0
104
255
135
0
0
0
0
0
0
0
0
0
0
0
0
0
0
0
0
0
121
255
117
0
0
0
0
0
0
0
0
0
0
0
0
0
0
0
0
35
208
225
39
0
0
0
0
0
0
0
0
0
0
0
0
0
0
0
37
192
238
98
0
1
50
112
72
0
0
0
0
0
0
0
0
0
19
113
222
255
145
63
78
181
223
141
33
0
0
0
0
0
0
15
77
132
207
250
255
255
255
255
231
161
59
1
0
0
0
0
0
0
0
126
247
255
255
255
252
244
223
114
37
8
0
0
0
0
0
0
0
0
0
147
255
247
218
127
84
52
7
0
0
0
0
0
0
0
0
0
0
0
0
42
109
80
36
1
0
0
0
0
0
0
0
0
0
0
0
0
0
0
0
0
0
0
0
0
0
0
0
0
0
0
0
0
0
0
0
0
0
0
0
0
0
0
0
0
0
0
0
0
0
0
0
0
0
0
0
0
0
0
0
0
0
0
0
0
0
0
0
0
0
0
0
0
0
0