0
0
0
0
0
0
0
0
0
0
0
0
0
0
0
0
0
0
0
0
0
0
0
0
0
0
0
0
0
0
0
0
0
0
0
0
0
0
0
0
0
0
0
0
0
0
0
0
0
0
0
0
0
0
0
0
0
0
0
0
0
0
0
0
0
0
0
0
0
0
0
0
0
0
0
0
0
0
0
0
0
0
0
0
0
0
0
60
162
132
19
0
0
0
0
0
0
0
0
0
0
0
0
0
0
0
43
213
167
183
194
29
69
60
0
0
0
0
0
0
0
0
0
0
0
8
167
141
0
6
152
181
223
133
0
0
0
0
0
0
0
0
0
0
0
88
229
40
0
0
40
236
244
58
0
0
0
0
0
0
0
0
0
0
0
167
195
11
0
0
68
237
254
98
0
0
0
0
0
0
0
0
0
0
10
220
137
0
0
50
208
229
254
135
0
0
0
0
0
0
0
0
0
0
5
197
132
0
77
216
152
35
219
108
0
0
0
0
0
0
0
0
0
0
0
112
236
182
221
136
0
41
231
106
0
0
0
0
0
0
0
0
0
0
0
11
90
120
44
0
0
62
237
106
0
0
0
0
0
0
0
0
0
0
0
0
0
0
0
0
0
60
227
78
0
0
0
0
0
0
0
0
0
0
0
0
0
0
0
0
0
116
229
32
0
0
0
0
0
0
0
0
0
0
0
0
0
0
0
0
12
188
196
0
0
0
0
0
0
0
0
0
0
0
0
0
0
0
0
0
38
224
155
0
0
0
0
0
0
0
0
0
0
0
0
0
0
0
0
0
56
252
148
0
0
0
0
0
0
0
0
0
0
0
0
0
0
0
0
0
22
113
47
0
0
0
0
0
0
0
0
0
0
0
0
0
0
0
0
0
0
0
0
0
0
0
0
0
0
0