0
0
0
0
0
0
0
0
0
0
0
0
0
0
0
0
0
0
0
0
0
0
0
0
0
0
0
0
0
0
0
0
0
0
0
0
0
0
0
0
0
0
0
0
0
0
0
0
0
0
0
86
218
129
3
0
0
0
0
0
0
0
0
0
0
0
0
0
0
0
101
248
242
165
21
0
0
0
0
0
0
0
0
0
0
0
0
0
0
72
247
223
64
15
0
0
0
0
0
0
0
0
0
0
0
0
0
0
7
182
255
83
0
0
0
0
0
0
0
0
0
0
0
0
0
0
0
0
77
251
154
0
0
0
0
0
0
0
0
0
0
0
0
0
0
0
0
13
193
247
49
0
0
0
0
0
0
0
0
0
0
0
0
0
0
0
0
39
255
147
0
0
0
0
0
0
0
0
0
0
0
0
0
0
0
0
0
96
255
93
0
0
0
0
0
0
0
0
0
0
0
0
0
0
0
0
0
200
248
51
8
51
60
29
0
0
0
0
0
0
0
0
0
0
0
0
0
209
215
91
183
242
250
186
26
0
0
0
0
0
0
0
0
0
0
0
0
159
250
249
243
102
149
243
51
0
0
0
0
0
0
0
0
0
0
0
0
139
255
215
95
6
190
217
32
0
0
0
0
0
0
0
0
0
0
0
0
72
255
173
95
182
252
106
0
0
0
0
0
0
0
0
0
0
0
0
0
1
133
238
255
227
90
0
0
0
0
0
0
0
0
0
0
0
0
0
0
0
12
63
95
47
0
0
0
0
0
0
0
0
0
0
0
0
0
0
0
0
0
0
0
0
0
0
0
0
0
0
0
0
0
0
0
0
0
0
0
0
0
0
0
0
0
0
0
0
0
0
0
0
0
0
0
0
0
0
0
0
0
0
0
0
0
0
0
0
0
0
0
0