0
0
0
0
0
0
0
0
0
0
0
0
0
0
0
0
0
0
0
0
0
0
0
0
0
0
0
0
0
0
0
0
18
127
40
0
0
0
0
0
0
0
0
0
0
0
0
0
0
0
0
0
155
227
39
0
0
0
0
0
0
0
0
0
0
0
0
0
0
0
4
134
255
124
0
0
0
0
0
0
0
0
0
0
0
0
0
0
0
0
129
255
192
14
0
0
0
0
0
0
0
0
0
0
0
0
0
0
2
116
249
236
60
0
0
0
0
0
0
0
0
0
0
0
0
0
0
0
74
247
249
103
0
0
0
0
0
0
0
0
0
0
0
0
0
0
0
58
220
255
140
0
0
17
20
7
0
0
0
0
0
0
0
0
0
0
18
203
255
186
6
0
113
204
218
128
11
0
0
0
0
0
0
0
0
0
111
255
245
75
0
94
255
232
161
236
80
0
0
0
0
0
0
0
0
46
227
253
110
0
88
255
202
39
54
245
87
0
0
0
0
0
0
0
0
146
255
205
7
21
214
240
48
0
87
255
101
0
0
0
0
0
0
0
13
232
233
35
0
147
255
106
12
108
249
188
12
0
0
0
0
0
0
0
61
250
226
103
130
234
244
191
214
197
155
36
0
0
0
0
0
0
0
0
56
248
255
255
255
255
255
223
157
40
0
0
0
0
0
0
0
0
0
0
2
124
185
182
182
184
121
11
0
0
0
0
0
0
0
0
0
0
0
0
0
0
0
0
0
0
0
0
0
0
0
0
0
0
0
0
0
0
0
0
0
0
0
0
0
0
0
0
0
0
0
0
0
0
0
0
0
0
0
0
0
0
0
0
0
0
0
0
0
0
0
0
0
0
0
0
0
0
0
0
0
0
0
0
0
0
0
0
0
0
0
0
0
0
0
0