0
0
0
0
0
0
0
0
0
0
0
0
0
0
0
0
0
0
0
0
0
0
0
0
0
0
0
0
0
0
0
0
0
0
0
0
0
0
0
0
0
0
0
0
0
0
0
0
0
0
0
0
0
0
0
0
0
0
0
0
0
0
0
0
0
0
0
0
0
0
0
0
0
0
0
0
0
0
0
0
0
0
0
0
0
0
0
0
0
0
50
17
0
0
14
103
9
0
0
0
0
0
0
0
0
0
0
0
0
38
199
63
0
0
101
241
68
0
0
0
0
0
0
0
0
0
0
0
43
196
188
13
0
28
214
216
26
0
0
0
0
0
0
0
0
0
0
46
210
249
70
0
1
153
255
80
0
0
0
0
0
0
0
0
0
0
56
220
239
91
0
0
103
255
170
0
0
0
0
0
0
0
0
0
0
65
234
238
71
0
0
37
231
206
29
0
0
0
0
0
0
0
0
0
0
110
255
218
60
0
37
209
230
48
0
0
0
0
0
0
0
0
0
0
0
27
152
255
228
152
185
255
107
0
0
0
0
0
0
0
0
0
0
0
0
0
3
52
152
254
255
162
15
0
0
0
0
0
0
0
0
0
0
0
0
0
0
0
87
246
144
4
0
0
0
0
0
0
0
0
0
0
0
0
0
0
0
60
233
190
10
0
0
0
0
0
0
0
0
0
0
0
0
0
0
0
23
214
212
40
0
0
0
0
0
0
0
0
0
0
0
0
0
0
0
4
143
236
64
0
0
0
0
0
0
0
0
0
0
0
0
0
0
0
0
109
250
104
0
0
0
0
0
0
0
0
0
0
0
0
0
0
0
0
6
120
105
2
0
0
0
0
0
0
0
0
0
0
0
0
0
0
0
0
0
0
0
0
0
0
0
0
0
0
0
0
0
0
0
0