0
0
0
0
0
0
0
0
0
0
0
0
0
0
0
0
0
0
0
0
0
0
0
0
0
0
0
0
0
0
0
0
0
0
0
0
0
0
0
0
0
0
0
0
0
0
0
0
0
0
0
0
0
0
0
0
0
0
0
0
0
0
0
0
0
0
0
0
0
0
0
0
0
0
0
61
79
4
0
0
0
0
0
0
0
0
0
0
0
0
0
0
0
0
90
245
188
8
0
0
0
0
0
0
0
0
0
0
0
1
0
0
0
0
178
255
72
0
0
0
0
0
0
0
0
0
0
48
157
141
3
0
0
69
242
146
0
0
0
0
0
0
0
0
0
0
28
200
205
151
5
0
26
222
234
44
0
0
0
0
0
0
0
0
0
3
149
242
38
0
0
0
140
255
122
0
0
0
0
0
0
0
0
0
0
122
255
147
0
0
0
66
249
194
7
0
0
0
0
0
0
0
0
0
116
255
189
18
0
0
11
165
255
190
83
1
0
0
0
0
0
0
3
118
250
255
208
102
121
150
184
248
255
255
191
3
0
0
0
0
0
0
11
177
243
234
235
211
167
215
255
222
83
34
12
0
0
0
0
0
0
0
0
18
48
47
26
0
0
142
247
92
0
0
0
0
0
0
0
0
0
0
0
0
0
0
0
0
60
241
195
0
0
0
0
0
0
0
0
0
0
0
0
0
0
0
0
17
183
255
86
0
0
0
0
0
0
0
0
0
0
0
0
0
0
0
0
127
255
152
3
0
0
0
0
0
0
0
0
0
0
0
0
0
0
0
0
146
166
14
0
0
0
0
0
0
0
0
0
0
0
0
0
0
0
0
0
0
0
0
0
0
0
0
0
0
0
0
0
0
0
0
0
0
0
0
0
0
0
0
0
0
0
0
0
0
0
0
0
0