0
0
0
0
0
0
0
0
0
0
0
0
0
0
0
0
0
0
0
0
0
0
0
0
0
0
0
0
0
0
0
0
0
0
0
0
0
0
0
0
0
0
0
0
0
0
0
0
0
0
0
0
0
0
0
0
0
0
0
0
0
0
0
0
0
0
0
0
0
0
0
0
0
0
0
0
0
0
0
0
0
0
0
0
0
0
0
0
1
38
86
174
191
180
115
5
0
0
0
0
0
0
0
0
0
0
0
21
191
227
211
190
157
218
255
153
17
0
0
0
0
0
0
0
0
0
0
124
254
108
27
6
0
44
219
236
51
0
0
0
0
0
0
0
0
0
72
240
148
4
0
0
0
18
215
221
30
0
0
0
0
0
0
0
0
0
161
243
22
0
0
0
0
112
236
104
0
0
0
0
0
0
0
0
0
0
73
237
171
80
38
65
160
247
134
0
0
0
0
0
0
0
0
0
0
0
0
69
194
204
204
243
255
135
4
0
0
0
0
0
0
0
0
0
0
0
0
0
8
16
79
248
183
3
0
0
0
0
0
0
0
0
0
0
0
0
0
0
0
14
195
237
56
0
0
0
0
0
0
0
0
0
0
0
0
0
0
0
23
187
247
88
0
0
0
0
0
0
0
0
0
0
0
0
0
0
0
7
173
255
106
0
0
0
0
0
0
0
0
0
0
0
0
0
0
0
2
139
255
127
0
0
0
0
0
0
0
0
0
0
0
0
0
0
0
2
126
254
140
7
0
0
0
0
0
0
0
0
0
0
0
0
0
0
0
102
255
244
29
0
0
0
0
0
0
0
0
0
0
0
0
0
0
0
1
105
152
128
10
0
0
0
0
0
0
0
0
0
0
0
0
0
0
0
0
0
0
0
0
0
0
0
0
0
0
0
0
0
0
0