0
0
0
0
0
0
0
0
0
0
0
0
0
0
0
0
0
0
0
0
0
0
0
0
0
0
0
0
0
0
0
38
126
27
0
0
0
0
0
0
0
0
0
0
0
0
0
0
0
0
0
134
255
122
0
0
0
0
0
0
0
0
0
0
0
0
0
0
0
0
34
216
255
113
0
0
0
0
0
0
0
0
0
0
0
0
0
0
0
6
171
255
187
16
0
0
0
0
0
0
0
0
0
0
0
0
0
0
0
80
255
242
82
0
0
0
0
0
0
0
0
0
0
0
0
0
0
0
25
206
255
131
0
0
0
0
0
0
0
0
0
0
0
0
0
0
0
2
152
255
188
9
0
0
0
0
0
0
0
0
0
0
0
0
0
0
0
85
248
233
47
0
0
0
0
0
0
0
0
0
0
0
0
0
0
0
24
216
255
143
27
100
103
79
12
0
0
0
0
0
0
0
0
0
0
0
124
255
210
85
201
255
244
255
129
0
0
0
0
0
0
0
0
0
0
12
185
255
95
120
255
192
155
255
178
2
0
0
0
0
0
0
0
0
0
65
241
229
11
84
252
222
228
253
108
0
0
0
0
0
0
0
0
0
0
152
255
238
120
138
242
255
255
135
8
0
0
0
0
0
0
0
0
0
0
85
237
255
255
255
250
207
97
6
0
0
0
0
0
0
0
0
0
0
0
1
98
182
184
167
51
14
0
0
0
0
0
0
0
0
0
0
0
0
0
0
0
0
0
0
0
0
0
0
0
0
0
0
0
0
0
0
0
0
0
0
0
0
0
0
0
0
0
0
0
0
0
0
0
0
0
0
0
0
0
0
0
0
0
0
0
0
0
0
0
0
0
0
0
0
0
0
0
0
0
0
0
0
0
0
0
0
0
0
0
0
0
0
0
0