0
0
0
0
0
0
0
0
0
0
0
0
0
0
0
0
0
0
0
0
0
0
0
0
0
0
0
0
0
0
0
0
0
0
0
0
0
0
0
0
0
0
0
0
0
0
0
0
0
0
0
0
0
0
0
0
0
0
0
0
0
0
0
0
0
0
0
0
0
13
82
104
56
0
0
0
0
0
0
0
0
0
0
0
0
0
0
1
59
162
254
255
226
59
0
0
0
0
0
0
0
0
0
0
0
0
2
139
255
221
139
79
179
160
0
0
0
0
0
0
0
0
0
0
0
0
111
251
163
37
0
0
45
195
27
0
0
0
0
0
0
0
0
0
0
57
238
163
9
0
0
0
58
200
30
0
0
0
0
0
0
0
0
0
0
141
216
20
0
0
5
0
159
203
35
0
0
0
0
0
0
0
0
0
0
171
161
0
0
0
27
81
234
253
117
0
0
0
0
0
0
0
0
0
0
109
226
82
69
105
207
247
255
255
146
0
0
0
0
0
0
0
0
0
0
28
189
255
255
255
255
255
255
233
55
0
0
0
0
0
0
0
0
0
0
0
23
110
119
193
255
254
255
147
0
0
0
0
0
0
0
0
0
0
0
0
0
0
0
27
208
255
215
36
0
0
0
0
0
0
0
0
0
0
0
0
0
0
0
39
228
240
78
0
0
0
0
0
0
0
0
0
0
0
0
0
0
0
14
195
255
114
0
0
0
0
0
0
0
0
0
0
0
0
0
0
0
3
148
255
161
11
0
0
0
0
0
0
0
0
0
0
0
0
0
0
0
65
216
186
21
0
0
0
0
0
0
0
0
0
0
0
0
0
0
0
0
0
0
0
0
0
0
0
0
0
0
0
0
0
0
0
0
0
0
0
0
0
0
0
0
0
0
0
0
0
0
0
0
0