0
0
0
0
0
0
0
0
0
0
0
0
0
0
0
0
0
0
0
0
0
0
0
0
0
0
0
0
0
0
0
0
0
0
0
0
0
0
0
0
0
0
0
0
0
0
0
0
0
0
0
0
0
0
0
0
0
0
0
0
0
0
0
0
0
0
0
0
0
0
0
0
0
0
0
0
0
0
0
0
0
0
0
0
0
0
0
0
0
1
11
12
4
0
0
0
0
0
0
0
0
0
0
0
0
0
0
0
39
165
248
211
173
90
10
0
0
0
0
0
0
0
0
0
0
0
0
31
211
199
92
59
110
212
33
0
0
0
0
0
0
0
0
0
0
0
0
147
184
22
0
0
124
126
0
0
0
0
0
0
0
0
0
0
0
0
40
219
68
0
0
109
244
86
0
0
0
0
0
0
0
0
0
0
0
0
76
239
127
87
162
247
227
20
0
0
0
0
0
0
0
0
0
0
0
0
3
150
222
191
188
255
94
0
0
0
0
0
0
0
0
0
0
0
0
0
0
9
42
11
165
213
15
0
0
0
0
0
0
0
0
0
0
0
0
0
0
0
0
49
233
75
0
0
0
0
0
0
0
0
0
0
0
0
0
0
0
0
1
150
194
17
0
0
0
0
0
0
0
0
0
0
0
0
0
0
0
0
53
230
124
0
0
0
0
0
0
0
0
0
0
0
0
0
0
0
0
7
181
170
8
0
0
0
0
0
0
0
0
0
0
0
0
0
0
0
0
102
187
38
0
0
0
0
0
0
0
0
0
0
0
0
0
0
0
0
27
175
56
0
0
0
0
0
0
0
0
0
0
0
0
0
0
0
0
15
140
66
0
0
0
0
0
0
0
0
0
0
0
0
0
0
0
0
0
14
42
0
0
0
0
0
0
0
0
0
0
0
0
0