0
0
0
0
0
0
0
0
0
0
0
0
0
0
0
0
0
0
0
0
0
0
0
0
0
0
0
0
0
0
0
0
0
0
0
0
0
0
0
0
0
0
0
0
0
0
0
0
0
0
0
0
0
0
0
0
0
0
0
0
0
0
0
0
0
0
0
0
31
58
107
109
108
108
27
0
0
0
0
0
0
0
0
0
0
52
163
198
219
232
255
255
255
255
110
0
0
0
0
0
0
0
0
47
179
247
249
233
195
120
49
105
242
243
73
0
0
0
0
0
0
0
0
109
255
161
74
48
4
0
86
207
255
146
4
0
0
0
0
0
0
0
0
18
81
10
0
0
6
135
255
244
107
8
0
0
0
0
0
0
0
0
0
0
0
0
0
4
145
255
221
71
0
0
0
0
0
0
0
0
0
0
0
0
0
0
0
84
252
217
44
0
0
0
0
0
0
0
0
0
0
0
0
0
0
0
0
154
255
141
48
31
27
0
0
0
0
0
0
0
0
0
0
0
0
0
0
95
251
255
251
212
210
131
31
0
0
0
0
0
0
0
0
0
0
0
0
2
72
155
171
210
236
255
228
116
7
0
0
0
0
0
0
0
0
0
0
0
0
0
0
10
27
97
199
255
96
0
0
0
0
0
0
0
0
0
0
0
0
0
0
0
8
12
130
255
127
0
0
0
0
0
0
0
0
0
16
44
66
104
126
110
198
248
255
232
84
0
0
0
0
0
0
0
0
0
133
240
247
255
255
255
255
236
149
58
0
0
0
0
0
0
0
0
0
6
152
231
189
136
120
62
52
37
0
0
0
0
0
0
0
0
0
0
0
0
0
0
0
0
0
0
0
0
0
0
0
0
0
0
0
0
0
0
0
0
0
0
0
0
0
0
0
0
0
0
0
0
0
0