0
0
0
0
0
0
0
0
0
0
0
0
0
0
0
0
0
0
0
0
0
0
0
0
0
0
0
0
0
0
0
0
0
0
0
0
0
0
0
0
0
0
0
0
0
0
0
0
0
0
10
38
33
5
0
0
0
0
0
0
0
0
0
0
0
0
0
0
0
48
171
255
251
82
0
0
0
0
0
0
0
0
0
0
0
0
0
0
73
221
255
253
255
170
19
0
0
0
0
0
0
0
0
0
0
0
0
36
229
255
255
255
238
255
132
0
0
0
0
0
0
0
0
0
0
0
0
123
255
255
219
126
206
255
208
6
0
0
0
0
0
0
0
0
0
0
70
236
255
247
106
0
207
255
203
5
0
0
0
0
0
0
0
0
0
0
143
255
255
126
0
0
124
255
203
5
0
0
0
0
0
0
0
0
0
40
212
255
193
23
0
0
95
255
203
5
0
0
0
0
0
0
0
0
0
101
255
243
75
0
0
0
17
201
208
5
0
0
0
0
0
0
0
0
2
178
255
222
4
0
0
0
3
172
213
5
0
0
0
0
0
0
0
0
6
208
255
172
2
0
0
0
80
253
155
0
0
0
0
0
0
0
0
0
5
204
255
110
0
0
7
59
224
220
48
0
0
0
0
0
0
0
0
0
5
206
255
189
46
124
184
232
255
108
0
0
0
0
0
0
0
0
0
0
5
202
255
254
247
255
255
255
175
16
0
0
0
0
0
0
0
0
0
0
0
102
243
255
255
255
232
117
5
0
0
0
0
0
0
0
0
0
0
0
0
1
30
37
36
37
27
0
0
0
0
0
0
0
0
0
0
0
0
0
0
0
0
0
0
0
0
0
0
0
0
0
0
0
0
0
0
0
0
0
0
0
0
0
0
0
0
0
0
0
0
0
0
0
0
0