0
0
0
0
0
0
0
0
0
0
0
0
0
0
0
0
0
0
0
0
0
0
0
0
0
0
0
0
0
0
0
0
0
0
0
0
0
0
0
0
0
0
0
0
0
0
0
0
0
0
0
0
32
21
0
0
0
0
0
0
0
0
0
0
0
0
0
0
0
0
0
20
237
211
45
0
0
0
0
0
0
0
0
0
0
0
0
0
0
0
0
110
251
255
124
0
0
0
0
0
0
0
0
0
0
0
0
0
0
0
30
206
255
229
63
0
0
0
0
0
0
0
0
0
0
0
0
0
0
0
69
255
255
167
0
0
0
0
0
0
0
0
0
0
0
0
0
0
0
35
194
255
255
105
0
0
0
0
0
0
0
0
0
0
0
0
0
0
0
163
255
255
186
20
0
0
0
0
0
0
0
0
0
0
0
0
0
0
0
186
255
255
53
0
0
0
0
0
0
0
0
0
0
0
0
0
0
0
97
238
255
213
16
0
0
0
0
0
0
0
0
0
0
0
0
0
0
28
237
254
239
89
0
0
0
0
0
0
0
0
0
0
0
0
0
0
0
109
255
255
185
0
0
0
0
0
0
0
0
0
0
0
0
0
0
0
6
179
255
241
92
0
0
0
0
0
0
0
0
0
0
0
0
0
0
0
68
237
255
101
0
0
0
0
0
0
0
0
0
0
0
0
0
0
0
0
144
255
255
101
0
0
0
0
0
0
0
0
0
0
0
0
0
0
0
0
148
255
255
148
0
0
0
0
0
0
0
0
0
0
0
0
0
0
0
0
20
37
37
11
0
0
0
0
0
0
0
0
0
0
0
0
0
0
0
0
0
0
0
0
0
0
0
0
0
0
0
0
0
0
0
0
0
0
0
0
0
0
0
0
0
0
0
0
0
0
0
0
0
0