0
0
0
0
0
0
0
0
0
0
0
0
0
0
0
0
0
0
0
0
0
0
0
0
0
0
0
0
0
0
0
0
0
0
0
0
0
0
0
0
0
0
0
0
0
0
0
0
0
0
0
0
0
0
0
0
0
0
0
0
0
0
0
0
0
0
0
0
0
0
0
0
0
0
0
0
0
0
0
0
0
0
0
0
0
0
0
0
0
0
6
15
16
12
0
0
0
0
0
0
0
0
0
0
0
0
0
0
79
143
203
243
251
233
144
44
0
0
0
0
0
0
0
0
0
0
26
148
248
255
255
255
210
201
251
236
83
0
0
0
0
0
0
0
0
106
237
216
135
222
244
123
17
13
65
233
244
46
0
0
0
0
0
0
91
251
184
32
0
64
65
2
0
0
0
74
249
185
0
0
0
0
0
44
226
219
27
0
0
0
0
0
0
0
0
0
167
231
0
0
0
0
0
105
255
116
0
0
0
0
0
0
0
0
0
0
146
232
0
0
0
0
0
110
255
56
0
0
0
0
0
0
0
0
0
24
212
139
0
0
0
0
0
108
255
62
0
0
0
0
0
0
0
0
4
154
190
11
0
0
0
0
0
77
250
147
0
0
0
0
0
0
0
38
161
237
57
0
0
0
0
0
0
20
192
255
162
68
12
7
10
39
127
228
226
62
0
0
0
0
0
0
0
0
26
155
231
254
247
246
240
234
214
141
36
0
0
0
0
0
0
0
0
0
0
0
46
101
116
116
106
77
31
0
0
0
0
0
0
0
0
0
0
0
0
0
0
0
0
0
0
0
0
0
0
0
0
0
0
0
0
0
0
0
0
0
0
0
0
0
0
0
0
0
0
0
0
0
0
0
0
0
0
0
0
0
0
0
0
0
0
0
0
0
0
0
0
0
0
0