0
0
0
0
0
0
0
0
0
0
0
0
0
0
0
0
0
0
0
0
0
0
0
0
0
0
0
0
0
0
0
0
0
0
0
0
0
0
0
0
0
0
0
0
0
0
0
0
0
0
0
0
0
0
14
7
0
0
0
0
0
0
0
0
0
0
0
0
0
0
0
0
0
40
182
79
0
0
0
0
0
0
0
0
0
0
0
0
0
0
0
0
26
202
229
32
0
0
0
0
0
0
0
0
0
0
0
0
0
0
0
7
174
250
80
0
0
0
0
0
0
0
0
0
0
0
0
0
0
0
0
107
255
133
2
0
0
0
0
0
0
0
0
0
0
0
0
0
0
0
34
220
188
10
0
0
0
0
0
0
0
0
0
0
0
0
0
0
0
11
178
234
40
0
0
0
0
0
0
0
0
0
0
0
0
0
0
0
0
116
255
118
0
0
0
0
0
0
0
0
0
0
0
0
0
0
0
0
49
235
174
8
0
0
0
0
0
0
0
0
0
0
0
0
0
0
0
8
183
222
39
0
0
0
0
0
0
0
0
0
0
0
0
0
0
0
0
126
245
78
0
0
0
0
0
0
0
0
0
0
0
0
0
0
0
0
69
239
135
0
0
0
0
0
0
0
0
0
0
0
0
0
0
0
0
6
179
235
24
0
0
0
0
0
0
0
0
0
0
0
0
0
0
0
0
44
226
198
1
0
0
0
0
0
0
0
0
0
0
0
0
0
0
0
0
75
252
199
9
0
0
0
0
0
0
0
0
0
0
0
0
0
0
0
0
8
32
21
0
0
0
0
0
0
0
0
0
0
0
0
0
0
0
0
0
0
0
0
0
0
0
0
0
0
0
0
0
0
0
0
0
0
0
0
0
0
0
0
0
0
0
0
0
0
0
0
0
0
0
0