0
0
0
0
0
0
0
0
0
0
0
0
0
0
0
0
0
0
0
0
0
0
0
0
0
0
0
0
0
0
0
0
0
0
0
0
0
0
0
0
0
0
0
0
0
0
0
0
0
0
0
0
0
0
0
0
0
0
0
0
0
0
0
0
0
0
0
0
0
0
0
0
0
0
0
0
0
0
0
0
0
0
0
0
0
0
1
8
3
2
4
10
10
7
0
0
0
0
0
0
0
0
0
0
0
0
22
213
194
180
200
250
250
226
70
0
0
0
0
0
0
0
0
0
0
0
2
123
209
242
227
181
213
255
149
0
0
0
0
0
0
0
0
0
0
0
0
0
17
29
24
6
169
255
100
0
0
0
0
0
0
0
0
0
0
0
0
0
0
0
0
63
243
220
35
0
0
0
0
0
0
0
0
0
0
0
0
0
0
0
24
200
255
90
0
0
0
0
0
0
0
0
0
0
0
0
0
0
0
4
177
255
132
0
0
0
0
0
0
0
0
0
0
0
0
0
0
0
1
136
255
138
2
0
0
0
0
0
0
0
0
0
0
0
0
0
0
1
125
255
154
0
0
0
0
0
0
0
0
0
0
0
0
0
0
0
0
73
250
214
19
0
0
0
0
0
0
0
0
0
0
0
0
0
0
0
17
205
222
54
0
0
0
0
0
0
0
0
0
0
0
0
0
0
0
0
128
245
78
0
0
0
0
0
0
0
0
0
0
0
0
0
0
0
0
83
249
128
0
0
0
0
0
0
0
0
0
0
0
0
0
0
0
0
0
153
183
9
0
0
0
0
0
0
0
0
0
0
0
0
0
0
0
0
0
117
134
4
0
0
0
0
0
0
0
0
0
0
0
0
0
0
0
0
0
15
51
9
0
0
0
0
0
0
0
0
0
0
0
0