0
0
0
0
0
0
0
0
0
0
0
0
0
0
0
0
0
0
0
0
0
0
0
0
0
0
0
0
0
0
0
0
0
0
0
0
0
0
0
0
0
0
0
0
0
0
0
0
0
0
0
0
0
0
0
0
0
0
0
0
0
0
0
0
0
0
0
0
27
66
97
110
103
30
0
0
0
0
0
0
0
0
0
0
0
0
4
145
215
237
253
255
255
82
0
0
0
0
0
0
0
0
0
0
0
8
158
255
204
139
191
255
202
76
3
0
0
0
0
0
0
0
0
0
0
86
255
136
13
94
122
93
114
213
40
0
0
0
0
0
0
0
0
0
0
139
255
44
0
35
0
3
192
216
33
0
0
0
0
0
0
0
0
0
0
91
255
155
12
0
1
139
240
66
0
0
0
0
0
0
0
0
0
0
0
17
181
255
193
67
145
226
99
0
0
0
0
0
0
0
0
0
0
0
0
0
18
153
247
252
255
142
0
0
0
0
0
0
0
0
0
0
0
0
0
0
0
4
178
255
255
210
68
0
0
0
0
0
0
0
0
0
0
0
0
0
13
134
248
182
174
242
229
52
0
0
0
0
0
0
0
0
0
0
0
0
123
255
191
28
0
90
254
163
10
0
0
0
0
0
0
0
0
0
0
0
154
246
36
0
0
4
162
245
55
0
0
0
0
0
0
0
0
0
0
0
131
232
10
0
0
0
133
255
80
0
0
0
0
0
0
0
0
0
0
0
23
176
168
125
151
179
245
209
33
0
0
0
0
0
0
0
0
0
0
0
0
26
139
176
223
184
123
38
0
0
0
0
0
0
0
0
0
0
0
0
0
0
0
0
0
0
0
0
0
0
0
0
0
0
0
0
0
0
0
0
0
0
0
0
0
0
0
0
0
0
0
0
0
0