0
0
0
0
0
0
0
0
0
0
0
0
0
0
0
0
0
0
0
0
0
0
0
0
0
0
0
0
0
0
0
0
0
28
133
83
0
0
0
0
0
0
0
0
0
0
0
0
0
0
0
0
44
171
255
140
0
0
0
0
0
0
0
0
0
0
0
0
0
0
0
78
237
248
142
7
0
0
0
0
0
0
0
0
0
0
0
0
0
0
65
236
254
107
0
0
0
0
0
0
0
0
0
0
0
0
0
0
0
67
239
251
112
1
0
0
0
0
0
0
0
0
0
0
0
0
0
0
68
232
244
98
0
0
0
0
0
0
0
0
0
0
0
0
0
0
0
82
236
246
90
0
0
0
0
0
0
0
0
0
0
0
0
0
0
0
30
225
255
115
0
0
0
0
0
0
0
0
0
0
0
0
0
0
0
5
149
255
149
1
0
0
44
104
107
22
0
0
0
0
0
0
0
0
0
98
253
217
25
0
49
176
250
254
255
77
0
0
0
0
0
0
0
0
0
161
255
85
0
103
232
238
193
255
194
22
0
0
0
0
0
0
0
0
0
160
255
110
160
255
210
112
213
225
47
0
0
0
0
0
0
0
0
0
0
108
255
255
255
249
131
185
241
77
0
0
0
0
0
0
0
0
0
0
0
10
145
255
255
255
253
222
75
0
0
0
0
0
0
0
0
0
0
0
0
0
7
129
186
179
109
27
0
0
0
0
0
0
0
0
0
0
0
0
0
0
0
0
0
0
0
0
0
0
0
0
0
0
0
0
0
0
0
0
0
0
0
0
0
0
0
0
0
0
0
0
0
0
0
0
0
0
0
0
0
0
0
0
0
0
0
0
0
0
0
0
0
0
0
0
0
0
0
0
0
0
0
0
0
0
0
0
0
0
0
0
0
0
0
0