0
0
0
0
0
0
0
0
0
0
0
0
0
0
0
0
0
0
0
0
0
0
0
0
0
0
0
0
0
0
0
0
0
0
0
0
0
0
0
0
0
0
0
0
0
5
0
0
0
0
0
0
0
0
0
0
0
0
0
0
0
0
0
0
17
157
118
73
8
0
0
0
0
0
0
0
0
0
0
0
0
0
0
0
102
255
255
248
176
36
0
0
0
0
0
0
0
0
0
0
0
0
0
0
66
176
205
240
255
208
34
0
0
0
0
0
0
0
0
0
0
0
0
0
0
7
17
69
198
255
143
17
0
0
0
0
0
0
0
0
0
0
0
0
0
0
0
0
37
198
255
118
0
0
0
0
0
0
0
0
0
0
0
0
0
0
0
0
0
130
255
193
14
0
0
0
0
0
0
0
0
0
0
0
0
0
0
0
75
229
255
162
3
0
0
0
0
0
0
0
0
0
0
0
0
0
10
65
197
255
203
56
0
0
11
26
56
12
0
0
0
0
0
0
0
24
146
251
255
251
110
34
76
130
175
202
246
107
0
0
0
0
0
0
5
199
254
255
253
252
238
233
249
255
255
255
255
238
72
0
0
0
0
0
9
239
255
255
255
255
255
250
219
181
182
182
183
152
66
0
0
0
0
0
0
103
204
228
174
132
109
55
37
12
13
13
13
0
0
0
0
0
0
0
0
0
5
8
2
0
0
0
0
0
0
0
0
0
0
0
0
0
0
0
0
0
0
0
0
0
0
0
0
0
0
0
0
0
0
0
0
0
0
0
0
0
0
0
0
0
0
0
0
0
0
0
0
0
0
0
0
0
0
0
0
0
0
0
0
0
0
0
0
0
0
0
0
0
0
0
0
0
0
0
0
0
0
0
0
0
0
0
0
0
0
0
0
0
0
0