0
0
0
0
0
0
0
0
0
0
0
0
0
0
0
0
0
0
0
0
0
0
0
0
0
0
0
0
0
0
0
0
0
0
0
0
0
0
0
0
0
0
0
0
0
0
0
0
0
0
0
0
0
0
0
0
0
0
0
0
0
0
0
0
0
0
0
0
0
0
0
0
0
0
0
0
0
0
0
0
0
0
0
0
0
0
0
0
0
0
4
10
10
1
0
0
0
0
0
0
0
0
0
0
0
0
0
0
0
60
198
255
255
171
34
0
0
0
0
0
0
0
0
0
0
0
0
0
54
218
225
131
129
236
133
0
0
0
0
0
0
0
0
0
0
0
0
41
211
201
38
0
0
171
208
12
0
0
0
0
0
0
0
0
0
0
7
194
226
44
0
0
70
240
158
1
0
0
0
0
0
0
0
0
0
0
97
247
99
0
0
64
225
235
53
0
0
0
0
0
0
0
0
0
0
0
162
207
14
38
142
238
255
134
0
0
0
0
0
0
0
0
0
0
0
0
132
247
193
224
248
255
201
32
0
0
0
0
0
0
0
0
0
0
0
0
30
156
147
80
154
255
86
0
0
0
0
0
0
0
0
0
0
0
0
0
0
0
0
66
246
152
2
0
0
0
0
0
0
0
0
0
0
0
0
0
0
0
23
204
218
32
0
0
0
0
0
0
0
0
0
0
0
0
0
0
0
0
138
253
87
0
0
0
0
0
0
0
0
0
0
0
0
0
0
0
0
64
238
139
2
0
0
0
0
0
0
0
0
0
0
0
0
0
0
0
0
192
188
19
0
0
0
0
0
0
0
0
0
0
0
0
0
0
0
0
10
212
50
0
0
0
0
0
0
0
0
0
0
0
0
0
0
0
0
0
3
52
1
0
0
0
0
0
0
0
0
0
0
0