0
0
0
0
0
0
0
0
0
0
0
0
0
0
0
0
0
0
0
0
0
0
0
0
0
0
0
0
0
0
0
0
0
0
0
0
0
0
0
0
0
0
0
0
0
0
0
0
0
0
0
0
0
0
0
0
0
0
0
0
0
0
0
0
0
0
0
0
0
0
0
0
0
0
0
0
0
0
0
0
0
0
0
0
0
0
0
0
0
0
0
5
0
61
51
0
0
0
0
0
0
0
0
0
0
0
0
0
0
32
114
210
143
86
75
0
0
0
0
0
0
0
0
0
0
0
0
0
67
209
170
120
195
41
35
0
0
0
0
0
0
0
0
0
0
0
0
47
215
112
0
0
146
0
0
0
0
0
0
0
0
0
0
0
0
0
4
168
122
0
0
121
209
0
0
0
0
0
0
0
0
0
0
0
0
0
42
205
14
31
158
255
196
0
0
0
0
0
0
0
0
0
0
0
0
0
22
198
202
225
250
255
119
0
0
0
0
0
0
0
0
0
0
0
0
0
0
47
80
198
255
213
19
0
0
0
0
0
0
0
0
0
0
0
0
0
0
0
0
105
255
118
0
0
0
0
0
0
0
0
0
0
0
0
0
0
0
0
0
142
187
17
0
0
0
0
0
0
0
0
0
0
0
0
0
0
0
0
53
222
67
0
0
0
0
0
0
0
0
0
0
0
0
0
0
0
0
5
177
148
0
0
0
0
0
0
0
0
0
0
0
0
0
0
0
0
0
78
216
38
0
0
0
0
0
0
0
0
0
0
0
0
0
0
0
0
8
199
113
0
0
0
0
0
0
0
0
0
0
0
0
0
0
0
0
0
23
121
21
0
0
0
0
0
0
0
0
0
0
0
0
0
0
0
0
0
0
0
0
0
0
0
0
0
0
0
0
0
0
0