0
0
0
0
0
0
0
0
0
0
0
0
0
0
0
0
0
0
0
0
0
0
0
0
0
0
0
0
0
0
0
0
0
0
0
0
0
0
0
0
0
0
0
0
0
0
0
0
0
0
0
0
0
0
0
0
0
0
0
0
0
0
0
0
0
0
0
0
0
0
0
0
0
38
93
107
32
0
0
0
0
0
0
0
0
0
0
0
0
0
0
0
102
218
255
245
60
0
0
0
0
0
0
0
0
0
0
0
0
0
0
56
238
255
255
116
0
0
0
0
0
0
0
0
0
0
0
0
0
0
0
126
255
255
168
15
0
0
0
0
0
0
0
0
0
0
0
0
0
0
57
227
255
244
54
0
0
0
0
0
0
0
0
0
0
0
0
0
0
14
179
255
246
105
10
0
0
0
0
0
0
0
0
0
0
0
0
0
0
150
255
255
128
0
0
0
0
0
0
0
0
0
0
0
0
0
0
4
122
241
255
202
16
0
0
0
0
0
0
0
0
0
0
0
0
0
0
97
248
255
201
41
0
0
0
0
0
0
0
0
0
0
0
0
0
0
49
230
255
255
89
0
0
0
0
0
0
0
0
0
0
0
0
0
0
33
166
249
255
172
8
0
0
0
0
0
0
0
0
0
0
0
0
0
0
135
255
255
230
49
0
0
0
0
0
0
0
0
0
0
0
0
0
0
17
208
255
245
78
0
0
0
0
0
0
0
0
0
0
0
0
0
0
0
55
246
255
196
16
0
0
0
0
0
0
0
0
0
0
0
0
0
0
0
6
134
199
45
0
0
0
0
0
0
0
0
0
0
0
0
0
0
0
0
0
0
0
0
0
0
0
0
0
0
0
0
0
0
0
0
0
0
0
0
0
0
0
0
0
0
0
0
0
0
0
0
0
0
0
0