0
0
0
0
0
0
0
0
0
0
0
0
0
0
0
0
0
0
0
0
0
0
0
0
0
0
0
0
0
0
0
0
0
0
0
0
0
0
0
0
0
0
0
0
0
0
0
0
0
0
21
38
10
0
0
0
0
0
0
0
0
0
0
0
0
0
0
0
18
105
217
255
177
38
0
0
0
0
0
0
0
0
0
0
0
0
0
58
200
255
218
182
255
169
9
0
0
0
0
0
0
0
0
0
0
0
0
189
255
174
28
1
222
211
28
0
0
0
0
0
0
0
0
0
0
0
0
54
83
9
0
0
217
209
28
0
0
0
0
0
0
0
0
0
0
0
0
0
0
0
0
0
220
211
29
0
0
0
0
0
0
0
0
0
0
0
0
0
0
0
0
61
248
193
16
0
0
0
0
0
0
0
0
0
0
0
7
6
0
0
0
133
255
111
0
0
0
0
0
0
0
0
0
0
14
146
225
220
157
68
110
250
219
37
0
0
0
0
0
0
0
0
0
0
95
255
185
155
247
249
251
255
81
0
0
0
0
0
0
0
0
0
0
0
144
243
69
37
208
255
251
255
184
19
0
0
0
0
0
0
0
0
0
0
140
255
193
242
255
176
92
198
255
111
0
0
0
0
0
0
0
0
0
0
39
188
226
195
92
10
0
96
255
168
0
0
0
0
0
0
0
0
0
0
0
3
7
4
0
0
0
91
255
158
0
0
0
0
0
0
0
0
0
0
0
0
0
0
0
0
0
141
238
62
0
0
0
0
0
0
0
0
0
0
0
0
0
0
0
0
0
27
29
0
0
0
0
0
0
0
0
0
0
0
0
0
0
0
0
0
0
0
0
0
0
0
0
0
0
0
0
0
0
0
0
0
0
0
0
0
0
0
0
0
0
0
0
0
0
0