0
0
0
0
0
0
0
0
0
0
0
0
0
0
0
0
0
0
0
0
0
0
0
0
0
0
0
0
0
0
0
0
0
0
0
0
0
0
0
0
0
0
0
0
0
0
0
0
0
0
0
0
0
0
0
0
0
0
0
0
0
0
0
0
0
0
10
69
28
0
0
0
4
65
40
0
0
0
0
0
0
0
0
0
0
0
115
255
130
0
0
0
36
246
142
0
0
0
0
0
0
0
0
0
0
0
156
255
154
0
0
0
114
255
86
0
0
0
0
0
0
0
0
0
0
18
195
255
81
0
0
0
52
255
139
0
0
0
0
0
0
0
0
0
0
107
255
173
0
0
0
0
110
255
175
2
0
0
0
0
0
0
0
0
2
179
255
125
0
0
0
0
145
255
230
8
0
0
0
0
0
0
0
0
5
203
255
126
0
0
14
103
232
255
166
0
0
0
0
0
0
0
0
0
0
152
255
189
104
162
212
255
255
249
61
0
0
0
0
0
0
0
0
0
0
64
235
255
255
255
255
255
255
205
27
0
0
0
0
0
0
0
0
0
0
0
103
233
236
185
93
130
255
198
23
0
0
0
0
0
0
0
0
0
0
0
0
36
39
0
0
143
255
145
0
0
0
0
0
0
0
0
0
0
0
0
0
0
0
0
0
143
255
145
0
0
0
0
0
0
0
0
0
0
0
0
0
0
0
0
0
164
255
99
0
0
0
0
0
0
0
0
0
0
0
0
0
0
0
0
31
216
253
70
0
0
0
0
0
0
0
0
0
0
0
0
0
0
0
0
0
110
191
7
0
0
0
0
0
0
0
0
0
0
0
0
0
0
0
0
0
0
0
0
0
0
0
0
0
0
0
0
0
0
0
0
0
0
0
0
0
0
0
0
0
0
0
0
0
0