0
0
0
0
0
0
0
0
0
0
0
0
0
0
0
0
0
0
0
0
0
0
0
0
0
0
0
0
0
0
0
0
0
0
0
0
0
0
0
0
0
0
0
0
0
0
0
0
0
0
0
0
0
0
0
0
0
0
0
0
0
0
0
0
0
0
0
0
0
0
0
0
0
0
48
89
10
0
0
0
0
0
0
0
0
0
0
0
10
42
2
0
0
0
155
214
11
0
0
0
0
0
0
0
0
0
0
0
100
186
7
0
0
34
217
142
0
0
0
0
0
0
0
0
0
0
0
67
242
110
0
0
0
109
255
82
0
0
0
0
0
0
0
0
0
0
73
238
192
17
0
0
15
202
221
19
0
0
0
0
0
0
0
0
0
29
213
225
45
0
0
0
91
255
105
0
0
0
0
0
0
0
0
0
0
110
255
113
0
0
0
15
213
199
20
0
0
0
0
0
0
0
0
0
0
84
250
233
126
49
38
141
250
82
0
0
0
0
0
0
0
0
0
0
0
2
102
223
255
236
204
255
189
11
0
0
0
0
0
0
0
0
0
0
0
0
0
30
99
167
251
255
128
0
0
0
0
0
0
0
0
0
0
0
0
0
0
0
0
42
255
192
32
0
0
0
0
0
0
0
0
0
0
0
0
0
0
0
0
115
239
76
0
0
0
0
0
0
0
0
0
0
0
0
0
0
0
0
20
202
147
0
0
0
0
0
0
0
0
0
0
0
0
0
0
0
0
0
78
205
36
0
0
0
0
0
0
0
0
0
0
0
0
0
0
0
0
0
79
108
0
0
0
0
0
0
0
0
0
0
0
0
0
0
0
0
0
0
0
0
0
0
0
0
0
0
0
0
0
0
0
0
0
0
0
0
0
0
0
0
0
0
0
0
0
0
0
0
0
0