0
0
0
0
0
0
0
0
0
0
0
0
0
0
0
0
0
0
0
0
0
0
0
0
0
0
0
0
0
0
0
0
0
0
0
0
0
0
0
0
0
0
0
0
1
27
36
36
36
30
5
0
0
0
0
0
0
0
0
0
0
0
0
5
119
234
255
255
255
240
166
65
0
0
0
0
0
0
0
0
0
0
0
20
202
255
250
227
221
247
255
235
110
1
0
0
0
0
0
0
0
0
0
10
74
86
85
32
17
69
120
241
188
6
0
0
0
0
0
0
0
0
0
0
0
0
0
0
0
0
38
204
193
8
0
0
0
0
0
0
0
0
0
0
0
0
0
10
33
89
217
255
152
0
0
0
0
0
0
0
0
0
0
0
0
0
67
185
223
255
255
255
134
0
0
0
0
0
0
0
0
0
0
0
0
0
112
255
255
255
255
255
228
134
49
0
0
0
0
0
0
0
0
0
0
0
88
218
203
205
168
189
239
255
230
37
0
0
0
0
0
0
0
0
0
0
20
42
26
29
0
16
65
102
218
147
2
0
0
0
0
0
0
0
0
0
0
0
0
0
0
0
0
0
143
186
11
0
0
0
0
0
0
0
0
0
0
0
0
0
0
0
47
115
224
161
1
0
0
0
0
0
0
0
0
0
30
167
185
182
182
181
221
255
255
126
0
0
0
0
0
0
0
0
0
0
115
255
255
255
255
255
255
235
119
15
0
0
0
0
0
0
0
0
0
0
55
222
255
255
224
170
166
68
0
0
0
0
0
0
0
0
0
0
0
0
0
24
37
36
25
7
6
0
0
0
0
0
0
0
0
0
0
0
0
0
0
0
0
0
0
0
0
0
0
0
0
0
0
0
0
0
0
0
0
0
0
0
0
0
0
0
0
0
0
0
0
0
0
0