0
0
0
0
0
0
0
0
0
0
0
0
0
0
0
0
0
0
0
0
0
0
0
0
0
0
0
0
0
0
0
0
0
0
0
0
0
0
0
0
0
0
0
0
0
0
6
33
36
37
30
1
0
0
0
0
0
0
0
0
0
0
0
0
0
10
131
253
255
255
242
144
51
0
0
0
0
0
0
0
0
0
0
0
0
51
241
255
250
232
255
255
216
51
0
0
0
0
0
0
0
0
0
0
0
25
105
151
131
14
116
230
255
151
3
0
0
0
0
0
0
0
0
0
0
0
0
0
0
0
0
176
255
151
3
0
0
0
0
0
0
0
0
0
0
0
0
0
2
23
110
243
251
89
0
0
0
0
0
0
0
0
0
0
0
0
0
2
109
236
255
255
192
7
0
0
0
0
0
0
0
0
0
0
0
0
0
0
127
255
255
255
131
0
0
0
0
0
0
0
0
0
0
0
0
0
0
0
6
91
228
255
186
20
0
0
0
0
0
0
0
0
0
0
0
0
0
0
0
0
68
222
255
125
0
0
0
0
0
0
0
0
0
0
0
0
0
1
8
1
2
173
255
176
9
0
0
0
0
0
0
0
0
0
0
21
129
158
129
21
0
168
255
200
25
0
0
0
0
0
0
0
0
0
0
57
252
255
241
189
84
149
255
244
56
0
0
0
0
0
0
0
0
0
0
9
95
195
237
255
252
243
255
187
15
0
0
0
0
0
0
0
0
0
0
0
0
14
65
152
222
255
216
91
0
0
0
0
0
0
0
0
0
0
0
0
0
0
0
3
24
37
21
0
0
0
0
0
0
0
0
0
0
0
0
0
0
0
0
0
0
0
0
0
0
0
0
0
0
0
0
0
0
0
0
0
0
0
0
0
0
0
0
0
0
0
0
0
0
0