0
0
0
0
0
0
0
0
8
48
6
0
0
0
0
0
0
0
0
0
0
0
0
0
0
0
0
0
39
209
49
0
0
0
0
0
0
0
0
0
0
0
0
0
0
0
0
0
86
240
46
0
0
0
0
0
0
0
0
0
0
0
0
0
0
0
0
5
172
183
1
0
0
0
0
0
0
0
0
0
0
0
0
0
0
0
0
19
221
102
0
0
0
0
0
0
0
0
0
0
0
0
0
0
0
0
0
41
240
57
0
0
0
0
0
0
0
0
0
0
0
0
0
0
0
0
0
106
206
26
0
0
0
0
0
0
0
0
0
0
0
0
0
0
0
0
0
150
183
8
0
0
0
2
0
0
0
0
0
0
0
0
0
0
0
0
6
190
116
0
0
69
153
161
60
0
0
0
0
0
0
0
0
0
0
0
62
221
58
0
71
232
181
183
223
41
0
0
0
0
0
0
0
0
0
0
77
215
22
8
216
139
0
3
156
168
0
0
0
0
0
0
0
0
0
0
76
226
51
20
230
57
0
0
50
193
11
0
0
0
0
0
0
0
0
0
34
237
141
0
215
129
38
64
169
171
2
0
0
0
0
0
0
0
0
0
0
158
237
103
160
255
251
255
195
31
0
0
0
0
0
0
0
0
0
0
0
29
175
240
223
244
204
137
26
0
0
0
0
0
0
0
0
0
0
0
0
0
1
11
13
10
5
0
0
0
0
0
0
0
0
0
0
0
0
0
0
0
0
0
0
0
0
0
0
0
0
0
0
0
0
0
0
0
0
0
0
0
0
0
0
0
0
0
0
0
0
0
0
0
0
0
0
0
0
0
0
0
0
0
0
0
0
0
0
0
0
0
0
0
0
0
0
0
0
0
0
0
0
0
0
0
0
0
0
0
0
0
0
0