0
0
0
0
0
0
0
0
0
0
0
0
0
0
0
0
0
0
0
0
0
0
0
0
0
0
0
0
0
0
0
0
0
0
0
0
0
0
0
0
0
0
0
0
0
0
0
0
0
0
0
0
0
0
0
0
0
0
0
0
0
0
0
0
0
0
0
0
0
0
0
0
0
0
0
0
0
0
0
0
0
0
0
0
0
0
4
59
117
145
130
95
29
0
0
0
0
0
0
0
0
0
0
0
3
99
209
254
255
242
237
242
231
70
0
0
0
0
0
0
0
0
0
0
73
246
255
210
113
70
62
76
225
205
58
0
0
0
0
0
0
0
0
0
151
255
179
33
0
0
0
0
114
255
135
0
0
0
0
0
0
0
0
0
87
255
147
0
0
0
0
0
27
233
216
24
0
0
0
0
0
0
0
0
65
250
225
63
0
2
18
24
109
242
251
70
0
0
0
0
0
0
0
0
1
149
255
230
168
171
223
251
255
254
251
75
0
0
0
0
0
0
0
0
0
33
191
255
255
255
193
187
212
255
241
55
0
0
0
0
0
0
0
0
0
0
19
46
46
44
14
8
131
255
221
17
0
0
0
0
0
0
0
0
0
0
0
0
0
0
0
0
108
255
227
27
0
0
0
0
0
0
0
0
0
0
0
0
0
0
0
0
169
255
197
2
0
0
0
0
0
0
0
0
0
0
0
0
0
0
0
18
206
245
88
0
0
0
0
0
0
0
0
0
0
0
0
0
0
0
0
119
255
184
10
0
0
0
0
0
0
0
0
0
0
0
0
0
0
0
15
193
255
168
7
0
0
0
0
0
0
0
0
0
0
0
0
0
0
0
2
94
143
53
1
0
0
0
0
0
0
0
0
0
0
0
0
0
0
0
0
0
0
0
0
0
0
0
0
0