0
0
0
0
0
0
0
0
0
0
0
0
0
0
0
0
0
0
0
0
0
0
0
0
0
0
0
0
0
0
0
0
0
0
0
0
0
0
0
0
0
0
0
0
0
0
0
0
0
0
0
0
0
0
0
0
0
0
0
0
0
0
0
0
0
0
21
61
1
0
0
0
0
0
0
0
0
0
0
0
0
0
0
0
0
0
72
214
47
0
0
0
0
0
0
0
0
0
0
0
0
0
0
0
0
0
68
213
21
0
0
0
0
0
96
118
0
0
0
0
0
0
0
0
0
0
62
209
16
0
0
0
0
15
208
175
0
0
0
0
0
0
0
0
0
0
101
216
12
0
0
0
0
43
216
71
0
0
0
0
0
0
0
0
0
8
179
138
0
0
0
0
0
93
229
12
0
0
0
0
0
0
0
0
0
45
219
45
8
14
2
0
0
94
203
7
0
0
0
0
0
0
0
0
0
125
253
180
250
255
163
22
0
129
165
1
0
0
0
0
0
0
0
0
1
173
255
223
144
113
223
205
89
196
139
0
0
0
0
0
0
0
0
0
0
83
137
32
0
0
28
131
231
253
192
4
0
0
0
0
0
0
0
0
0
0
0
0
0
0
0
0
186
217
40
0
0
0
0
0
0
0
0
0
0
0
0
0
0
0
0
79
231
89
0
0
0
0
0
0
0
0
0
0
0
0
0
0
0
0
0
171
167
0
0
0
0
0
0
0
0
0
0
0
0
0
0
0
0
0
49
233
80
0
0
0
0
0
0
0
0
0
0
0
0
0
0
0
0
0
53
130
14
0
0
0
0
0
0
0
0
0
0
0
0
0
0
0
0
0
0
0
0
0
0
0
0
0
0
0
0
0
0
0
0
0
0
0
0
0
0
0
0
0
0
0
0
0
0
0