0
0
0
0
0
0
0
0
0
0
0
0
0
0
0
0
0
0
0
0
0
0
0
0
0
0
0
0
0
0
0
0
0
0
0
0
0
0
0
0
0
0
0
0
0
0
4
28
69
167
210
84
0
0
0
0
0
0
0
0
0
0
0
0
0
14
144
234
254
255
255
240
152
25
0
0
0
0
0
0
0
0
0
0
0
53
243
255
237
183
146
189
255
128
0
0
0
0
0
0
0
0
0
0
0
13
106
117
22
1
0
29
226
224
38
0
0
0
0
0
0
0
0
0
0
0
0
6
0
0
0
0
166
236
47
0
0
0
0
0
0
0
0
0
0
4
69
15
0
0
0
0
127
255
83
0
0
0
0
0
0
0
0
0
0
0
29
6
0
0
0
0
105
255
92
0
0
0
0
0
0
0
0
0
0
0
0
0
8
11
11
5
178
255
71
0
0
0
0
0
0
0
0
0
0
27
84
156
220
239
233
218
252
244
99
0
0
0
0
0
0
0
0
0
27
195
255
240
189
157
210
250
255
255
251
144
18
0
0
0
0
0
0
0
165
255
215
50
9
0
68
232
235
113
191
255
174
16
0
0
0
0
0
0
158
255
133
0
0
28
201
253
99
0
27
131
236
174
20
0
0
0
0
0
50
251
181
74
126
211
252
127
1
0
0
0
51
199
80
0
0
0
0
0
0
147
250
255
255
238
132
6
0
0
0
0
0
8
7
0
0
0
0
0
0
5
80
112
95
55
0
0
0
0
0
0
0
0
0
0
0
0
0
0
0
0
0
0
0
0
0
0
0
0
0
0
0
0
0
0
0
0
0
0
0
0
0
0
0
0
0
0
0
0
0
0
0
0
0
0
0
0
0
0
0
0
0
0
0
0
0
0
0
0
0
0
0
0
0
0