0
0
0
0
0
0
0
0
0
0
0
0
0
0
0
0
0
0
0
0
0
0
0
0
0
0
0
0
0
0
0
0
0
0
0
0
0
0
0
0
0
0
0
0
0
0
0
0
0
0
0
0
0
0
0
0
0
0
0
0
0
0
0
0
0
0
0
0
0
0
0
0
0
0
0
0
0
0
0
0
0
0
0
0
0
0
0
0
0
15
123
182
117
0
0
0
0
0
0
0
0
0
0
0
0
0
0
0
27
156
134
89
200
1
0
0
0
0
0
0
0
0
0
0
0
0
0
11
174
110
0
37
189
1
0
0
0
0
0
0
0
0
0
0
0
0
0
116
162
0
0
100
135
0
0
0
0
0
0
0
0
0
0
0
0
0
24
202
59
0
11
194
94
0
0
0
0
0
0
0
0
0
0
0
0
0
44
207
14
39
174
255
65
0
0
0
0
0
0
0
0
0
0
0
0
0
15
172
190
202
163
220
37
0
0
0
0
0
0
0
0
0
0
0
0
0
0
19
91
62
75
187
15
0
0
0
0
0
0
0
0
0
0
0
0
0
0
0
0
0
160
128
0
0
0
0
0
0
0
0
0
0
0
0
0
0
0
0
0
4
177
93
0
0
0
0
0
0
0
0
0
0
0
0
0
0
0
0
0
6
166
69
0
0
0
0
0
0
0
0
0
0
0
0
0
0
0
0
0
31
192
31
0
0
0
0
0
0
0
0
0
0
0
0
0
0
0
0
0
74
189
5
0
0
0
0
0
0
0
0
0
0
0
0
0
0
0
0
0
106
144
0
0
0
0
0
0
0
0
0
0
0
0
0
0
0
0
0
0
70
49
0
0
0
0
0
0
0
0
0
0
0
0
0
0
0
0
0
0
0
0
0
0
0
0
0
0
0
0
0