0
0
0
0
0
0
0
0
0
0
0
0
0
0
0
0
0
0
0
0
0
0
0
0
0
0
0
0
0
0
0
0
0
0
0
0
0
0
0
0
0
0
0
0
0
0
0
0
0
0
0
0
0
0
0
0
0
0
0
0
0
0
0
0
0
0
0
0
0
0
0
55
35
0
0
0
0
0
0
0
0
0
0
0
0
0
0
0
0
0
5
180
104
0
0
0
0
0
0
0
0
0
0
0
1
25
4
0
0
0
0
164
110
0
0
0
0
0
0
0
0
0
0
0
5
160
102
0
0
0
0
162
109
0
0
0
0
0
0
0
0
0
0
0
0
66
201
38
0
0
0
173
122
0
0
0
0
0
0
0
0
0
0
0
0
1
148
194
32
0
66
234
101
0
0
0
0
0
0
0
0
0
0
0
0
0
12
183
210
136
211
255
97
0
0
0
0
0
0
0
0
0
0
0
0
0
0
17
157
192
111
167
105
0
0
0
0
0
0
0
0
0
0
0
0
0
0
0
0
0
0
150
145
0
0
0
0
0
0
0
0
0
0
0
0
0
0
0
0
0
0
153
171
0
0
0
0
0
0
0
0
0
0
0
0
0
0
0
0
0
0
138
187
9
0
0
0
0
0
0
0
0
0
0
0
0
0
0
0
0
0
89
222
42
0
0
0
0
0
0
0
0
0
0
0
0
0
0
0
0
0
61
211
23
0
0
0
0
0
0
0
0
0
0
0
0
0
0
0
0
0
50
207
13
0
0
0
0
0
0
0
0
0
0
0
0
0
0
0
0
0
42
181
33
0
0
0
0
0
0
0
0
0
0
0
0
0
0
0
0
0
0
0
0
0
0
0
0
0
0
0
0
0
0
0
0
0
0
0
0
0
0
0
0
0
0
0
0
0
0