0
0
0
0
0
0
0
0
0
0
0
0
0
0
0
0
0
0
0
0
0
0
0
0
0
0
0
0
0
0
0
0
0
0
0
0
0
0
0
0
0
0
0
0
0
0
0
0
0
0
30
34
5
0
0
0
0
0
0
0
0
0
0
0
0
0
0
0
0
67
244
239
36
0
0
0
0
0
0
0
0
0
0
0
0
0
0
0
33
208
255
173
7
0
0
0
0
0
0
0
0
0
0
0
0
0
0
9
163
229
196
219
43
0
0
0
0
0
0
0
0
0
0
0
0
0
0
93
255
95
50
227
182
0
0
0
0
0
0
0
0
0
0
0
0
0
0
112
255
65
5
192
217
0
0
0
0
0
0
0
0
0
0
0
0
0
0
47
244
152
80
255
135
0
0
0
0
0
0
0
0
0
0
0
0
0
0
0
150
244
207
233
53
0
0
0
0
0
0
0
0
0
0
0
0
0
0
0
112
255
255
126
0
0
0
0
0
0
0
0
0
0
0
0
0
0
0
30
183
255
255
120
0
0
0
0
0
0
0
0
0
0
0
0
0
0
0
109
248
109
152
249
94
0
0
0
0
0
0
0
0
0
0
0
0
0
0
122
201
13
20
192
219
29
0
0
0
0
0
0
0
0
0
0
0
0
0
99
233
64
0
83
249
111
0
0
0
0
0
0
0
0
0
0
0
0
0
6
153
242
163
132
255
138
0
0
0
0
0
0
0
0
0
0
0
0
0
0
21
141
224
255
216
46
0
0
0
0
0
0
0
0
0
0
0
0
0
0
0
1
23
38
22
0
0
0
0
0
0
0
0
0
0
0
0
0
0
0
0
0
0
0
0
0
0
0
0
0
0
0
0
0
0
0
0
0
0
0
0
0
0
0
0
0
0
0
0
0
0
0