0
0
0
0
0
0
0
0
0
0
0
0
0
0
0
0
0
0
0
0
0
0
0
0
0
0
0
0
0
0
0
0
0
0
0
0
0
0
0
0
0
0
0
0
0
0
0
0
0
0
0
0
0
0
0
0
0
0
0
0
0
0
0
0
0
0
0
0
0
0
0
0
0
0
0
0
39
8
0
0
0
0
0
0
0
0
0
0
0
1
4
3
15
53
120
190
224
151
0
0
0
0
0
0
0
0
0
25
92
169
190
186
215
253
255
255
255
186
0
0
0
0
0
0
0
0
62
194
255
255
255
255
255
222
205
149
92
25
0
0
0
0
0
0
0
76
231
255
234
150
136
143
72
27
17
1
0
0
0
0
0
0
0
0
3
191
255
255
192
58
5
0
0
0
0
0
0
0
0
0
0
0
0
0
2
166
251
255
255
245
182
47
0
0
0
0
0
0
0
0
0
0
0
0
0
16
56
128
187
240
255
210
47
0
0
0
0
0
0
0
0
0
0
0
0
0
0
0
8
68
210
255
207
42
0
0
0
0
0
0
0
0
0
49
173
57
0
0
0
0
47
207
255
188
20
0
0
0
0
0
0
0
0
69
251
246
132
14
0
0
0
41
228
255
62
0
0
0
0
0
0
0
0
10
117
247
255
200
86
9
0
0
202
255
61
0
0
0
0
0
0
0
0
0
0
79
204
255
255
207
149
159
244
255
63
0
0
0
0
0
0
0
0
0
0
0
30
124
228
255
255
255
255
198
35
0
0
0
0
0
0
0
0
0
0
0
0
0
28
89
133
134
65
18
0
0
0
0
0
0
0
0
0
0
0
0
0
0
0
0
0
0
0
0
0
0
0
0
0
0
0
0
0
0
0
0
0
0
0
0
0
0
0
0
0
0
0
0
0
0