0
0
0
0
0
0
0
0
0
0
0
0
0
0
0
0
0
0
0
0
0
0
0
0
0
0
0
0
0
0
0
0
0
0
0
0
0
0
0
0
0
0
0
0
0
0
0
0
0
0
0
0
0
0
0
0
0
0
0
0
0
0
0
0
0
0
0
0
0
0
0
0
0
0
0
0
0
0
0
0
0
0
0
0
0
1
0
0
0
0
0
0
0
0
0
0
0
0
0
0
0
0
0
5
126
159
19
0
0
0
0
0
0
0
0
0
0
0
0
0
0
0
0
74
246
255
157
28
0
0
0
0
0
0
0
0
0
0
0
0
0
0
0
143
255
255
255
224
131
53
15
3
16
27
27
85
128
18
0
0
0
0
13
189
255
195
246
255
255
245
196
157
196
232
231
255
222
23
0
0
0
0
20
211
221
27
79
195
251
255
255
255
255
255
255
255
211
20
0
0
0
0
22
219
212
2
0
8
65
128
171
201
235
253
255
225
91
0
0
0
0
0
35
255
178
2
0
0
0
0
0
14
200
255
253
88
0
0
0
0
0
0
11
128
62
0
0
0
0
0
0
46
234
255
200
22
0
0
0
0
0
0
0
0
0
0
0
0
0
0
5
163
255
230
60
0
0
0
0
0
0
0
0
0
0
0
0
0
0
0
56
232
255
158
2
0
0
0
0
0
0
0
0
0
0
0
0
0
0
11
206
255
213
37
0
0
0
0
0
0
0
0
0
0
0
0
0
0
0
56
245
253
74
0
0
0
0
0
0
0
0
0
0
0
0
0
0
0
0
142
255
129
0
0
0
0
0
0
0
0
0
0
0
0
0
0
0
0
0
69
174
37
0
0
0
0
0
0
0
0
0
0
0
0
0
0
0
0
0
0
15
0
0
0
0
0
0
0
0
0