0
0
0
0
0
0
0
0
0
0
0
0
0
0
0
0
0
0
0
0
0
0
0
0
0
0
0
0
0
0
0
0
30
109
158
105
3
0
0
0
0
0
0
0
0
0
0
0
0
0
0
80
230
236
175
75
0
0
0
0
0
0
0
0
0
0
0
0
0
0
77
218
194
57
0
0
0
0
0
0
0
0
0
0
0
0
0
0
0
42
226
249
55
0
0
0
0
0
0
0
0
0
0
0
0
0
0
0
97
238
218
61
0
0
0
0
0
0
0
0
0
0
0
0
0
0
0
75
243
217
57
0
0
0
0
0
0
0
0
0
0
0
0
0
0
0
55
231
212
46
0
0
0
0
0
0
0
0
0
0
0
0
0
0
0
20
196
240
49
0
0
0
0
0
0
0
0
0
0
0
0
0
0
0
0
100
254
113
0
0
0
0
28
9
64
77
26
0
0
0
0
0
0
0
13
219
224
23
0
23
66
109
201
100
184
247
205
54
0
0
0
0
0
0
22
247
215
19
66
196
255
221
109
0
14
69
171
126
0
0
0
0
0
0
4
188
229
129
235
197
73
13
0
1
37
86
181
42
0
0
0
0
0
0
0
112
254
255
214
21
0
19
77
166
222
209
107
4
0
0
0
0
0
0
0
14
148
252
244
177
175
209
228
171
84
24
0
0
0
0
0
0
0
0
0
0
0
88
182
189
187
136
39
0
0
0
0
0
0
0
0
0
0
0
0
0
0
0
0
0
0
0
0
0
0
0
0
0
0
0
0
0
0
0
0
0
0
0
0
0
0
0
0
0
0
0
0
0
0
0
0
0
0
0
0
0
0
0
0
0
0
0
0
0
0
0
0
0
0
0
0
0
0
0
0
0
0
0
0
0
0
0
0
0
0
0
0
0
0
0