0
0
0
0
0
0
0
0
0
0
0
0
0
0
0
0
0
0
0
0
0
0
0
0
0
0
0
0
0
0
0
0
0
0
0
0
0
0
0
0
0
0
0
0
0
0
0
0
0
0
0
0
0
0
0
0
0
0
0
0
0
0
0
0
0
0
0
0
0
0
0
0
0
0
0
0
0
0
0
0
0
0
0
0
0
0
0
0
0
0
0
0
5
3
0
1
2
0
0
0
0
0
0
0
0
0
0
0
0
0
49
138
207
196
170
183
189
24
0
0
0
0
0
0
0
0
0
0
0
19
219
255
214
164
154
132
148
16
0
0
0
0
0
0
0
0
0
0
24
186
240
78
13
4
0
0
0
0
0
0
0
0
0
0
0
0
0
18
187
255
244
112
2
0
0
0
0
0
0
0
0
0
0
0
0
0
0
60
242
203
194
249
131
4
0
0
0
0
0
0
0
0
0
28
35
0
0
3
9
3
15
117
222
69
0
0
0
0
0
0
0
0
15
152
68
0
0
0
0
0
0
24
222
107
0
0
0
0
0
0
0
0
35
219
98
16
0
0
0
0
18
168
229
31
0
0
0
0
0
0
0
0
16
162
238
215
136
108
109
126
204
235
107
1
0
0
0
0
0
0
0
0
0
4
69
145
183
236
244
242
156
46
0
0
0
0
0
0
0
0
0
0
0
0
0
0
1
7
8
8
0
0
0
0
0
0
0
0
0
0
0
0
0
0
0
0
0
0
0
0
0
0
0
0
0
0
0
0
0
0
0
0
0
0
0
0
0
0
0
0
0
0
0
0
0
0
0
0
0
0
0
0
0
0
0
0
0
0
0
0
0
0
0
0
0
0
0
0
0
0
0
0
0
0
0
0
0
0
0
0
0
0
0
0
0
0
0
0
0
0