0
0
0
0
0
0
0
0
0
0
0
0
0
0
0
0
0
0
0
0
0
0
0
0
0
0
0
0
0
0
0
0
0
0
0
0
0
0
0
0
0
0
0
0
0
0
0
0
0
0
8
130
220
142
0
0
0
0
0
0
0
0
0
0
0
0
0
0
0
5
159
183
96
87
0
0
0
0
0
0
0
0
0
0
0
0
0
0
1
141
216
38
0
0
0
0
0
0
0
0
0
0
0
0
0
0
0
0
81
241
79
0
0
0
0
0
0
0
0
0
0
0
0
0
0
0
0
6
179
192
1
0
0
0
0
0
0
0
0
0
0
0
0
0
0
0
0
50
235
78
0
0
0
0
0
0
0
0
0
0
0
0
0
0
0
0
0
167
176
1
0
0
51
71
38
4
0
0
0
0
0
0
0
0
0
0
9
218
129
0
29
165
208
164
194
149
11
0
0
0
0
0
0
0
0
0
44
221
70
11
193
181
37
0
76
209
29
0
0
0
0
0
0
0
0
0
67
216
30
130
194
9
0
0
158
150
0
0
0
0
0
0
0
0
0
0
104
219
18
178
74
0
8
144
202
32
0
0
0
0
0
0
0
0
0
0
80
215
86
209
10
23
168
202
44
0
0
0
0
0
0
0
0
0
0
0
5
175
220
221
136
205
175
26
0
0
0
0
0
0
0
0
0
0
0
0
0
17
138
243
192
93
4
0
0
0
0
0
0
0
0
0
0
0
0
0
0
0
0
70
14
0
0
0
0
0
0
0
0
0
0
0
0
0
0
0
0
0
0
0
0
0
0
0
0
0
0
0
0
0
0
0
0
0
0
0
0
0
0
0
0
0
0
0
0
0
0
0
0
0
0
0
0
0
0
0
0
0
0
0
0
0
0
0
0
0
0
0
0
0