0
0
0
0
0
0
0
0
0
0
0
0
0
0
0
0
0
0
0
0
0
0
0
0
0
0
0
0
0
0
0
0
0
0
0
0
0
0
0
0
0
0
0
0
0
0
0
0
1
28
10
0
0
0
0
0
0
0
0
0
0
0
0
0
0
0
0
0
11
202
101
0
0
0
0
0
0
0
0
0
0
0
0
0
0
0
0
0
25
208
162
0
0
0
0
0
0
0
0
0
0
0
0
0
0
0
0
0
0
167
205
10
0
0
0
0
0
0
0
0
0
0
0
0
0
0
0
0
0
164
205
11
0
0
0
0
0
0
0
0
0
0
0
0
0
0
0
0
0
164
205
11
0
0
0
0
0
0
0
0
0
0
0
0
0
0
0
0
0
164
205
11
0
0
0
0
0
0
0
0
0
0
0
0
0
0
0
0
0
164
205
11
0
0
0
0
0
0
0
0
0
0
0
0
0
0
0
0
0
164
205
11
0
0
0
0
0
0
0
0
0
0
0
0
0
0
0
0
0
164
205
11
0
0
0
0
0
0
0
0
0
0
0
0
0
0
0
0
0
164
205
11
0
0
0
0
0
0
0
0
0
0
0
0
0
0
0
0
0
164
205
11
0
0
0
0
0
0
0
0
0
0
0
0
0
0
0
0
0
164
205
11
0
0
0
0
0
0
0
0
0
0
0
0
0
0
0
0
0
163
205
11
0
0
0
0
0
0
0
0
0
0
0
0
0
0
0
0
0
184
201
7
0
0
0
0
0
0
0
0
0
0
0
0
0
0
0
0
1
28
26
0
0
0
0
0
0
0
0
0
0
0
0
0
0
0
0
0
0
0
0
0
0
0
0
0
0
0
0
0
0
0
0
0
0
0
0
0
0
0
0
0
0
0
0
0
0
0
0
0