0
0
0
0
0
0
0
0
0
0
0
0
0
0
0
0
0
0
0
0
0
0
0
0
0
0
0
0
0
0
0
0
0
0
0
0
0
0
0
0
0
0
0
0
0
0
0
0
12
37
30
0
0
0
0
0
0
0
0
0
0
0
0
0
0
0
0
0
88
255
241
107
0
0
0
0
0
0
0
0
0
0
0
0
0
0
0
0
87
255
255
251
119
0
0
0
0
0
0
0
0
0
0
0
0
0
0
0
47
176
151
213
243
48
0
0
0
0
0
0
0
0
0
0
0
0
0
0
0
9
3
80
238
100
0
0
0
0
0
0
0
0
0
0
0
0
0
0
0
0
0
0
192
150
6
0
0
0
0
0
0
0
0
0
0
0
0
0
0
0
0
0
151
215
32
0
0
0
0
0
0
0
0
0
0
0
0
0
0
0
0
0
219
198
20
0
0
0
0
0
0
0
0
0
0
0
0
0
0
0
33
148
255
176
6
0
0
0
0
0
0
0
0
0
0
28
84
77
34
75
211
255
159
60
1
0
0
0
0
0
0
0
0
0
41
205
247
243
229
243
255
145
4
0
0
0
0
0
0
0
0
0
0
0
101
244
255
255
255
255
236
55
0
0
0
0
0
0
0
0
0
0
0
0
6
66
110
105
119
222
255
196
79
0
0
0
0
0
0
0
0
0
0
0
0
0
0
0
0
48
136
237
245
130
3
0
0
0
0
0
0
0
0
0
0
0
0
0
0
0
0
62
186
150
1
0
0
0
0
0
0
0
0
0
0
0
0
0
0
0
0
0
10
15
0
0
0
0
0
0
0
0
0
0
0
0
0
0
0
0
0
0
0
0
0
0
0
0
0
0
0
0
0
0
0
0
0
0
0
0
0
0
0
0
0
0
0
0
0
0