0
0
0
0
0
0
0
0
0
0
0
0
0
0
0
0
0
0
0
0
0
0
0
0
0
0
0
0
0
0
0
0
0
0
0
0
0
0
0
0
0
0
0
0
0
0
0
0
0
0
0
0
0
0
0
0
0
0
0
0
0
0
0
0
0
0
0
0
0
0
0
0
0
0
0
0
0
0
0
0
0
0
0
0
0
0
35
98
112
127
128
175
76
2
0
0
0
0
0
0
0
0
0
0
0
0
31
116
137
180
177
177
234
135
0
0
0
0
0
0
0
0
0
0
0
0
0
0
0
0
0
40
225
120
0
0
0
0
0
0
0
0
0
0
0
0
0
0
0
11
73
221
187
10
0
0
0
0
0
0
0
0
0
0
0
0
0
42
108
197
250
180
45
0
0
0
0
0
0
0
0
0
0
0
0
0
49
217
255
212
88
10
0
0
0
0
0
0
0
0
0
0
0
0
0
0
27
155
230
194
50
0
0
0
0
0
0
0
0
0
0
0
0
0
0
0
0
0
50
136
213
139
12
0
0
0
0
0
0
0
0
0
0
0
0
0
0
0
0
0
106
252
74
0
0
0
0
0
0
0
0
0
0
0
0
0
0
0
0
0
13
199
159
0
0
0
0
0
0
0
0
0
0
0
0
0
0
0
0
0
89
247
101
0
0
0
0
0
0
0
0
0
0
0
0
0
0
0
0
54
232
147
2
0
0
0
0
0
0
0
0
0
0
0
0
0
0
0
96
227
167
30
0
0
0
0
0
0
0
0
0
0
0
0
0
6
93
194
225
136
9
0
0
0
0
0
0
0
0
0
0
0
0
0
0
22
130
148
45
0
0
0
0
0
0
0
0
0
0
0
0
0
0
0
0
0
0
0
0
0
0
0
0
0
0
0
0
0
0
0