0
0
0
0
0
0
0
0
0
0
0
0
0
0
0
0
0
0
0
0
0
0
0
0
0
0
0
0
0
0
0
0
0
0
0
0
0
0
0
0
0
0
0
0
0
0
0
0
0
0
0
0
0
0
0
0
0
0
0
0
0
0
0
0
2
86
110
109
111
82
38
0
0
0
0
0
0
0
0
0
0
0
0
0
7
228
255
255
255
243
219
160
35
0
0
0
0
0
0
0
0
0
0
0
0
52
168
110
10
60
143
214
203
31
0
0
0
0
0
0
0
0
0
0
0
0
0
5
0
0
0
33
235
123
0
0
0
0
0
0
0
0
0
0
0
0
0
0
0
0
5
79
251
137
0
0
0
0
0
0
0
0
0
0
0
0
0
0
0
68
182
237
241
59
0
0
0
0
0
0
0
0
0
0
0
0
0
0
0
54
233
254
92
0
0
0
0
0
0
0
0
0
0
0
0
0
0
0
0
0
129
255
117
0
0
0
0
0
0
0
0
0
0
0
0
0
0
0
0
0
8
172
217
11
0
0
0
0
0
0
0
0
0
0
0
0
0
0
0
0
0
80
233
67
0
0
0
0
0
0
0
0
0
0
0
0
0
0
0
0
0
75
231
75
0
0
0
0
0
0
0
0
0
0
0
0
0
0
0
0
0
82
231
67
0
0
0
0
0
0
0
0
0
0
0
0
15
28
22
4
49
204
232
12
0
0
0
0
0
0
0
0
0
0
0
0
55
176
202
178
224
255
153
0
0
0
0
0
0
0
0
0
0
0
0
0
6
40
107
200
220
138
13
0
0
0
0
0
0
0
0
0
0
0
0
0
0
0
0
0
0
0
0
0
0
0
0
0
0
0
0
0
0
0
0
0
0
0
0
0
0
0
0
0
0
0
0
0
0
0