0
0
0
0
0
0
0
0
0
0
0
0
0
0
0
0
0
0
0
0
0
0
0
0
0
0
0
0
0
0
0
0
0
0
0
0
0
0
0
0
0
0
0
0
0
0
0
0
0
0
2
30
33
4
0
0
0
0
0
0
0
0
0
0
0
0
0
0
0
0
111
244
247
157
16
0
0
0
0
0
0
0
0
0
0
0
0
0
0
56
238
157
91
227
120
0
0
0
0
0
0
0
0
0
0
0
0
8
107
211
168
5
0
91
207
12
0
0
0
0
0
0
0
0
0
0
3
138
255
255
180
4
0
14
196
100
0
0
0
0
0
0
0
0
0
0
91
233
192
191
52
2
0
0
138
169
0
0
0
0
0
0
0
0
0
11
181
156
69
162
2
0
0
0
99
194
15
0
0
0
0
0
0
0
0
52
234
83
28
104
5
0
0
0
97
229
54
0
0
0
0
0
0
0
0
117
242
31
0
1
0
0
0
0
135
220
39
0
0
0
0
0
0
0
0
153
214
24
0
0
0
0
0
3
193
185
0
0
0
0
0
0
0
0
0
121
233
23
0
0
0
0
0
20
210
132
0
0
0
0
0
0
0
0
0
76
239
36
0
0
0
0
0
129
229
34
0
0
0
0
0
0
0
0
0
36
222
140
0
0
0
7
108
241
104
0
0
0
0
0
0
0
0
0
0
1
131
253
176
142
149
210
249
131
1
0
0
0
0
0
0
0
0
0
0
0
6
123
236
231
210
168
77
0
0
0
0
0
0
0
0
0
0
0
0
0
0
0
26
24
18
4
0
0
0
0
0
0
0
0
0
0
0
0
0
0
0
0
0
0
0
0
0
0
0
0
0
0
0
0
0
0
0
0
0
0
0
0
0
0
0
0
0
0
0
0
0
0
0
0