0
0
0
0
0
0
0
0
0
0
0
0
0
0
0
0
0
0
0
0
0
0
0
0
0
0
0
0
0
0
57
120
12
0
0
0
0
0
0
0
0
0
0
0
0
0
0
0
0
41
240
231
25
0
0
0
0
0
0
0
0
0
0
0
0
0
0
0
52
218
184
44
0
0
0
0
0
0
0
0
0
0
0
0
0
0
0
42
225
193
17
0
0
0
0
0
0
0
0
0
0
0
0
0
0
0
29
217
174
31
0
0
0
0
0
0
0
0
0
0
0
0
0
0
0
14
171
199
17
0
0
0
0
0
0
0
0
0
0
0
0
0
0
0
0
44
230
76
0
0
0
1
0
0
0
0
0
0
0
0
0
0
0
0
0
46
194
66
71
98
142
156
85
1
0
0
0
0
0
0
0
0
0
0
0
43
217
232
240
243
255
255
255
185
51
0
0
0
0
0
0
0
0
0
0
42
230
194
70
46
39
89
180
251
192
12
0
0
0
0
0
0
0
0
0
44
234
93
0
0
0
0
0
108
249
64
0
0
0
0
0
0
0
0
0
28
207
203
22
0
0
1
20
134
253
70
0
0
0
0
0
0
0
0
0
0
83
252
196
121
117
155
220
255
213
27
0
0
0
0
0
0
0
0
0
0
6
92
249
255
255
255
250
158
35
0
0
0
0
0
0
0
0
0
0
0
0
0
60
137
131
94
29
0
0
0
0
0
0
0
0
0
0
0
0
0
0
0
0
0
0
0
0
0
0
0
0
0
0
0
0
0
0
0
0
0
0
0
0
0
0
0
0
0
0
0
0
0
0
0
0
0
0
0
0
0
0
0
0
0
0
0
0
0
0
0
0
0
0
0
0
0
0
0
0
0
0
0
0
0
0
0
0
0
0
0
0
0
0
0