0
0
0
0
0
0
0
0
0
0
0
0
0
0
0
0
0
0
0
0
0
0
0
0
0
0
0
0
0
0
0
0
0
0
0
0
0
0
0
0
0
0
0
0
0
0
0
0
0
0
0
0
0
0
0
0
0
0
0
0
0
0
0
0
0
0
0
0
0
53
111
89
8
0
0
0
0
0
0
0
0
0
0
0
0
0
0
0
0
130
255
218
20
0
0
0
0
0
0
0
0
0
0
0
0
0
0
0
0
124
255
206
19
0
0
0
0
0
0
0
0
0
0
0
0
0
0
0
0
124
255
206
19
0
0
0
0
0
0
0
0
0
0
0
0
0
0
0
0
124
255
237
82
0
0
0
0
0
0
0
0
0
0
0
0
0
0
0
0
121
255
206
19
0
0
0
0
0
0
0
0
0
0
0
0
0
0
0
20
172
255
206
19
0
0
0
0
0
0
0
0
0
0
0
0
0
0
0
49
223
255
206
19
0
0
0
0
0
0
0
0
0
0
0
0
0
0
0
49
224
255
207
19
0
0
0
0
0
0
0
0
0
0
0
0
0
0
0
44
214
255
211
20
0
0
0
0
0
0
0
0
0
0
0
0
0
0
0
2
141
255
163
8
0
0
0
0
0
0
0
0
0
0
0
0
0
0
0
0
124
255
106
0
0
0
0
0
0
0
0
0
0
0
0
0
0
0
0
0
124
255
208
30
0
0
0
0
0
0
0
0
0
0
0
0
0
0
0
0
126
255
253
107
0
0
0
0
0
0
0
0
0
0
0
0
0
0
0
0
107
216
120
28
0
0
0
0
0
0
0
0
0
0
0
0
0
0
0
0
0
0
0
0
0
0
0
0
0
0
0
0
0
0
0
0
0
0
0
0
0
0
0
0
0
0
0
0
0
0
0