0
0
0
0
0
0
0
0
0
0
0
0
0
0
0
0
0
0
0
0
0
0
0
0
0
0
0
0
0
0
0
0
0
0
0
0
0
0
0
0
0
0
0
0
0
0
0
0
0
0
0
0
0
0
0
0
0
0
0
0
0
0
0
0
0
0
0
0
0
0
47
90
114
102
19
0
0
0
0
0
0
0
0
0
0
0
0
0
25
152
230
223
229
255
170
11
0
0
0
0
0
0
0
0
0
0
0
17
198
252
148
20
11
98
223
84
0
0
0
0
0
0
0
0
0
0
0
96
255
138
1
0
0
0
188
99
0
0
0
0
0
0
0
0
0
0
0
122
255
95
0
0
0
127
252
69
0
0
0
0
0
0
0
0
0
0
0
42
252
106
0
5
117
243
172
12
0
0
0
0
0
0
0
0
0
0
0
6
168
209
24
132
255
216
35
0
0
0
0
0
0
0
0
0
0
0
0
0
133
255
209
255
149
39
0
0
0
0
0
0
0
0
0
0
0
0
0
0
141
255
255
166
13
0
0
0
0
0
0
0
0
0
0
0
0
0
0
104
234
255
225
48
0
0
0
0
0
0
0
0
0
0
0
0
0
0
80
244
168
187
246
76
0
0
0
0
0
0
0
0
0
0
0
0
0
12
187
185
6
153
255
102
0
0
0
0
0
0
0
0
0
0
0
0
0
55
245
153
142
247
226
65
0
0
0
0
0
0
0
0
0
0
0
0
0
56
246
255
255
195
62
0
0
0
0
0
0
0
0
0
0
0
0
0
0
47
209
177
86
14
0
0
0
0
0
0
0
0
0
0
0
0
0
0
0
0
0
0
0
0
0
0
0
0
0
0
0
0
0
0
0
0
0
0
0
0
0
0
0
0
0
0
0
0
0
0
0
0
0
0