0
0
0
0
0
0
0
0
0
0
0
0
0
0
0
0
0
0
0
0
0
0
0
0
0
0
0
0
0
0
0
0
0
0
0
0
0
0
0
0
0
0
0
0
0
0
0
0
0
0
0
0
0
0
0
0
0
0
0
0
0
0
0
0
0
0
0
0
0
0
3
50
105
112
112
101
99
41
0
0
0
0
0
0
0
0
0
0
0
26
165
229
245
220
221
242
255
132
0
0
0
0
0
0
0
0
0
6
53
186
215
122
39
20
91
75
189
93
0
0
0
0
0
0
0
0
0
97
230
133
25
0
0
127
245
80
48
3
0
0
0
0
0
0
0
0
46
227
149
3
0
2
68
239
230
36
0
0
0
0
0
0
0
0
0
0
138
244
42
0
2
134
255
221
82
0
0
0
0
0
0
0
0
0
0
0
133
255
99
52
165
249
172
35
0
0
0
0
0
0
0
0
0
0
0
0
46
222
247
246
255
132
0
0
0
0
0
0
0
0
0
0
0
0
0
0
63
225
246
247
255
198
52
0
0
0
0
0
0
0
0
0
0
0
0
113
230
164
48
58
132
218
222
91
3
0
0
0
0
0
0
0
0
0
92
211
109
0
0
0
0
20
213
228
40
0
0
0
0
0
0
0
0
22
206
147
0
0
0
0
0
0
183
193
15
0
0
0
0
0
0
0
0
92
255
149
0
0
0
4
36
136
227
91
0
0
0
0
0
0
0
0
0
59
223
239
168
152
139
169
222
188
72
3
0
0
0
0
0
0
0
0
0
0
83
218
224
224
214
157
90
16
0
0
0
0
0
0
0
0
0
0
0
0
0
0
0
0
0
0
0
0
0
0
0
0
0
0
0
0
0
0
0
0
0
0
0
0
0
0
0
0
0
0
0
0
0
0
0
0