0
0
0
0
0
0
0
0
0
0
0
0
0
0
0
0
0
0
0
0
0
0
0
0
0
0
0
0
0
0
0
0
0
0
0
0
0
0
0
0
0
0
0
0
0
0
0
0
0
0
0
0
0
0
0
0
0
0
0
0
0
0
0
0
0
0
0
0
0
3
52
93
111
110
104
9
0
0
0
0
0
0
0
0
0
0
0
7
134
206
230
248
255
253
255
29
0
0
0
0
0
0
0
0
0
0
0
6
122
185
137
61
67
153
254
48
0
0
0
0
0
0
0
0
0
0
0
0
0
0
0
0
102
255
169
4
0
0
0
0
0
0
0
0
0
0
0
0
0
0
0
101
250
200
32
0
0
0
0
0
0
0
0
0
0
0
0
0
0
18
139
245
173
28
0
0
0
0
0
0
0
0
0
0
0
0
0
53
139
195
247
184
27
0
0
0
0
0
0
0
0
0
0
0
0
0
0
150
255
255
163
0
0
0
0
0
0
0
0
0
0
0
0
0
0
0
0
50
152
225
219
46
0
0
0
0
0
0
0
0
0
0
0
0
0
0
0
0
1
49
227
162
5
0
0
0
0
0
0
0
0
0
0
0
0
0
0
0
0
0
144
223
22
0
0
0
0
0
0
0
0
0
0
0
0
0
0
0
0
44
235
164
5
0
0
0
0
0
0
0
0
0
0
0
53
34
14
23
48
190
226
42
0
0
0
0
0
0
0
0
0
0
0
0
112
213
188
204
231
209
87
0
0
0
0
0
0
0
0
0
0
0
0
0
25
191
227
230
167
25
0
0
0
0
0
0
0
0
0
0
0
0
0
0
0
0
0
0
0
0
0
0
0
0
0
0
0
0
0
0
0
0
0
0
0
0
0
0
0
0
0
0
0
0
0
0
0
0
0
0