0
0
0
0
0
0
0
0
0
0
0
0
0
0
0
0
0
0
0
0
0
0
0
0
0
0
0
0
0
0
0
0
0
0
0
0
0
0
0
0
0
0
0
0
0
0
0
0
0
0
0
0
0
0
0
0
0
0
0
0
0
0
0
0
0
0
0
0
0
15
50
10
0
0
0
0
0
0
0
0
0
0
0
0
0
0
0
0
0
103
226
73
0
0
0
0
0
0
0
0
0
0
0
0
0
0
0
0
80
239
255
70
0
0
0
0
0
0
0
0
0
0
0
0
0
0
0
76
240
220
142
115
74
0
0
0
0
0
0
0
0
0
0
0
0
0
76
235
254
130
114
255
154
0
0
0
0
0
0
0
0
0
0
0
0
78
237
255
125
0
123
255
56
0
0
58
43
0
0
0
0
0
0
0
16
200
255
108
8
0
120
255
104
0
85
236
204
19
0
0
0
0
0
0
96
255
240
65
38
43
147
255
246
229
254
254
150
10
0
0
0
0
0
0
86
255
255
235
232
232
241
255
255
249
197
111
14
0
0
0
0
0
0
0
5
127
199
237
237
236
253
252
99
46
18
0
0
0
0
0
0
0
0
0
0
0
16
44
42
67
243
200
16
0
0
0
0
0
0
0
0
0
0
0
0
0
0
0
0
84
255
188
12
0
0
0
0
0
0
0
0
0
0
0
0
0
0
0
0
105
255
161
5
0
0
0
0
0
0
0
0
0
0
0
0
0
0
0
0
59
246
88
0
0
0
0
0
0
0
0
0
0
0
0
0
0
0
0
0
5
116
33
0
0
0
0
0
0
0
0
0
0
0
0
0
0
0
0
0
0
0
0
0
0
0
0
0
0
0
0
0
0
0
0
0
0
0
0
0
0
0
0
0
0
0
0
0
0
0
0