0
0
0
0
0
0
0
0
0
0
0
0
0
0
0
0
0
0
0
0
0
0
0
0
0
0
0
0
0
0
0
0
0
0
0
0
0
0
0
0
0
0
0
0
0
0
0
0
0
0
0
0
0
0
0
0
0
0
0
0
0
0
0
0
0
0
0
0
0
7
91
111
85
13
0
0
0
0
0
0
0
0
0
0
0
0
0
39
57
99
255
255
251
191
65
0
0
0
0
0
0
0
0
0
0
0
0
162
253
241
230
225
254
255
231
63
0
0
0
0
0
0
0
0
0
0
0
168
255
201
57
50
86
183
255
136
0
0
0
0
0
0
0
0
0
0
0
130
255
210
12
0
0
120
255
135
0
0
0
0
0
0
0
0
0
0
0
29
207
255
120
9
74
199
246
102
0
0
0
0
0
0
0
0
0
0
0
0
86
250
242
201
244
221
116
12
0
0
0
0
0
0
0
0
0
0
0
0
67
225
255
250
158
62
0
0
0
0
0
0
0
0
0
0
0
0
34
140
222
255
254
240
42
0
0
0
0
0
0
0
0
0
0
0
0
22
190
255
211
105
238
255
62
0
0
0
0
0
0
0
0
0
0
0
4
148
255
158
54
35
228
255
61
0
0
0
0
0
0
0
0
0
0
0
76
255
184
12
0
56
248
255
61
0
0
0
0
0
0
0
0
0
0
0
138
255
156
33
42
95
255
221
33
0
0
0
0
0
0
0
0
0
0
0
91
250
255
225
233
242
249
104
0
0
0
0
0
0
0
0
0
0
0
0
3
93
195
223
221
196
99
14
0
0
0
0
0
0
0
0
0
0
0
0
0
0
0
0
0
0
0
0
0
0
0
0
0
0
0
0
0
0
0
0
0
0
0
0
0
0
0
0
0
0
0
0
0
0
0
0