0
0
0
0
0
0
0
0
0
0
0
0
0
0
0
0
0
0
0
0
0
0
0
0
0
0
0
0
0
0
0
0
0
0
0
0
0
0
0
0
0
0
0
0
0
0
0
0
0
12
101
142
111
0
0
0
0
0
0
0
0
0
0
0
0
0
0
0
0
136
255
255
241
98
7
0
0
0
0
0
0
0
0
0
0
0
0
0
0
85
165
213
254
255
168
38
0
0
0
0
0
0
0
0
0
0
0
0
0
0
0
15
90
190
255
160
0
0
0
0
0
0
0
0
0
0
0
0
0
0
0
0
0
22
207
226
40
0
0
0
0
0
0
0
0
0
0
0
0
0
0
0
0
0
125
255
105
0
0
0
0
0
0
0
0
0
0
0
0
0
0
0
0
36
213
255
111
0
0
0
0
0
0
0
0
10
14
42
10
42
44
33
77
200
255
250
79
0
0
0
0
0
33
151
101
185
187
229
199
237
240
234
252
255
241
134
5
0
0
0
0
0
136
255
255
255
255
255
255
255
254
255
255
255
161
30
5
0
0
0
0
0
204
255
253
253
252
252
253
255
255
237
188
252
236
152
8
0
0
0
0
0
121
255
255
255
255
255
255
248
188
68
17
96
193
148
5
0
0
0
0
0
19
89
169
193
190
126
104
64
20
0
0
0
19
42
7
0
0
0
0
0
0
0
1
4
4
0
0
0
0
0
0
0
0
0
0
0
0
0
0
0
0
0
0
0
0
0
0
0
0
0
0
0
0
0
0
0
0
0
0
0
0
0
0
0
0
0
0
0
0
0
0
0
0
0
0
0
0
0
0
0
0
0
0
0
0
0
0
0
0
0
0
0
0
0
0
0
0
0
0
0
0
0
0
0
0
0
0
0
0
0
0
0
0
0
0
0
0
0