0
0
0
0
0
0
0
0
0
0
0
0
0
0
0
0
0
0
0
0
0
0
0
0
0
0
0
0
0
0
0
0
0
0
0
0
0
0
0
0
0
0
0
0
0
0
0
0
0
0
23
9
0
0
0
0
0
0
0
0
0
0
0
0
0
0
0
0
0
73
223
162
7
0
0
0
0
0
0
0
0
0
0
0
0
0
0
0
34
211
255
248
32
0
0
0
0
0
0
0
0
0
0
0
0
0
0
6
165
255
243
251
33
0
0
0
0
0
0
0
0
0
0
0
0
0
0
38
254
182
192
217
21
0
0
0
0
0
0
0
0
0
0
0
0
0
0
13
86
29
185
185
10
0
0
0
0
0
0
0
0
0
0
0
0
0
0
0
0
0
188
187
11
0
0
0
0
0
0
0
0
0
0
0
0
0
0
0
0
3
190
186
11
0
0
0
0
0
0
0
0
0
0
0
0
0
0
0
0
18
242
159
3
0
0
0
0
0
0
0
0
0
0
0
0
0
0
0
0
20
255
163
4
0
0
0
0
0
0
0
0
0
0
0
0
0
0
0
0
75
255
118
0
0
0
0
0
0
0
0
0
0
0
0
0
0
0
0
0
98
239
68
0
0
0
0
0
0
0
0
0
0
0
0
0
0
0
0
45
128
255
105
0
0
0
0
0
0
0
0
0
0
0
0
0
0
0
29
227
255
252
174
88
22
0
0
0
0
0
0
0
0
0
0
0
0
0
5
117
202
255
255
249
51
0
0
0
0
0
0
0
0
0
0
0
0
0
0
0
16
35
37
32
2
0
0
0
0
0
0
0
0
0
0
0
0
0
0
0
0
0
0
0
0
0
0
0
0
0
0
0
0
0
0
0
0
0
0
0
0
0
0
0
0
0
0
0
0
0
0