0
0
0
0
0
0
0
0
0
0
0
0
0
0
0
0
0
0
0
0
0
0
0
0
0
0
0
0
0
0
0
0
0
0
0
0
0
0
0
0
0
0
0
0
0
0
0
0
0
0
0
0
0
0
0
0
0
0
0
0
0
0
0
0
0
0
0
0
0
0
0
0
0
0
0
0
0
0
0
0
0
0
0
0
0
0
0
0
0
0
4
79
175
162
32
0
0
0
0
0
0
0
0
0
0
0
0
0
0
20
161
183
89
185
103
0
0
0
0
0
0
0
0
0
0
0
0
0
16
172
152
14
0
163
83
0
0
0
0
0
0
0
0
0
0
0
0
0
124
186
10
0
63
232
61
0
0
0
0
0
0
0
0
0
0
0
0
63
213
41
0
12
211
193
15
0
0
0
0
0
0
0
0
0
0
0
0
159
140
0
0
126
250
90
0
0
0
0
0
0
0
0
0
0
0
0
9
204
48
0
105
244
123
0
0
0
0
0
0
0
0
0
0
0
0
0
31
213
138
167
252
206
17
0
0
0
0
0
0
0
0
0
0
0
0
0
0
99
174
133
224
85
0
0
0
0
0
0
0
0
0
0
0
0
0
0
0
0
0
150
161
2
0
0
0
0
0
0
0
0
0
0
0
0
0
0
0
0
77
228
36
0
0
0
0
0
0
0
0
0
0
0
0
0
0
0
0
2
171
136
0
0
0
0
0
0
0
0
0
0
0
0
0
0
0
0
0
84
201
27
0
0
0
0
0
0
0
0
0
0
0
0
0
0
0
0
0
194
122
0
0
0
0
0
0
0
0
0
0
0
0
0
0
0
0
0
0
107
33
0
0
0
0
0
0
0
0
0
0
0
0
0
0
0
0
0
0
0
0
0
0
0
0
0
0
0
0
0
0
0