0
0
0
0
0
0
0
0
0
0
0
0
0
0
0
0
0
0
0
0
0
0
0
0
0
0
0
0
0
0
0
0
0
0
0
0
0
0
0
0
0
0
0
0
0
0
0
0
0
0
0
0
0
0
0
0
0
0
0
0
0
0
0
0
0
0
0
0
0
5
13
0
0
0
0
0
0
0
0
0
0
0
0
0
0
0
0
0
0
96
128
0
5
37
83
92
134
48
0
0
0
0
0
0
0
0
0
0
37
221
228
173
210
251
255
255
255
184
0
0
0
0
0
0
0
0
0
2
153
255
255
255
255
223
164
135
94
40
0
0
0
0
0
0
0
0
0
60
253
122
65
51
57
27
5
0
0
0
0
0
0
0
0
0
0
0
1
188
204
15
0
0
0
0
0
0
0
0
0
0
0
0
0
0
0
0
105
255
208
104
39
0
0
0
0
0
0
0
0
0
0
0
0
0
0
0
141
253
205
196
189
149
26
0
0
0
0
0
0
0
0
0
0
0
0
0
31
74
20
7
22
126
153
1
0
0
0
0
0
0
0
0
0
0
0
0
0
0
0
0
0
42
212
30
0
0
0
0
0
0
0
0
0
0
0
0
0
0
0
0
0
153
216
16
0
0
0
0
0
0
0
0
0
0
0
0
0
0
0
10
126
255
139
0
0
0
0
0
0
0
0
0
0
47
81
41
59
77
142
227
253
154
14
0
0
0
0
0
0
0
0
0
0
92
255
231
255
255
240
220
108
4
0
0
0
0
0
0
0
0
0
0
0
6
76
111
165
103
26
22
0
0
0
0
0
0
0
0
0
0
0
0
0
0
0
0
0
0
0
0
0
0
0
0
0
0
0
0
0
0
0
0
0
0
0
0
0
0
0
0
0
0
0
0
0
0
0
0
0
0