0
0
0
0
0
0
0
0
0
0
0
0
0
0
0
0
0
0
0
0
0
0
0
0
0
0
0
0
0
0
0
0
0
0
0
0
0
0
0
0
0
0
0
0
0
0
0
0
0
0
0
0
0
0
0
0
0
0
0
0
0
0
0
0
0
0
0
34
63
0
0
0
0
0
0
0
0
0
0
0
0
0
0
0
0
0
0
135
157
0
0
0
0
0
7
1
0
0
0
0
0
0
0
0
0
0
11
219
144
0
0
0
0
53
127
4
0
0
0
0
0
0
0
0
0
0
69
230
74
0
0
0
0
155
122
0
0
0
0
0
0
0
0
0
0
2
165
226
0
0
0
0
59
227
47
0
0
0
0
0
0
0
0
0
0
13
190
224
0
0
0
8
190
150
0
0
0
0
0
0
0
0
0
0
0
9
179
238
25
0
0
82
222
45
0
0
0
0
0
0
0
0
0
0
0
0
54
231
196
42
16
190
163
0
0
8
20
1
0
0
0
0
0
0
0
0
0
76
235
224
179
240
170
64
70
148
88
0
0
0
0
0
0
0
0
0
0
0
42
134
253
247
231
214
218
157
25
0
0
0
0
0
0
0
0
0
0
0
0
21
234
132
42
32
35
0
0
0
0
0
0
0
0
0
0
0
0
0
0
67
212
41
0
0
0
0
0
0
0
0
0
0
0
0
0
0
0
0
0
135
155
0
0
0
0
0
0
0
0
0
0
0
0
0
0
0
0
0
23
206
116
0
0
0
0
0
0
0
0
0
0
0
0
0
0
0
0
0
40
186
41
0
0
0
0
0
0
0
0
0
0
0
0
0
0
0
0
0
0
0
0
0
0
0
0
0
0
0
0
0
0
0
0
0
0
0
0
0
0
0
0
0
0
0
0
0
0
0
0
0