0
0
0
0
0
0
0
0
0
0
0
0
0
0
0
0
0
0
0
0
0
0
0
0
0
0
0
0
0
0
0
0
0
0
0
0
0
0
0
0
0
0
0
0
0
0
0
0
0
0
0
9
32
5
0
0
0
0
0
0
0
0
0
0
0
0
0
0
0
0
14
156
240
50
0
0
0
0
0
0
0
0
0
0
0
0
0
0
0
0
105
255
255
112
0
0
0
0
0
0
0
0
0
0
0
0
0
0
0
0
126
255
235
52
0
0
0
0
0
0
0
0
0
0
0
0
0
0
0
4
190
255
234
44
0
0
0
0
0
0
0
0
0
0
0
0
0
0
0
6
231
255
181
4
0
0
0
0
0
0
0
0
0
0
0
0
0
0
0
25
233
255
111
0
0
0
0
0
0
0
0
0
0
0
0
0
0
0
0
112
252
255
51
0
0
0
0
0
0
0
0
0
0
0
0
0
0
0
0
190
255
202
23
0
0
0
0
0
0
0
0
0
0
0
0
0
0
0
36
218
255
185
12
0
0
0
0
0
0
0
0
0
0
0
0
0
0
15
186
251
255
172
7
0
0
0
0
0
0
0
0
0
0
0
0
0
0
41
254
255
234
67
0
0
0
0
0
0
0
0
0
0
0
0
0
0
0
116
255
255
148
0
0
0
0
0
0
0
0
0
0
0
0
0
0
0
0
136
255
255
104
0
0
0
0
0
0
0
0
0
0
0
0
0
0
0
0
68
255
153
9
0
0
0
0
0
0
0
0
0
0
0
0
0
0
0
0
0
35
7
0
0
0
0
0
0
0
0
0
0
0
0
0
0
0
0
0
0
0
0
0
0
0
0
0
0
0
0
0
0
0
0
0
0
0
0
0
0
0
0
0
0
0
0
0
0
0
0
0
0