0
0
0
0
0
0
0
0
0
0
0
0
0
0
0
0
0
0
0
0
0
0
0
0
0
0
0
0
0
0
0
0
0
0
0
0
0
0
0
0
0
0
0
0
0
0
0
0
0
0
16
16
0
0
0
0
0
0
0
0
0
0
0
0
0
0
0
0
0
0
138
197
13
0
0
0
0
0
0
0
0
0
0
0
0
0
0
0
0
2
166
255
88
0
0
0
0
0
0
0
0
0
0
0
0
0
0
0
0
64
247
236
49
0
0
0
0
0
0
0
0
0
0
0
0
0
0
0
0
86
255
180
9
0
0
0
0
0
0
0
0
0
0
0
0
0
0
0
0
84
255
171
7
0
0
0
0
0
0
0
0
0
0
0
0
0
0
0
0
81
255
126
0
0
0
0
0
0
0
0
0
0
0
0
0
0
0
0
0
141
255
124
0
0
0
0
0
0
0
0
0
0
0
0
0
0
0
0
0
168
255
106
0
0
0
0
0
0
0
0
0
0
0
0
0
0
0
0
5
184
255
103
0
0
0
0
0
0
0
0
0
0
0
0
0
0
0
0
34
215
255
87
0
0
0
0
0
0
0
0
0
0
0
0
0
0
0
0
35
219
227
45
0
0
0
0
0
0
0
0
0
0
0
0
0
0
0
0
36
221
226
44
0
0
0
0
0
0
0
0
0
0
0
0
0
0
0
0
88
255
212
29
0
0
0
0
0
0
0
0
0
0
0
0
0
0
0
0
37
193
218
32
0
0
0
0
0
0
0
0
0
0
0
0
0
0
0
0
0
13
28
1
0
0
0
0
0
0
0
0
0
0
0
0
0
0
0
0
0
0
0
0
0
0
0
0
0
0
0
0
0
0
0
0
0
0
0
0
0
0
0
0
0
0
0
0
0
0
0
0