0
0
0
0
0
0
0
0
0
0
0
0
0
0
0
0
0
0
0
0
0
0
0
0
0
0
0
0
0
0
0
0
0
0
0
0
0
0
0
0
0
0
0
0
0
0
0
0
0
0
0
0
0
0
0
0
0
0
0
0
0
0
0
0
0
0
0
0
0
0
0
0
0
0
0
0
0
0
0
0
0
0
0
0
0
0
0
0
0
3
7
10
10
7
0
0
0
0
0
0
0
0
0
0
0
0
0
0
71
183
220
250
252
221
62
0
0
0
0
0
0
0
0
0
0
0
6
115
244
255
230
204
203
251
202
20
0
0
0
0
0
0
0
0
0
12
150
253
161
67
29
16
12
125
251
83
0
0
0
0
0
0
0
0
8
169
244
115
0
0
0
0
43
227
248
58
0
0
0
0
0
0
0
0
87
247
114
0
0
0
11
120
218
255
204
9
0
0
0
0
0
0
0
0
134
221
26
0
0
43
179
255
243
255
156
0
0
0
0
0
0
0
0
0
70
239
177
142
150
227
242
143
127
255
115
0
0
0
0
0
0
0
0
0
0
119
212
226
244
156
41
2
196
221
36
0
0
0
0
0
0
0
0
0
0
0
0
34
34
0
0
103
242
86
0
0
0
0
0
0
0
0
0
0
0
0
0
0
0
0
12
193
221
5
0
0
0
0
0
0
0
0
0
0
0
0
0
0
0
0
114
244
104
0
0
0
0
0
0
0
0
0
0
0
0
0
0
0
0
19
224
192
8
0
0
0
0
0
0
0
0
0
0
0
0
0
0
0
0
137
237
65
0
0
0
0
0
0
0
0
0
0
0
0
0
0
0
0
17
204
161
0
0
0
0
0
0
0
0
0
0
0
0
0
0
0
0
0
5
47
28
0
0
0
0
0
0
0
0
0