0
0
0
0
0
0
0
0
0
0
0
0
0
0
0
0
0
0
0
0
0
0
0
0
0
0
0
0
0
0
0
0
0
0
0
0
0
0
0
0
0
0
0
0
0
0
0
0
0
0
0
0
0
0
0
0
0
0
0
0
0
0
0
0
0
0
0
6
89
60
0
0
0
0
0
0
0
0
0
0
0
0
0
0
0
0
0
57
255
225
6
0
0
0
0
26
30
0
0
0
0
0
0
0
0
0
30
210
255
130
0
0
0
0
27
213
128
0
0
0
0
0
0
0
0
0
136
255
224
37
0
0
0
0
145
255
130
0
0
0
0
0
0
0
0
48
228
255
144
0
0
0
0
42
227
250
82
0
0
0
0
0
0
0
34
181
255
235
92
24
0
0
0
125
255
185
6
0
0
0
0
0
0
35
187
255
255
255
238
216
156
68
43
233
251
91
0
0
0
0
0
0
0
88
251
220
127
167
216
227
255
246
230
255
169
1
0
0
0
0
0
0
0
15
82
44
0
0
29
40
131
247
255
255
162
0
0
0
0
0
0
0
0
0
0
0
0
0
0
0
36
231
255
213
69
0
0
0
0
0
0
0
0
0
0
0
0
0
0
0
136
254
228
37
0
0
0
0
0
0
0
0
0
0
0
0
0
0
0
75
251
255
151
0
0
0
0
0
0
0
0
0
0
0
0
0
0
0
28
209
255
223
33
0
0
0
0
0
0
0
0
0
0
0
0
0
0
0
87
254
241
96
0
0
0
0
0
0
0
0
0
0
0
0
0
0
0
0
56
201
104
0
0
0
0
0
0
0
0
0
0
0
0
0
0
0
0
0
0
0
0
0
0
0
0
0
0
0
0
0
0
0
0
0
0
0
0
0
0
0
0
0
0
0
0
0
0
0
0
0