0
0
0
0
0
0
0
0
0
0
0
0
0
0
0
0
0
0
0
0
0
0
0
0
0
0
0
0
0
0
0
0
0
0
0
0
0
0
0
0
0
0
0
0
0
0
0
0
0
0
0
0
0
0
0
0
0
0
0
0
0
0
0
0
0
0
35
26
80
112
56
12
0
0
0
0
0
0
0
0
0
0
0
0
0
29
196
135
128
255
233
207
129
0
0
0
0
0
0
0
0
0
0
0
2
152
255
193
2
32
117
212
223
1
0
0
0
0
0
0
0
0
0
0
100
248
232
232
45
0
0
122
223
1
0
0
0
0
0
0
0
0
0
21
207
149
57
221
107
0
23
202
201
0
0
0
0
0
0
0
0
0
0
84
219
60
0
103
187
15
26
212
102
0
0
0
0
0
0
0
0
0
0
111
250
199
196
203
250
172
162
217
29
0
0
0
0
0
0
0
0
0
0
30
104
115
113
167
184
195
255
255
218
84
11
0
0
0
0
0
0
0
0
0
0
0
0
0
0
11
212
140
156
238
177
48
0
0
0
0
0
0
0
0
0
0
0
0
0
8
217
79
0
70
213
230
95
0
0
0
0
0
0
0
0
0
0
0
0
3
189
148
0
0
15
136
224
80
0
0
0
0
0
0
0
0
0
0
0
0
78
218
35
0
0
0
188
199
0
0
0
0
0
0
0
0
0
0
0
0
20
194
201
46
44
100
229
163
0
0
0
0
0
0
0
0
0
0
0
0
0
46
178
236
236
255
186
33
0
0
0
0
0
0
0
0
0
0
0
0
0
0
13
62
87
57
15
0
0
0
0
0
0
0
0
0
0
0
0
0
0
0
0
0
0
0
0
0
0
0
0
0
0
0
0
0
0
0
0
0
0
0
0
0
0
0
0
0
0
0