0
0
0
0
0
0
0
0
0
0
0
0
0
0
0
0
0
0
0
0
0
0
0
0
0
0
0
0
0
0
0
0
0
0
0
0
0
0
0
0
0
0
0
0
0
0
0
0
0
0
0
0
0
0
0
0
0
0
0
0
0
0
0
0
0
0
0
0
0
0
0
0
0
0
0
0
0
0
0
0
0
0
0
0
0
0
0
147
76
0
0
0
0
0
0
0
0
0
0
0
0
0
0
0
0
55
140
249
155
8
0
0
0
0
0
0
0
0
0
0
0
0
0
0
0
146
255
255
249
193
164
133
76
53
12
0
0
0
0
0
0
0
0
0
0
148
255
232
180
213
233
239
230
246
73
0
0
0
0
0
0
0
0
0
0
127
244
78
0
0
8
45
117
255
111
0
0
0
0
0
0
0
0
0
0
23
50
5
0
0
0
0
126
255
108
0
0
0
0
0
0
0
0
0
0
0
0
0
0
0
0
14
210
243
56
0
0
0
0
0
0
0
0
0
0
0
0
0
0
0
0
94
255
170
1
0
0
0
0
0
0
0
0
0
0
0
0
0
0
0
9
182
252
69
0
0
0
0
0
0
0
0
0
0
0
0
0
0
0
0
73
252
212
22
0
0
0
0
0
0
0
0
0
0
0
0
0
0
0
0
183
255
88
0
0
0
0
0
0
0
0
0
0
0
0
0
0
0
0
46
255
173
5
0
0
0
0
0
0
0
0
0
0
0
0
0
0
0
0
154
255
91
0
0
0
0
0
0
0
0
0
0
0
0
0
0
0
0
0
199
255
149
111
24
0
0
0
0
0
0
0
0
0
0
0
0
0
0
0
96
149
151
71
4
0
0
0
0
0
0
0
0
0
0
0
0
0
0
0
0
0
0
0
0
0
0
0
0
0
0