0
0
0
0
0
0
0
0
0
0
0
0
0
0
0
0
0
0
0
0
0
0
0
0
0
0
0
0
0
0
0
0
0
0
0
0
0
0
0
0
0
0
0
0
0
0
0
0
0
0
0
0
0
0
0
0
0
0
0
0
0
0
0
0
0
0
17
80
106
76
12
0
0
0
0
0
0
0
0
0
0
0
0
0
0
0
23
157
232
198
191
150
95
16
3
0
0
0
0
0
0
0
0
0
0
0
0
4
7
9
68
111
164
222
188
18
0
0
0
0
0
0
0
0
0
0
0
0
0
0
0
0
73
231
151
12
0
0
0
0
0
0
0
0
0
0
0
0
0
0
51
185
182
80
4
0
0
0
0
0
0
0
0
0
0
0
0
0
11
106
189
120
15
0
0
0
0
0
0
0
0
0
0
0
0
0
0
0
117
184
54
0
0
0
0
0
0
0
0
0
0
0
0
0
0
0
0
15
156
52
0
0
0
0
0
0
0
0
0
0
0
0
0
0
0
0
0
1
146
132
0
0
0
0
0
0
0
0
0
0
0
0
0
0
0
0
0
0
45
203
91
0
0
0
0
0
0
0
0
0
0
0
0
0
0
0
0
0
0
69
208
87
0
0
0
0
0
0
0
0
0
0
0
0
0
27
12
0
0
0
83
195
22
0
0
0
0
0
0
0
0
0
0
0
21
104
0
0
9
58
177
183
15
0
0
0
0
0
0
0
0
0
0
0
25
161
76
61
166
184
132
33
0
0
0
0
0
0
0
0
0
0
0
0
0
79
192
189
99
22
0
0
0
0
0
0
0
0
0
0
0
0
0
0
0
0
0
0
0
0
0
0
0
0
0
0
0
0
0
0
0
0
0
0
0
0
0
0
0
0
0
0
0
0
0
0
0
0
0
0