0
0
0
0
0
0
0
0
0
0
0
0
0
0
0
0
0
0
0
0
0
0
0
0
0
0
0
0
0
0
54
112
7
0
0
0
0
0
0
0
0
0
0
0
0
0
0
0
0
43
230
254
31
0
0
0
0
0
0
0
0
0
0
0
0
0
0
0
4
183
255
181
10
0
0
0
0
0
0
0
0
0
0
0
0
0
0
0
14
203
253
72
0
0
0
0
0
0
0
0
0
0
0
0
0
0
0
0
78
252
177
0
0
0
0
0
0
0
0
0
0
0
0
0
0
0
0
8
178
255
61
0
0
0
0
0
0
0
0
0
0
0
0
0
0
0
0
34
249
180
0
0
0
0
0
0
0
0
0
0
0
0
0
0
0
0
0
133
255
86
0
0
0
0
0
0
0
0
0
0
0
0
0
0
0
0
0
208
232
39
0
51
75
24
0
0
0
0
0
0
0
0
0
0
0
0
62
250
159
42
171
241
255
236
77
0
0
0
0
0
0
0
0
0
0
0
133
250
130
200
255
239
238
255
175
1
0
0
0
0
0
0
0
0
0
0
165
231
144
255
80
21
77
255
142
0
0
0
0
0
0
0
0
0
0
0
144
255
232
255
144
16
122
254
64
0
0
0
0
0
0
0
0
0
0
0
32
200
255
255
255
216
238
191
21
0
0
0
0
0
0
0
0
0
0
0
0
23
101
167
188
168
81
6
0
0
0
0
0
0
0
0
0
0
0
0
0
0
0
0
0
0
0
0
0
0
0
0
0
0
0
0
0
0
0
0
0
0
0
0
0
0
0
0
0
0
0
0
0
0
0
0
0
0
0
0
0
0
0
0
0
0
0
0
0
0
0
0
0
0
0
0
0
0
0
0
0
0
0
0
0
0
0
0
0
0
0
0
0
0