0
0
0
0
0
0
0
0
0
0
0
0
0
0
0
0
0
0
0
0
0
0
0
0
0
0
0
0
0
0
0
0
0
0
0
0
0
0
0
0
0
0
0
0
0
0
0
0
0
0
0
0
0
0
0
0
0
0
0
0
0
0
0
0
0
0
0
0
0
0
0
0
0
0
0
0
0
0
0
0
0
0
0
0
0
0
0
0
0
0
0
0
0
2
7
37
85
167
128
5
0
0
0
0
0
0
0
42
115
112
116
94
135
190
233
245
222
178
62
0
0
0
0
0
0
0
0
64
227
255
255
255
237
178
148
98
44
1
0
0
0
0
0
0
0
0
0
2
146
255
152
60
30
8
0
0
0
0
0
0
0
0
0
0
0
0
11
137
242
138
0
0
0
0
0
0
0
0
0
0
0
0
0
0
0
0
105
255
171
11
0
0
0
0
0
0
0
0
0
0
0
0
0
0
0
0
119
239
230
228
144
35
0
0
0
0
0
0
0
0
0
0
0
0
0
0
17
59
71
122
243
171
6
0
0
0
0
0
0
0
0
0
0
0
0
0
0
0
0
0
82
249
68
0
0
0
0
0
0
0
0
0
0
0
0
0
0
0
0
0
33
223
131
0
0
0
0
0
0
0
0
0
0
0
0
0
0
0
0
0
31
218
145
0
0
0
0
0
0
0
0
0
0
0
0
0
8
30
0
25
183
236
56
0
0
0
0
0
0
0
0
0
0
0
0
30
162
119
65
200
255
102
0
0
0
0
0
0
0
0
0
0
0
0
0
138
255
235
221
188
74
2
0
0
0
0
0
0
0
0
0
0
0
0
0
65
149
129
54
0
0
0
0
0
0
0
0
0
0
0
0
0
0
0
0
0
0
0
0
0
0
0
0
0
0
0
0
0
0
0