0
0
0
0
0
0
0
0
0
0
0
0
0
0
0
0
0
0
0
0
0
0
0
0
0
0
0
0
0
51
54
0
0
0
0
0
0
0
0
0
0
0
0
0
0
0
0
0
0
169
159
0
0
0
0
0
0
0
0
0
0
0
0
0
0
0
0
0
21
213
148
0
0
0
0
0
0
0
0
0
0
0
0
0
0
0
0
0
71
235
69
0
0
0
0
0
0
0
0
0
0
0
0
0
0
0
0
0
138
221
5
0
0
0
0
0
0
0
0
0
0
0
0
0
0
0
0
12
187
116
0
0
0
0
0
0
0
0
0
0
0
0
0
0
0
0
0
47
241
56
0
0
0
0
0
0
0
0
0
0
0
0
0
0
0
0
0
64
198
19
0
0
0
0
0
0
0
0
0
0
0
0
0
0
0
0
0
111
133
4
127
169
145
36
0
0
0
0
0
0
0
0
0
0
0
0
0
105
170
180
220
167
168
168
26
0
0
0
0
0
0
0
0
0
0
0
0
53
255
159
30
0
0
133
91
0
0
0
0
0
0
0
0
0
0
0
0
125
252
59
0
0
0
106
145
0
0
0
0
0
0
0
0
0
0
0
21
145
126
159
27
0
0
136
138
0
0
0
0
0
0
0
0
0
0
0
25
29
2
130
208
152
165
214
66
0
0
0
0
0
0
0
0
0
0
0
0
0
0
0
74
154
172
82
3
0
0
0
0
0
0
0
0
0
0
0
0
0
0
0
0
0
0
0
0
0
0
0
0
0
0
0
0
0
0
0
0
0
0
0
0
0
0
0
0
0
0
0
0
0
0
0
0
0
0
0
0
0
0
0
0
0
0
0
0
0
0
0
0
0
0
0
0
0
0
0
0
0
0
0
0
0
0
0
0
0
0
0
0
0