0
0
0
0
0
0
0
0
0
0
0
0
0
0
0
0
0
0
0
0
0
0
0
0
0
0
0
0
0
0
0
0
0
0
0
0
0
0
0
0
0
0
0
0
0
0
0
0
0
0
0
0
0
0
0
0
0
0
0
0
0
0
0
0
0
0
0
0
0
0
0
0
0
0
0
0
0
0
0
0
0
0
0
0
0
0
0
0
0
0
0
0
0
0
0
0
0
0
0
0
0
0
24
36
35
12
0
1
1
1
1
0
29
44
59
7
0
0
0
0
0
12
185
223
218
186
168
169
170
170
169
168
210
227
236
29
0
0
0
0
0
12
64
90
158
157
153
142
135
137
180
159
140
247
166
3
0
0
0
0
0
0
0
0
0
0
0
0
0
0
0
0
54
226
62
0
0
0
0
0
0
0
0
0
0
0
0
0
0
0
0
0
194
205
22
0
0
0
0
0
0
0
0
0
0
0
0
0
0
0
0
49
239
122
0
0
0
0
0
0
0
0
0
0
0
0
0
0
0
0
6
176
238
37
0
0
0
0
0
0
0
0
0
0
0
0
0
0
0
0
66
245
105
0
0
0
0
0
0
0
0
0
0
0
0
0
0
0
0
6
189
227
19
0
0
0
0
0
0
0
0
0
0
0
0
0
0
0
0
105
247
105
0
0
0
0
0
0
0
0
0
0
0
0
0
0
0
0
0
175
200
21
0
0
0
0
0
0
0
0
0
0
0
0
0
0
0
0
77
248
114
0
0
0
0
0
0
0
0
0
0
0
0
0
0
0
0
0
112
252
34
0
0
0
0
0
0
0
0
0
0
0
0
0
0
0
0
0
136
233
113
24
0
0
0
0
0
0
0
0
0
0
0
0
0
0
0
0
110
238
128
17
0
0
0
0
0
0
0
0