0
0
0
0
0
0
0
0
0
0
0
0
0
0
0
0
0
0
0
0
0
0
0
0
0
0
0
0
0
0
0
0
0
0
0
0
0
0
0
0
0
0
0
0
0
0
0
0
0
12
35
37
27
0
0
0
0
0
0
0
0
0
0
0
0
0
0
0
99
188
255
255
236
69
0
0
0
0
0
0
0
0
0
0
0
0
0
72
240
226
223
253
255
147
0
0
0
0
0
0
0
0
0
0
0
0
0
18
72
32
162
255
247
81
0
0
0
0
0
0
0
0
0
0
0
0
0
0
61
169
255
251
137
6
0
0
0
0
0
0
0
0
0
0
0
0
0
109
245
255
255
170
19
0
0
0
0
0
0
0
0
0
0
0
0
0
1
176
255
255
255
223
191
77
0
0
0
0
0
0
0
0
0
0
0
0
0
53
163
203
246
253
255
222
77
0
0
0
0
0
0
0
0
0
0
0
0
0
0
12
54
81
224
255
193
3
0
0
0
0
0
0
0
0
0
0
0
0
0
0
0
3
189
255
197
4
0
0
0
0
0
0
0
8
69
11
0
0
0
0
2
130
245
255
114
0
0
0
0
0
0
0
0
68
242
164
29
0
0
21
134
253
255
186
16
0
0
0
0
0
0
0
0
21
182
255
165
84
148
211
253
255
253
110
0
0
0
0
0
0
0
0
0
0
61
253
255
250
255
255
251
207
71
5
0
0
0
0
0
0
0
0
0
0
0
136
235
255
251
176
84
32
0
0
0
0
0
0
0
0
0
0
0
0
0
1
28
37
33
10
0
0
0
0
0
0
0
0
0
0
0
0
0
0
0
0
0
0
0
0
0
0
0
0
0
0
0
0
0
0
0
0
0
0
0
0
0
0
0
0
0
0
0
0
0
0
0
0
0
0