0
0
0
0
0
0
0
0
0
0
0
0
0
0
0
0
0
0
0
0
0
0
0
0
0
0
0
0
0
0
0
0
0
0
0
0
0
0
0
0
0
0
0
0
0
0
0
0
0
0
0
0
0
0
0
0
0
0
0
0
0
0
0
0
0
0
0
0
0
0
3
50
83
83
90
74
53
10
0
0
0
0
0
0
0
0
0
0
0
0
21
193
255
255
255
244
230
155
14
0
0
0
0
0
0
0
0
0
14
73
152
179
160
161
144
119
98
86
19
0
0
0
0
0
0
0
0
10
151
255
251
65
0
0
0
0
0
0
0
0
0
0
0
0
0
0
33
163
255
219
70
5
0
0
0
0
0
0
0
0
0
0
0
0
0
78
228
255
200
52
0
0
0
0
0
0
0
0
0
0
0
0
0
0
44
229
253
165
18
0
0
0
0
0
0
0
0
0
0
0
0
0
0
0
90
255
194
59
39
45
18
0
0
0
0
0
0
0
0
0
0
0
0
0
42
210
255
240
234
235
194
103
7
0
0
0
0
0
0
0
0
0
0
0
0
24
55
99
133
172
233
255
153
2
0
0
0
0
0
0
0
0
0
0
0
0
0
0
0
0
21
150
244
84
0
0
0
0
0
0
0
0
0
0
0
0
0
0
0
0
0
77
249
130
0
0
0
0
0
0
0
0
0
0
0
33
117
43
40
78
150
243
255
99
0
0
0
0
0
0
0
0
0
0
0
23
189
220
230
255
255
252
161
30
0
0
0
0
0
0
0
0
0
0
0
0
20
107
180
199
144
67
5
0
0
0
0
0
0
0
0
0
0
0
0
0
0
0
0
0
0
0
0
0
0
0
0
0
0
0
0
0
0
0
0
0
0
0
0
0
0
0
0
0
0
0
0
0
0
0