0
0
0
0
0
0
0
0
0
0
0
0
0
0
0
0
0
0
0
0
0
0
0
0
0
0
0
0
0
0
0
0
0
0
0
0
0
0
0
0
0
0
0
0
0
0
0
0
0
0
0
33
176
186
31
0
0
0
0
0
0
0
0
0
0
0
0
0
0
0
2
136
255
255
66
0
0
0
0
0
0
0
0
0
0
0
0
0
0
0
101
249
255
174
20
0
0
0
0
0
0
0
0
0
0
0
0
0
0
44
225
255
210
49
0
0
0
0
0
0
0
0
0
0
0
0
0
0
7
179
255
235
60
0
0
0
0
0
0
0
0
0
0
0
0
0
0
2
144
255
249
104
0
0
0
0
0
0
0
0
0
0
0
0
0
0
0
30
233
255
142
7
0
0
0
0
0
0
0
0
0
0
0
0
0
0
0
113
255
227
28
0
0
0
0
0
0
0
0
0
0
0
0
0
0
0
0
188
255
118
0
49
68
21
0
0
0
0
0
0
0
0
0
0
0
0
39
239
214
85
139
236
255
194
65
0
0
0
0
0
0
0
0
0
0
0
93
252
229
227
255
228
186
243
200
4
0
0
0
0
0
0
0
0
0
0
55
240
255
255
155
23
84
232
179
1
0
0
0
0
0
0
0
0
0
0
0
183
255
255
121
50
242
234
61
0
0
0
0
0
0
0
0
0
0
0
0
40
201
239
242
231
216
76
0
0
0
0
0
0
0
0
0
0
0
0
0
0
29
64
106
103
37
0
0
0
0
0
0
0
0
0
0
0
0
0
0
0
0
0
0
0
0
0
0
0
0
0
0
0
0
0
0
0
0
0
0
0
0
0
0
0
0
0
0
0
0
0
0
0
0
0
0
0
0
0
0
0
0
0
0
0
0
0
0
0
0
0
0
0