0
0
0
0
0
0
0
0
0
0
0
0
0
0
0
0
0
0
0
0
0
0
0
0
0
0
0
0
0
0
0
0
0
0
0
0
0
0
0
0
0
0
0
0
0
0
0
0
0
17
36
29
0
0
0
0
0
0
0
0
0
0
0
0
0
0
0
0
0
145
156
189
59
0
0
0
0
0
0
0
0
0
0
0
0
0
0
0
40
186
25
100
144
0
0
0
0
0
0
0
0
0
0
0
0
0
0
0
125
133
0
42
161
0
0
0
0
0
0
0
0
0
0
0
0
0
0
18
196
63
0
4
194
26
0
0
0
0
0
0
0
0
0
0
0
0
0
85
201
23
0
0
159
91
0
0
0
0
0
0
0
0
0
0
0
0
0
162
157
0
0
0
156
112
0
0
0
0
0
0
0
0
0
0
0
0
0
197
79
0
0
0
157
111
0
0
0
0
0
0
0
0
0
0
0
0
13
203
48
0
0
0
157
111
0
0
0
0
0
0
0
0
0
0
0
0
86
214
11
0
0
0
157
112
0
0
0
0
0
0
0
0
0
0
0
0
114
218
0
0
0
19
198
57
0
0
0
0
0
0
0
0
0
0
0
0
114
220
0
0
0
58
169
0
0
0
0
0
0
0
0
0
0
0
0
0
56
220
50
0
0
126
159
0
0
0
0
0
0
0
0
0
0
0
0
0
0
149
198
63
89
222
85
0
0
0
0
0
0
0
0
0
0
0
0
0
0
20
165
242
206
111
0
0
0
0
0
0
0
0
0
0
0
0
0
0
0
0
7
35
23
0
0
0
0
0
0
0
0
0
0
0
0
0
0
0
0
0
0
0
0
0
0
0
0
0
0
0
0
0
0
0
0
0
0
0
0
0
0
0
0
0
0
0
0
0
0
0
0
0