0
0
0
0
0
0
0
0
0
0
0
0
0
0
0
0
0
0
0
0
0
0
0
0
0
0
0
0
0
0
0
0
0
0
0
0
0
0
0
0
0
0
0
0
0
0
0
0
0
0
0
0
0
0
0
0
0
0
0
0
0
0
0
0
0
0
0
11
65
11
0
0
0
0
0
0
0
0
0
0
0
0
0
0
0
0
0
40
189
13
2
51
15
0
0
0
0
0
0
0
0
0
0
0
0
0
0
93
172
75
177
253
175
18
0
0
0
0
0
0
0
0
0
0
0
0
0
162
156
178
154
202
244
47
0
0
0
0
0
0
0
0
0
0
0
0
34
200
29
9
0
138
214
2
0
0
0
0
0
0
0
0
0
0
0
0
118
185
0
0
0
154
195
0
0
0
0
0
0
0
0
0
0
0
0
12
186
118
0
0
0
170
161
0
0
0
0
0
0
0
0
0
0
0
0
29
213
85
0
0
44
233
80
0
0
0
0
0
0
0
0
0
0
0
0
16
185
210
155
144
180
252
133
123
123
32
0
0
0
0
0
0
0
0
0
0
22
97
194
185
255
226
176
158
118
13
0
0
0
0
0
0
0
0
0
0
0
0
0
27
246
105
0
0
0
0
0
0
0
0
0
0
0
0
0
0
0
0
0
89
232
59
0
0
0
0
0
0
0
0
0
0
0
0
0
0
0
0
9
193
195
2
0
0
0
0
0
0
0
0
0
0
0
0
0
0
0
0
58
237
111
0
0
0
0
0
0
0
0
0
0
0
0
0
0
0
0
0
37
168
43
0
0
0
0
0
0
0
0
0
0
0
0
0
0
0
0
0
0
0
0
0
0
0
0
0
0
0
0
0
0
0
0
0
0
0
0
0
0
0
0
0
0
0
0
0
0
0
0
0