0
0
0
0
0
0
0
0
0
0
0
0
0
0
0
0
0
0
0
0
0
0
0
0
0
0
0
0
0
0
0
0
0
0
0
0
0
0
0
0
0
0
0
0
0
0
0
0
0
0
0
0
0
0
0
0
0
0
0
0
0
0
0
0
0
0
0
0
0
0
0
0
0
0
0
0
0
0
0
0
0
0
0
0
0
0
0
0
0
0
12
17
12
0
0
0
0
0
0
0
0
0
0
0
0
0
0
0
15
138
201
164
190
84
0
0
0
0
0
0
0
0
0
0
0
0
0
10
172
174
51
0
74
192
21
0
0
0
0
0
0
0
0
0
0
0
0
105
180
6
0
0
23
175
40
0
0
0
0
0
0
0
0
0
0
0
0
194
143
41
73
76
26
164
41
0
0
0
0
0
0
0
0
0
0
0
0
106
204
189
170
212
147
147
7
0
0
0
0
0
0
0
0
0
0
0
0
0
10
10
7
171
181
34
0
0
0
0
0
0
0
0
0
0
0
0
0
0
0
0
23
205
58
0
0
0
0
0
0
0
0
0
0
0
0
0
0
0
0
0
47
220
30
0
0
0
0
0
0
0
0
0
0
0
0
0
0
0
0
0
112
172
5
0
0
0
0
0
0
0
0
0
0
0
0
0
0
0
0
4
206
107
0
0
0
0
0
0
0
0
0
0
0
0
0
0
0
0
0
36
212
54
0
0
0
0
0
0
0
0
0
0
0
0
0
0
0
0
0
124
197
8
0
0
0
0
0
0
0
0
0
0
0
0
0
0
0
0
36
210
98
0
0
0
0
0
0
0
0
0
0
0
0
0
0
0
0
0
125
183
3
0
0
0
0
0
0
0
0
0
0
0
0
0
0
0
0
0
40
35
0
0
0
0
0
0
0
0
0
0