0
0
0
0
0
0
0
0
0
0
0
0
0
0
0
0
0
0
0
0
0
0
0
0
0
0
0
0
0
0
0
0
0
0
0
0
0
0
0
0
0
0
0
0
0
0
0
0
0
0
8
36
13
0
0
0
0
0
0
0
0
0
0
0
0
0
0
0
0
0
62
255
99
0
0
0
0
0
0
0
0
0
0
0
0
0
0
0
0
0
61
255
100
0
0
0
0
0
0
0
0
0
0
0
0
0
0
0
0
0
59
255
158
0
0
0
0
0
0
0
0
0
0
0
0
0
0
0
0
0
81
250
97
0
0
0
0
0
0
0
0
0
0
0
0
0
0
0
0
0
152
254
75
0
0
0
0
0
0
0
0
0
0
0
0
0
0
0
0
8
235
230
33
0
0
0
0
0
0
0
0
0
0
0
0
0
0
0
0
12
248
223
23
0
0
0
0
0
0
0
0
0
0
0
0
0
0
0
0
106
255
129
0
0
0
0
0
0
0
0
0
0
0
0
0
0
0
0
27
194
223
38
0
0
0
0
0
0
0
0
0
0
0
0
0
0
0
0
84
253
176
0
0
0
0
0
0
0
0
0
0
0
0
0
0
0
0
1
157
255
87
0
0
0
0
0
0
0
0
0
0
0
0
0
0
0
0
41
224
246
22
0
0
0
0
0
0
0
0
0
0
0
0
0
0
0
0
122
255
150
0
0
0
0
0
0
0
0
0
0
0
0
0
0
0
0
0
116
239
54
0
0
0
0
0
0
0
0
0
0
0
0
0
0
0
0
0
13
29
2
0
0
0
0
0
0
0
0
0
0
0
0
0
0
0
0
0
0
0
0
0
0
0
0
0
0
0
0
0
0
0
0
0
0
0
0
0
0
0
0
0
0
0
0
0
0
0
0
0
0