0
0
0
0
0
0
0
0
0
0
0
0
0
0
0
0
0
0
0
0
0
0
0
0
0
0
0
0
0
0
0
0
0
0
0
0
0
0
0
0
0
0
0
0
0
0
0
0
0
0
0
0
0
0
0
0
0
0
0
0
0
0
0
0
0
0
0
0
0
0
0
0
0
0
0
0
5
12
0
0
0
0
0
0
0
0
0
0
0
0
0
0
0
38
96
151
195
138
0
0
0
0
0
0
0
0
0
0
0
36
140
143
157
240
255
244
178
57
0
0
0
0
0
0
0
0
0
0
1
167
255
238
209
178
144
71
0
0
0
0
0
0
0
0
0
0
0
0
78
240
155
66
45
6
0
0
0
0
0
0
0
0
0
0
0
0
0
13
178
249
173
242
198
10
0
0
0
0
0
0
0
0
0
0
0
0
0
105
250
255
235
237
248
89
0
0
0
0
0
0
0
0
0
0
0
15
149
249
235
103
8
69
251
173
4
0
0
0
0
0
0
0
0
0
0
30
216
235
75
0
0
72
251
164
4
0
0
0
0
0
0
0
0
0
0
8
108
98
0
0
0
109
253
110
0
0
0
0
0
0
0
0
0
0
0
0
0
0
0
0
36
221
215
23
0
0
0
0
0
0
0
0
0
0
2
17
2
0
5
87
198
251
101
0
0
0
0
0
0
0
0
0
0
24
151
232
185
135
192
254
210
73
0
0
0
0
0
0
0
0
0
0
0
55
220
249
255
253
237
123
22
0
0
0
0
0
0
0
0
0
0
0
0
3
23
34
63
38
26
0
0
0
0
0
0
0
0
0
0
0
0
0
0
0
0
0
0
0
0
0
0
0
0
0
0
0
0
0
0
0
0
0
0
0
0
0
0
0
0
0
0
0
0
0
0
0
0
0
0
0