0
0
0
0
0
0
0
0
0
0
0
0
0
0
0
0
0
0
0
0
0
0
0
0
0
0
0
0
0
0
0
0
0
0
0
0
0
0
0
0
0
0
0
0
0
0
0
0
0
0
0
0
0
0
0
0
0
0
0
0
0
0
0
0
0
0
0
0
0
29
34
9
51
61
20
0
0
0
0
0
0
0
0
0
0
0
0
0
15
181
225
202
228
237
163
0
0
0
0
0
0
0
0
0
0
0
0
0
106
249
229
226
255
255
241
86
2
0
0
0
0
0
0
0
0
0
10
119
251
163
39
38
90
168
253
252
95
0
0
0
0
0
0
0
0
38
196
225
86
6
0
0
0
4
49
231
196
13
0
0
0
0
0
0
39
206
242
65
0
0
0
0
0
0
0
157
203
15
0
0
0
0
0
3
177
233
71
0
0
0
0
0
0
0
0
150
242
28
0
0
0
0
0
94
247
78
0
0
0
0
0
0
0
0
0
146
255
38
0
0
0
0
16
206
187
11
0
0
0
0
0
0
0
0
0
175
227
23
0
0
0
0
19
217
89
0
0
0
0
0
0
0
0
0
55
242
118
0
0
0
0
0
10
189
118
0
0
0
0
0
0
0
0
50
218
212
21
0
0
0
0
0
0
140
215
29
0
0
0
0
0
0
63
207
254
98
0
0
0
0
0
0
0
50
227
213
111
64
29
50
114
153
248
209
76
0
0
0
0
0
0
0
0
0
58
164
222
218
197
231
255
193
109
28
0
0
0
0
0
0
0
0
0
0
0
3
21
27
57
77
57
11
0
0
0
0
0
0
0
0
0
0
0
0
0
0
0
0
0
0
0
0
0
0
0
0
0
0
0
0
0
0
0
0
0
0
0
0
0
0
0
0
0
0
0
0
0
0
0
0