0
0
0
0
0
0
0
0
0
0
0
0
0
0
0
0
0
0
0
0
0
0
0
0
0
0
0
0
0
0
0
0
0
0
0
0
0
0
0
0
0
0
0
0
0
0
0
0
0
0
0
13
35
36
36
36
14
0
0
0
0
0
0
0
0
0
0
0
0
0
64
182
255
255
255
255
144
0
0
0
0
0
0
0
0
0
0
0
0
43
205
255
234
165
165
169
122
8
0
0
0
0
0
0
0
0
0
0
27
191
255
188
32
0
1
1
2
0
0
0
0
0
0
0
0
0
0
0
121
255
208
55
0
0
0
0
0
0
0
0
0
0
0
0
0
0
0
81
239
252
96
0
0
0
0
0
0
0
0
0
0
0
0
0
0
0
32
196
255
242
176
155
95
6
0
0
0
0
0
0
0
0
0
0
0
5
135
255
255
255
243
221
245
129
21
0
0
0
0
0
0
0
0
0
0
61
237
255
215
134
45
13
184
255
128
0
0
0
0
0
0
0
0
0
0
19
118
108
32
0
0
28
213
255
98
0
0
0
0
0
0
0
0
0
0
0
0
0
0
0
0
131
255
236
47
0
0
0
0
0
0
0
0
22
82
2
0
0
0
0
70
235
255
154
11
0
0
0
0
0
0
0
7
161
222
33
0
0
36
136
224
255
159
21
0
0
0
0
0
0
0
0
8
155
253
215
162
186
248
255
243
158
14
0
0
0
0
0
0
0
0
0
0
10
146
255
255
255
235
145
72
6
0
0
0
0
0
0
0
0
0
0
0
0
8
36
36
37
28
0
0
0
0
0
0
0
0
0
0
0
0
0
0
0
0
0
0
0
0
0
0
0
0
0
0
0
0
0
0
0
0
0
0
0
0
0
0
0
0
0
0
0
0
0
0
0
0
0
0
0