0
0
0
0
0
0
0
0
0
0
0
0
0
0
0
0
0
0
0
0
0
0
0
0
0
0
0
0
0
0
0
0
0
0
0
0
0
0
0
0
0
0
0
0
0
0
0
0
0
0
0
0
0
0
0
0
0
0
0
0
0
0
0
0
0
0
0
0
0
0
0
0
0
0
0
0
0
0
0
0
0
0
0
0
0
0
0
0
74
188
181
64
0
0
0
0
0
0
0
0
0
0
0
0
0
0
0
75
233
218
209
209
25
55
31
0
0
0
0
0
0
0
0
0
0
0
41
218
145
18
32
178
66
245
118
0
0
0
0
0
0
0
0
0
0
0
122
213
8
0
74
217
205
189
21
0
0
0
0
0
0
0
0
0
0
0
157
202
0
76
215
255
255
124
0
0
0
0
0
0
0
0
0
0
0
0
83
224
154
233
253
248
220
18
0
0
0
0
0
0
0
0
0
0
0
0
9
202
198
178
94
215
163
0
0
0
0
0
0
0
0
0
0
0
0
0
37
93
0
0
75
241
56
0
0
0
0
0
0
0
0
0
0
0
0
0
7
0
0
0
166
226
22
0
0
0
0
0
0
0
0
0
0
0
0
0
0
0
0
2
180
189
11
0
0
0
0
0
0
0
0
0
0
0
0
0
0
0
0
2
182
130
0
0
0
0
0
0
0
0
0
0
0
0
0
0
0
0
0
5
216
107
0
0
0
0
0
0
0
0
0
0
0
0
0
0
0
0
0
7
228
105
0
0
28
2
0
0
0
0
0
0
0
0
0
0
0
0
0
1
173
220
150
131
54
0
0
0
0
0
0
0
0
0
0
0
0
0
0
0
54
150
137
29
0
0
0
0
0
0
0
0
0
0
0
0
0
0
0
0
0
0
0
0
0
0
0
0
0
0