0
0
0
0
0
0
0
0
0
0
0
0
0
0
0
0
0
0
0
0
0
0
0
0
0
0
0
0
0
0
0
0
0
0
0
0
0
0
0
0
0
0
0
0
0
0
0
0
0
0
0
0
0
0
0
0
0
0
0
0
0
0
0
0
0
0
0
38
111
111
91
13
0
0
0
0
0
0
0
0
0
0
0
0
0
0
39
198
255
255
255
188
80
0
0
0
0
0
0
0
0
0
0
0
0
0
126
255
246
196
250
255
238
86
1
0
0
0
0
0
0
0
0
0
0
0
126
255
187
16
102
214
255
219
33
0
0
0
0
0
0
0
0
0
0
10
175
253
89
0
0
120
255
252
101
0
0
0
0
0
0
0
0
0
0
49
232
210
11
0
0
37
206
255
196
1
0
0
0
0
0
0
0
0
0
84
255
193
0
0
0
0
149
255
241
55
0
0
0
0
0
0
0
0
0
65
251
197
0
0
0
0
81
255
253
92
0
0
0
0
0
0
0
0
0
24
204
202
0
0
0
0
45
255
252
91
0
0
0
0
0
0
0
0
0
27
207
199
0
0
0
0
45
255
252
91
0
0
0
0
0
0
0
0
0
23
199
221
28
0
0
0
56
255
253
93
0
0
0
0
0
0
0
0
0
0
146
255
146
0
0
7
147
255
236
47
0
0
0
0
0
0
0
0
0
0
90
231
246
159
71
179
255
223
106
0
0
0
0
0
0
0
0
0
0
0
0
77
248
255
255
255
205
55
7
0
0
0
0
0
0
0
0
0
0
0
0
0
74
206
191
97
28
0
0
0
0
0
0
0
0
0
0
0
0
0
0
0
0
0
0
0
0
0
0
0
0
0
0
0
0
0
0
0
0
0
0
0
0
0
0
0
0
0
0
0
0
0
0
0