0
0
0
0
0
0
0
0
0
0
0
0
0
0
0
0
0
0
0
0
0
0
0
0
0
0
0
0
0
0
0
0
0
0
0
0
0
0
0
0
0
0
0
0
0
0
0
0
4
7
29
33
8
0
0
0
0
0
0
0
0
0
0
0
0
0
28
88
157
171
239
249
176
80
0
0
0
0
0
0
0
0
0
0
0
0
146
255
255
255
244
244
255
220
38
0
0
0
0
0
0
0
0
0
0
0
107
199
135
48
3
47
234
243
53
0
0
0
0
0
0
0
0
0
0
0
3
14
0
0
63
158
253
217
34
0
0
0
0
0
0
0
0
0
0
0
0
0
0
96
237
255
250
87
0
0
0
0
0
0
0
0
0
0
0
0
0
0
124
236
255
217
108
2
0
0
0
0
0
0
0
0
0
0
0
32
95
172
251
255
255
165
50
18
0
0
0
0
0
0
0
0
0
1
115
225
255
255
255
255
255
255
248
204
59
0
0
0
0
0
0
0
0
9
177
255
222
143
105
108
122
171
244
255
198
54
0
0
0
0
0
0
0
0
22
78
28
0
0
0
0
0
99
255
255
108
0
0
0
0
0
0
0
0
0
0
0
0
0
0
0
10
149
255
206
35
0
0
0
0
0
0
0
5
95
125
122
80
12
17
90
171
255
255
127
0
0
0
0
0
0
0
0
10
196
255
255
254
243
246
255
255
253
174
22
0
0
0
0
0
0
0
0
3
64
128
197
215
255
224
224
152
88
24
0
0
0
0
0
0
0
0
0
0
0
0
16
22
37
24
24
3
0
0
0
0
0
0
0
0
0
0
0
0
0
0
0
0
0
0
0
0
0
0
0
0
0
0
0
0
0
0
0
0
0
0
0
0
0
0
0
0
0
0
0
0
0
0
0
0