0
0
0
0
0
0
0
0
0
0
0
0
0
0
0
0
0
0
0
0
0
0
0
0
0
0
0
0
0
0
0
0
0
0
0
0
0
0
0
0
0
0
0
0
0
0
0
0
0
0
0
13
32
4
0
0
0
0
0
0
0
0
0
0
0
0
0
0
0
0
0
137
250
77
0
0
0
0
0
0
0
0
0
0
0
0
0
0
0
0
19
191
249
74
0
0
0
0
0
0
0
0
0
0
0
0
0
0
0
0
64
255
175
4
0
0
0
0
0
0
0
0
0
0
0
0
0
0
0
0
70
255
160
0
0
0
0
0
0
0
0
0
0
0
0
0
0
0
0
0
75
255
114
0
0
0
0
0
0
0
0
0
0
0
0
0
0
0
0
0
155
244
26
0
0
0
0
0
0
0
0
0
0
0
0
0
0
0
0
93
243
240
30
0
0
0
0
0
0
0
0
0
0
0
0
0
0
0
0
163
255
191
13
0
0
0
0
0
0
0
0
0
0
0
0
0
0
0
25
200
255
119
0
0
0
0
0
0
0
0
0
0
0
0
0
0
0
0
74
239
252
107
0
0
0
0
0
0
0
0
0
0
0
0
0
0
0
0
140
255
212
30
0
0
0
0
0
0
0
0
0
0
0
0
0
0
0
19
206
255
165
0
0
0
0
0
0
0
0
0
0
0
0
0
0
0
0
24
223
253
79
0
0
0
0
0
0
0
0
0
0
0
0
0
0
0
0
24
226
237
49
0
0
0
0
0
0
0
0
0
0
0
0
0
0
0
0
3
32
29
2
0
0
0
0
0
0
0
0
0
0
0
0
0
0
0
0
0
0
0
0
0
0
0
0
0
0
0
0
0
0
0
0
0
0
0
0
0
0
0
0
0
0
0
0
0
0
0
0
0