0
0
0
0
0
0
0
0
0
0
0
0
0
0
0
0
0
0
0
0
0
0
0
0
0
0
0
0
0
0
0
0
0
0
0
0
0
0
0
0
0
0
0
0
0
0
0
0
0
0
0
0
0
0
0
0
0
0
0
0
0
0
0
0
0
0
0
0
0
23
76
1
0
24
20
0
0
0
0
0
0
0
0
0
0
0
0
0
2
168
185
0
0
131
168
2
0
0
0
0
0
0
0
0
0
0
0
0
68
244
115
0
16
209
207
5
0
0
0
0
0
0
0
0
0
0
0
8
174
239
22
0
56
255
163
0
0
0
0
0
0
0
0
0
0
0
0
131
255
130
0
0
108
255
125
0
0
0
0
0
0
0
0
0
0
0
50
246
206
24
0
9
196
254
64
0
0
0
0
0
0
0
0
0
0
1
162
255
104
0
0
43
241
230
43
0
0
0
0
0
0
0
0
0
0
77
250
236
102
90
95
157
255
224
40
0
0
0
0
0
0
0
0
0
0
153
255
255
255
255
255
255
255
202
27
0
0
0
0
0
0
0
0
0
0
92
219
235
217
210
249
255
189
27
0
0
0
0
0
0
0
0
0
0
0
0
10
44
7
27
235
255
82
0
0
0
0
0
0
0
0
0
0
0
0
0
0
0
0
89
255
211
21
0
0
0
0
0
0
0
0
0
0
0
0
0
0
0
4
194
255
110
0
0
0
0
0
0
0
0
0
0
0
0
0
0
0
0
66
244
212
35
0
0
0
0
0
0
0
0
0
0
0
0
0
0
0
0
110
220
69
0
0
0
0
0
0
0
0
0
0
0
0
0
0
0
0
0
0
0
0
0
0
0
0
0
0
0
0
0
0
0
0
0
0
0
0
0
0
0
0
0
0
0
0
0
0
0
0
0