0
0
0
0
0
0
0
0
0
0
0
0
0
0
0
0
0
0
0
0
0
0
0
0
0
0
0
0
0
0
0
0
0
0
0
0
0
0
0
0
0
0
0
0
0
0
0
0
0
0
0
7
5
0
0
0
0
0
0
0
0
0
0
0
0
0
0
0
32
79
125
172
161
101
32
0
0
0
0
0
0
0
0
0
0
0
8
108
213
247
255
255
255
255
202
76
0
0
0
0
0
0
0
0
0
50
184
253
255
255
230
146
147
251
255
223
66
0
0
0
0
0
0
0
9
188
255
255
232
114
51
0
2
114
232
255
197
13
0
0
0
0
0
9
152
254
255
220
36
0
0
0
0
0
117
253
233
31
0
0
0
0
0
36
219
255
204
71
0
0
0
0
0
0
0
137
255
117
0
0
0
0
0
37
218
250
86
0
0
0
0
0
0
0
0
67
255
208
0
0
0
0
0
90
255
234
58
0
0
0
0
0
0
0
0
108
255
206
0
0
0
0
0
111
255
249
102
0
0
0
0
0
0
0
41
220
255
130
0
0
0
0
0
65
242
255
216
93
7
9
0
0
9
57
195
255
243
55
0
0
0
0
0
20
153
255
255
247
178
173
96
111
179
245
255
255
189
13
0
0
0
0
0
0
17
159
255
255
255
255
255
255
255
255
255
201
40
0
0
0
0
0
0
0
0
4
122
198
212
246
250
251
201
124
87
7
0
0
0
0
0
0
0
0
0
0
1
7
31
79
83
84
25
0
0
0
0
0
0
0
0
0
0
0
0
0
0
0
0
0
0
0
0
0
0
0
0
0
0
0
0
0
0
0
0
0
0
0
0
0
0
0
0
0
0
0
0
0
0
0
0
0
0
0
0
0
0
0
0
0
0
0
0
0
0
0
0
0
0
0