0
0
0
0
0
0
0
0
0
0
0
0
0
0
0
0
0
0
0
0
0
0
0
0
0
0
0
0
0
0
0
0
0
0
0
0
0
0
0
0
0
0
0
0
0
0
0
0
0
0
0
0
0
0
0
0
0
0
0
0
0
0
0
0
0
0
0
0
0
0
0
0
0
0
0
0
0
0
0
0
0
0
0
0
0
0
0
0
0
15
87
146
118
15
0
0
0
0
0
0
0
0
0
0
0
0
0
27
126
217
186
127
225
121
0
0
0
0
0
0
0
0
0
0
0
0
74
206
200
92
10
46
177
51
0
0
0
0
0
0
0
0
0
0
0
60
231
154
13
0
0
89
80
0
0
0
0
0
0
0
0
0
0
0
0
162
200
9
0
0
73
202
218
18
0
0
0
0
0
0
0
0
0
0
2
187
152
0
19
134
198
194
204
2
0
0
0
0
0
0
0
0
0
0
0
148
215
129
192
163
17
144
190
0
0
0
0
0
0
0
0
0
0
0
0
34
151
166
73
1
0
166
198
0
0
0
0
0
0
0
0
0
0
0
0
0
0
3
0
0
23
202
157
0
0
0
0
0
0
0
0
0
0
0
0
0
0
0
0
0
13
189
137
0
0
0
0
0
0
0
0
0
0
0
0
0
0
0
0
0
11
186
104
0
0
0
0
0
0
0
0
0
0
0
0
0
0
0
0
0
18
195
138
0
0
0
0
0
0
0
0
0
0
0
0
0
0
0
0
0
20
199
152
0
0
0
0
0
0
0
0
0
0
0
0
0
0
0
0
0
2
175
244
59
0
0
0
0
0
0
0
0
0
0
0
0
0
0
0
0
0
74
140
29
0
0
0
0
0
0
0
0
0
0
0
0
0
0
0
0
0
0
0
0
0
0
0
0
0
0