0
0
0
0
0
0
0
0
0
0
0
0
0
0
0
0
0
0
0
0
0
0
0
0
0
0
0
0
0
0
0
0
0
0
0
0
0
0
0
0
0
0
0
0
0
0
0
0
0
0
0
0
0
0
0
0
0
0
0
0
0
0
0
0
0
0
0
0
0
0
0
0
0
0
0
0
0
0
0
0
0
0
0
0
0
0
0
0
1
7
16
8
0
0
0
0
0
0
0
0
0
0
0
0
0
10
67
154
169
151
208
89
0
0
28
21
0
0
0
0
0
0
0
0
2
148
255
232
142
58
27
0
25
88
195
104
0
0
0
0
0
0
0
0
121
250
143
27
0
0
18
119
219
240
237
42
0
0
0
0
0
0
0
6
210
216
12
0
27
100
226
212
113
206
127
0
0
0
0
0
0
0
0
0
116
242
195
183
211
221
97
30
127
236
50
0
0
0
0
0
0
0
0
0
0
88
173
171
109
24
0
0
225
177
7
0
0
0
0
0
0
0
0
0
0
0
0
0
0
0
0
46
231
101
0
0
0
0
0
0
0
0
0
0
0
0
0
0
0
0
0
150
245
51
0
0
0
0
0
0
0
0
0
0
0
0
0
0
0
0
22
205
188
0
0
0
0
0
0
0
0
0
0
0
0
0
0
0
0
0
99
255
63
0
0
0
0
0
0
0
0
0
0
0
0
0
0
0
0
3
187
210
15
0
0
0
0
0
0
0
0
0
0
0
0
0
0
0
0
37
233
103
0
0
0
0
0
0
0
0
0
0
0
0
0
0
0
0
0
57
236
111
5
0
0
0
0
0
0
0
0
0
0
0
0
0
0
0
0
34
211
192
26
0
0
0
0
0
0
0
0
0
0
0
0
0
0
0
0
0
37
22
1
0
0
0
0
0
0
0