0
0
0
0
0
0
0
0
0
0
0
0
0
0
0
0
0
0
0
0
0
0
0
0
0
0
0
0
0
0
0
0
0
0
0
0
0
0
0
0
0
0
0
0
0
0
0
0
0
0
0
0
0
0
0
0
0
0
0
0
0
0
0
0
0
0
0
0
0
0
0
34
81
111
113
80
0
0
0
0
0
0
0
0
0
0
0
0
0
18
130
217
248
255
255
246
119
6
0
0
0
0
0
0
0
0
0
0
0
146
255
209
113
40
35
224
207
17
0
0
0
0
0
0
0
0
0
0
31
206
206
28
0
0
73
236
155
4
0
0
0
0
0
0
0
0
0
0
38
230
188
0
18
125
243
191
23
0
0
0
0
0
0
0
0
0
0
0
0
155
231
139
200
248
142
16
0
0
0
0
0
0
0
0
0
0
0
0
0
122
255
255
209
62
0
0
0
0
0
0
0
0
0
0
0
0
0
14
128
242
255
194
19
0
0
0
0
0
0
0
0
0
0
0
0
0
25
176
255
139
181
180
8
0
0
0
0
0
0
0
0
0
0
0
0
47
211
249
115
0
159
181
9
0
0
0
0
0
0
0
0
0
0
0
17
193
252
84
0
0
159
165
3
0
0
0
0
0
0
0
0
0
0
0
80
253
120
0
0
5
185
132
0
0
0
0
0
0
0
0
0
0
0
0
104
255
100
1
22
136
230
58
0
0
0
0
0
0
0
0
0
0
0
0
64
245
223
184
208
240
104
0
0
0
0
0
0
0
0
0
0
0
0
0
0
48
159
233
185
65
0
0
0
0
0
0
0
0
0
0
0
0
0
0
0
0
0
0
0
0
0
0
0
0
0
0
0
0
0
0
0
0
0
0
0
0
0
0
0
0
0
0
0
0
0
0
0
0
0
0