0
0
0
0
0
0
0
0
0
0
0
0
0
0
0
0
0
0
0
0
0
0
0
0
0
0
0
0
0
0
0
0
0
0
0
0
0
0
0
0
0
0
0
0
0
0
17
18
0
12
0
0
0
0
0
0
0
0
0
0
0
0
0
0
0
0
149
209
146
191
146
91
12
0
0
0
0
0
0
0
0
0
0
0
0
40
217
255
195
134
199
231
193
86
4
0
0
0
0
0
0
0
0
0
0
131
255
113
4
0
3
46
165
252
133
0
0
0
0
0
0
0
0
0
0
41
93
14
0
0
0
0
0
126
241
75
0
0
0
0
0
0
0
0
0
0
0
0
0
0
0
0
0
0
192
192
8
0
0
0
0
0
0
0
0
0
0
0
0
0
0
0
0
0
112
203
16
0
0
0
0
0
0
0
0
0
0
0
0
0
0
0
0
0
156
208
16
0
0
0
0
0
0
0
0
0
0
0
23
6
0
0
0
28
219
185
9
0
0
0
0
0
0
0
0
48
155
156
203
178
117
36
0
121
251
83
0
0
0
0
0
0
0
0
71
228
184
105
103
167
229
224
171
241
157
4
0
0
0
0
0
0
0
22
209
195
6
0
0
0
107
248
255
242
46
0
0
0
0
0
0
0
0
64
239
137
75
115
113
169
226
208
158
235
108
0
0
0
0
0
0
0
0
42
203
225
196
211
203
167
131
29
0
149
248
51
0
0
0
0
0
0
0
0
42
55
13
29
19
0
0
0
0
33
212
76
0
0
0
0
0
0
0
0
0
0
0
0
0
0
0
0
0
0
23
11
0
0
0
0
0
0
0
0
0
0
0
0
0
0
0
0
0
0
0
0
0
0
0
0
0
0
0
0
0
0
0
0
0
0
0
0
0
0
0
0
0
0
0
0