0
0
0
0
0
0
0
0
0
0
0
0
0
0
0
0
0
0
0
0
0
0
0
0
0
0
0
0
0
0
0
0
0
0
0
0
0
0
0
0
0
0
0
0
0
0
0
0
0
0
0
0
0
0
0
0
0
0
0
0
0
0
0
0
0
0
0
0
0
0
0
33
63
62
97
71
9
0
0
0
0
0
0
0
0
0
0
0
0
1
115
216
234
218
183
212
131
0
0
0
0
0
0
0
0
0
0
0
0
116
254
163
80
44
0
66
223
53
0
0
0
0
0
0
0
0
0
0
38
220
133
1
0
0
69
178
217
73
0
0
0
0
0
0
0
0
0
0
139
230
23
0
0
102
238
169
40
0
0
0
0
0
0
0
0
0
0
12
196
122
0
0
75
247
140
2
0
0
0
0
0
0
0
0
0
0
0
12
194
141
0
50
226
174
6
0
0
0
0
0
0
0
0
0
0
0
0
4
163
229
85
219
161
21
0
0
0
0
0
0
0
0
0
0
0
0
0
0
122
255
250
157
6
0
0
0
0
0
0
0
0
0
0
0
0
0
0
10
152
255
155
5
0
0
0
0
0
0
0
0
0
0
0
0
0
0
33
184
255
248
47
0
0
0
0
0
0
0
0
0
0
0
0
0
0
21
186
204
171
248
39
0
0
0
0
0
0
0
0
0
0
0
0
0
0
152
216
32
129
233
8
0
0
0
0
0
0
0
0
0
0
0
0
0
3
195
232
153
230
162
0
0
0
0
0
0
0
0
0
0
0
0
0
0
0
41
179
229
152
23
0
0
0
0
0
0
0
0
0
0
0
0
0
0
0
0
0
0
0
0
0
0
0
0
0
0
0
0
0
0
0
0
0
0
0
0
0
0
0
0
0
0
0
0
0
0
0
0
0
0