0
0
0
0
0
0
0
0
0
0
0
0
0
0
0
0
0
0
0
0
0
0
0
0
0
0
0
0
0
0
0
0
0
0
0
0
0
0
0
0
0
0
0
0
0
0
0
0
0
0
0
0
0
0
0
0
0
0
0
0
0
0
0
0
0
0
0
0
0
34
88
111
106
66
5
0
0
0
0
0
0
0
0
0
0
0
0
0
102
214
249
255
255
238
128
0
0
0
0
0
0
0
0
0
0
0
0
96
241
159
71
35
90
173
255
86
1
0
0
0
0
0
0
0
0
0
59
228
114
0
0
0
0
18
128
215
123
7
0
0
0
0
0
0
0
36
221
142
0
0
0
0
0
0
0
129
252
55
0
0
0
0
0
0
0
122
188
10
0
0
0
0
0
0
0
10
188
69
0
0
0
0
0
0
9
191
64
0
0
0
0
0
0
0
0
0
169
70
0
0
0
0
0
0
39
182
30
0
0
0
0
0
0
0
0
8
143
45
0
0
0
0
0
0
106
127
0
0
0
0
0
0
0
0
0
50
108
2
0
0
0
0
0
2
177
84
0
0
0
0
0
0
0
0
0
140
88
0
0
0
0
0
0
6
191
80
0
0
0
0
0
0
0
0
65
167
16
0
0
0
0
0
0
5
202
178
8
0
0
0
0
0
0
60
210
84
0
0
0
0
0
0
0
1
163
255
174
47
19
0
24
45
118
214
87
0
0
0
0
0
0
0
0
0
25
160
251
229
198
168
175
195
194
103
4
0
0
0
0
0
0
0
0
0
0
6
82
138
182
208
57
33
14
0
0
0
0
0
0
0
0
0
0
0
0
0
0
0
0
0
0
0
0
0
0
0
0
0
0
0
0
0
0
0
0
0
0
0
0
0
0
0
0
0
0
0
0
0
0
0