0
0
0
0
0
0
0
0
0
0
0
0
0
0
0
0
0
0
0
0
0
0
0
0
0
0
0
0
0
0
0
0
0
0
0
0
0
0
0
0
0
0
0
0
0
0
0
0
0
0
12
37
35
11
0
0
0
0
0
0
0
0
0
0
0
0
0
0
9
124
187
255
254
182
56
0
0
0
0
0
0
0
0
0
0
0
0
61
193
254
255
253
253
255
216
32
0
0
0
0
0
0
0
0
0
0
107
234
255
253
251
254
254
253
255
145
8
0
0
0
0
0
0
0
0
66
227
255
179
88
83
118
239
255
255
235
60
0
0
0
0
0
0
0
7
180
255
210
21
0
0
0
99
245
255
234
62
0
0
0
0
0
0
0
87
255
239
94
0
0
0
0
1
155
255
236
64
0
0
0
0
0
0
6
184
255
119
0
0
0
0
0
0
91
255
188
9
0
0
0
0
0
0
86
246
241
61
0
0
0
0
0
0
91
255
173
0
0
0
0
0
0
3
158
255
156
0
0
0
0
0
0
1
155
255
131
0
0
0
0
0
0
2
156
255
85
0
0
0
0
0
0
100
248
250
52
0
0
0
0
0
0
2
156
255
124
0
0
0
0
6
94
243
255
148
10
0
0
0
0
0
0
2
155
255
238
127
62
26
113
195
237
255
184
12
0
0
0
0
0
0
0
0
57
212
255
255
238
215
252
255
255
186
60
0
0
0
0
0
0
0
0
0
0
57
155
223
255
255
255
230
154
24
0
0
0
0
0
0
0
0
0
0
0
0
2
24
37
36
37
27
1
0
0
0
0
0
0
0
0
0
0
0
0
0
0
0
0
0
0
0
0
0
0
0
0
0
0
0
0
0
0
0
0
0
0
0
0
0
0
0
0
0
0
0
0
0
0
0
0