0
0
0
0
0
0
0
0
0
0
0
0
0
0
0
0
0
0
0
0
0
0
0
0
0
0
0
0
0
0
0
0
0
0
0
0
0
0
0
0
0
0
0
0
0
0
0
0
0
0
0
0
0
0
0
0
0
0
0
0
0
0
0
0
0
0
0
0
0
0
17
61
88
112
131
139
133
66
0
0
0
0
0
0
0
0
0
0
0
75
202
241
255
255
255
255
255
161
0
0
0
0
0
0
0
0
0
0
53
224
255
210
190
184
138
101
68
18
0
0
0
0
0
0
0
0
0
10
184
255
203
24
0
0
0
0
0
0
0
0
0
0
0
0
0
0
5
141
255
238
83
0
0
0
0
0
0
0
0
0
0
0
0
0
0
16
138
253
255
217
125
127
96
28
0
0
0
0
0
0
0
0
0
0
0
142
255
255
255
255
254
255
255
178
18
0
0
0
0
0
0
0
0
0
1
168
255
221
169
96
44
48
172
253
119
0
0
0
0
0
0
0
0
0
0
57
90
40
0
0
0
0
139
255
208
5
0
0
0
0
0
0
0
29
180
107
0
0
0
0
0
44
225
255
104
0
0
0
0
0
0
0
0
92
255
163
21
0
0
0
60
214
255
198
27
0
0
0
0
0
0
0
0
36
203
255
215
148
130
178
237
255
227
69
0
0
0
0
0
0
0
0
0
0
46
178
236
255
255
255
225
154
60
0
0
0
0
0
0
0
0
0
0
0
0
0
53
119
139
115
37
10
0
0
0
0
0
0
0
0
0
0
0
0
0
0
0
0
0
0
0
0
0
0
0
0
0
0
0
0
0
0
0
0
0
0
0
0
0
0
0
0
0
0
0
0
0
0
0
0
0
0
0
0
0
0
0
0
0
0
0
0
0
0
0
0
0
0
0
0