0
0
0
0
0
0
0
0
0
0
0
0
0
0
0
0
0
0
0
0
0
0
0
0
0
0
0
0
0
0
0
0
0
0
0
0
0
0
0
0
0
0
0
0
0
0
0
0
0
0
0
0
0
0
0
0
0
0
0
0
0
0
0
0
0
0
0
0
0
24
93
109
110
93
30
0
0
0
0
0
0
0
0
0
0
0
0
0
19
166
255
255
255
255
198
20
0
0
0
0
0
0
0
0
0
0
0
0
19
152
254
254
255
254
250
34
0
0
0
0
0
0
0
0
0
0
0
0
107
247
255
241
182
253
245
33
0
0
0
0
0
0
0
0
0
0
0
82
239
255
240
98
83
255
245
33
0
0
0
0
0
0
0
0
0
0
34
207
255
255
170
0
84
255
245
34
0
0
0
0
0
0
0
0
0
0
141
255
244
140
59
0
121
255
247
33
0
0
0
0
0
0
0
0
0
63
229
245
101
0
0
6
198
255
160
3
0
0
0
0
0
0
0
0
0
160
255
196
0
0
0
106
255
223
48
0
0
0
0
0
0
0
0
0
30
236
254
135
0
0
63
230
255
173
16
0
0
0
0
0
0
0
0
0
35
250
216
21
0
49
209
255
190
21
0
0
0
0
0
0
0
0
0
0
35
247
233
49
59
217
255
227
61
0
0
0
0
0
0
0
0
0
0
0
16
206
255
245
249
255
234
70
0
0
0
0
0
0
0
0
0
0
0
0
0
123
255
255
255
218
80
7
0
0
0
0
0
0
0
0
0
0
0
0
0
16
94
167
162
50
0
0
0
0
0
0
0
0
0
0
0
0
0
0
0
0
0
0
0
0
0
0
0
0
0
0
0
0
0
0
0
0
0
0
0
0
0
0
0
0
0
0
0
0
0
0
0
0
0
0