0
0
0
0
0
0
0
0
0
0
0
0
0
0
0
0
0
0
0
0
0
0
0
0
0
0
0
0
0
0
0
0
0
0
0
0
0
0
0
0
0
0
0
0
0
0
0
0
0
0
0
0
0
0
0
0
0
0
0
0
0
0
0
0
0
0
0
0
0
0
0
0
0
0
0
0
0
0
0
0
0
0
0
0
0
0
0
0
0
53
143
185
185
144
38
0
0
0
0
0
0
0
0
0
0
0
0
0
62
229
255
255
255
255
225
24
0
0
0
0
0
0
0
0
0
0
0
22
185
255
255
219
161
219
255
127
0
0
0
0
0
0
0
0
0
0
0
115
255
245
116
47
20
79
250
178
1
0
0
0
0
0
0
0
0
0
15
212
255
166
52
204
199
28
111
88
2
0
0
0
0
0
0
0
0
0
30
227
255
223
229
255
244
72
0
0
0
0
0
0
0
0
0
0
0
0
0
118
255
255
255
254
243
79
0
0
0
0
0
0
0
0
0
0
0
0
0
12
163
249
253
255
222
19
0
0
0
0
0
0
0
0
0
0
0
0
0
0
58
238
255
255
132
0
0
0
0
0
0
0
0
0
0
0
0
0
0
0
125
251
255
218
33
0
0
0
0
0
0
0
0
0
0
0
0
0
0
31
244
254
255
120
0
0
0
0
0
0
0
0
0
0
0
0
0
0
2
147
255
255
175
12
0
0
0
0
0
0
0
0
0
0
0
0
0
0
30
231
255
249
83
0
0
0
0
0
0
0
0
0
0
0
0
0
0
0
20
207
255
176
2
0
0
0
0
0
0
0
0
0
0
0
0
0
0
0
0
51
143
41
0
0
0
0
0
0
0
0
0
0
0
0
0
0
0
0
0
0
0
0
0
0
0
0
0
0
0
0
0
0