0
0
0
0
0
0
0
0
0
0
0
0
0
0
0
0
0
0
0
0
0
0
0
0
0
0
0
0
0
0
0
0
0
0
0
0
0
0
0
0
0
0
0
0
0
0
0
0
0
0
0
0
0
0
0
0
0
0
0
0
0
0
0
0
0
0
0
0
0
0
0
0
0
0
0
0
0
0
0
0
0
0
0
0
0
0
0
0
0
0
0
0
0
0
0
0
0
0
0
0
0
0
0
0
0
0
0
0
0
0
0
12
30
61
135
164
93
1
0
0
0
0
0
0
0
0
0
2
53
105
141
180
211
254
255
255
251
32
0
0
0
0
0
0
9
49
128
202
243
255
255
255
246
228
250
255
188
14
0
0
0
0
0
46
188
251
255
255
208
162
162
133
55
87
253
245
68
0
0
0
0
0
7
174
255
237
142
90
30
0
0
0
73
213
232
113
12
0
0
0
0
0
1
81
105
32
0
0
0
0
0
49
239
253
93
0
0
0
0
0
0
0
0
0
0
0
0
0
0
0
29
197
237
91
1
0
0
0
0
0
0
0
0
0
0
0
0
0
0
0
110
253
200
10
0
0
0
0
0
0
0
0
0
0
0
0
0
0
0
62
238
221
63
0
0
0
0
0
0
0
0
0
0
0
0
0
0
0
37
197
241
95
0
0
0
0
0
0
0
0
0
0
0
0
0
0
1
67
219
180
43
0
0
0
0
0
0
0
0
0
0
0
0
0
0
0
72
234
199
24
0
0
0
0
0
0
0
0
0
0
0
0
0
0
0
46
237
243
45
0
0
0
0
0
0
0
0
0
0
0
0
0
0
0
0
11
111
115
22
0
0
0
0
0
0
0
0
0
0
0
0
0
0
0
0
0
0
0
0
0
0
0
0
0
0
0
0
0
0
0