0
0
0
0
0
0
0
0
0
0
0
0
0
0
0
0
0
0
0
0
0
0
0
0
0
0
0
0
0
0
0
0
0
0
0
0
0
0
0
0
0
0
0
0
0
0
0
0
0
0
0
0
0
0
0
0
0
0
0
0
0
0
0
0
0
0
0
0
0
0
0
0
0
0
0
0
0
0
0
0
0
0
0
0
0
0
0
4
15
15
2
0
0
0
0
0
0
0
0
0
0
0
0
0
0
0
79
196
215
210
176
36
0
0
0
0
0
0
0
0
0
0
0
0
0
108
227
134
43
35
130
177
31
0
0
0
0
0
0
0
0
0
0
0
9
210
96
0
0
0
0
180
194
2
0
0
0
0
0
0
0
0
0
0
8
208
87
0
0
0
40
208
213
4
0
0
0
0
0
0
0
0
0
0
0
147
221
57
7
74
215
255
151
0
0
0
0
0
0
0
0
0
0
0
0
27
180
252
245
219
193
239
122
0
0
0
0
0
0
0
0
0
0
0
0
0
18
92
100
40
36
219
146
0
0
0
0
0
0
0
0
0
0
0
0
0
0
0
0
0
17
196
119
0
0
0
0
0
0
0
0
0
0
0
0
0
0
0
0
0
38
223
134
0
0
0
0
0
0
0
0
0
0
0
0
0
0
0
0
0
26
206
168
0
0
0
0
0
0
0
0
0
0
0
0
0
0
0
0
0
0
165
217
1
0
0
0
0
0
0
0
0
0
0
0
0
0
0
0
0
0
142
238
27
0
0
0
0
0
0
0
0
0
0
0
0
0
0
0
0
0
105
235
48
0
0
0
0
0
0
0
0
0
0
0
0
0
0
0
0
0
86
221
65
0
0
0
0
0
0
0
0
0
0
0
0
0
0
0
0
0
17
46
9
0
0
0
0
0
0