0
0
0
0
0
0
0
0
0
0
0
0
0
0
0
0
0
0
0
0
0
0
0
0
0
0
0
0
0
0
0
0
0
0
0
0
0
0
0
0
0
0
0
0
0
0
0
0
89
223
157
38
0
0
0
0
0
0
0
0
0
0
0
0
0
0
0
40
209
255
236
70
0
0
0
0
0
0
0
0
0
0
0
0
0
0
0
116
255
255
143
0
0
0
0
0
0
0
0
0
0
0
0
0
0
0
34
226
255
219
50
0
0
0
0
0
0
0
0
0
0
0
0
0
0
0
90
248
255
141
0
0
0
0
0
0
0
0
0
0
0
0
0
0
0
15
179
255
239
62
0
0
0
51
128
153
81
0
0
0
0
0
0
0
0
66
248
255
165
0
0
32
140
240
255
255
235
59
0
0
0
0
0
0
0
117
255
238
74
0
83
216
255
255
255
251
255
141
0
0
0
0
0
0
3
189
255
175
1
138
252
255
255
198
129
223
228
41
0
0
0
0
0
0
4
192
255
170
97
252
255
214
122
20
92
240
136
2
0
0
0
0
0
0
1
170
255
229
230
255
238
83
11
133
246
228
53
0
0
0
0
0
0
0
0
93
255
254
255
231
173
116
201
255
249
104
15
0
0
0
0
0
0
0
0
14
171
255
254
240
251
255
255
235
133
0
0
0
0
0
0
0
0
0
0
0
37
206
255
225
210
190
150
39
0
0
0
0
0
0
0
0
0
0
0
0
0
41
94
48
28
1
0
0
0
0
0
0
0
0
0
0
0
0
0
0
0
0
0
0
0
0
0
0
0
0
0
0
0
0
0
0
0
0
0
0
0
0
0
0
0
0
0
0
0
0
0
0
0
0
0
0
0
0
0
0
0
0
0
0
0
0
0
0
0
0
0
0
0
0