0
0
0
0
0
0
0
0
0
0
0
0
0
0
0
0
0
0
0
0
0
0
0
0
0
0
0
0
0
0
0
0
0
0
0
0
0
0
0
0
0
0
0
0
0
0
0
0
0
0
5
22
38
37
11
0
0
0
0
0
0
0
0
0
0
0
2
25
59
98
171
217
242
255
87
0
0
0
0
0
0
0
0
0
0
34
170
211
228
224
149
86
64
144
43
0
0
0
0
0
0
0
0
0
3
187
214
105
52
32
0
0
0
5
0
0
0
0
0
0
0
0
0
0
5
224
99
0
0
0
0
0
0
0
0
0
0
0
0
0
0
0
0
0
29
235
97
0
0
0
0
0
0
0
0
0
0
0
0
0
0
0
0
2
159
255
185
105
92
71
91
67
30
0
0
0
0
0
0
0
0
0
0
15
187
226
191
199
222
224
212
216
213
149
38
0
0
0
0
0
0
0
0
0
18
12
3
3
16
35
8
28
87
180
226
61
0
0
0
0
0
0
0
0
0
0
0
0
0
0
0
0
0
10
131
200
23
0
0
0
0
0
0
0
0
0
0
0
0
0
0
0
0
0
20
231
103
0
0
0
0
0
0
9
0
0
0
0
0
0
0
0
0
0
0
156
152
0
0
0
0
0
0
87
142
46
7
0
0
0
0
0
0
0
11
205
129
0
0
0
0
0
0
5
105
197
201
106
59
56
57
49
50
104
206
250
75
0
0
0
0
0
0
0
0
26
115
193
207
231
226
242
243
233
170
76
3
0
0
0
0
0
0
0
0
0
0
12
26
34
32
40
39
27
5
0
0
0
0
0
0
0
0
0
0
0
0
0
0
0
0
0
0
0
0
0
0
0
0
0
0
0
0
0
0
0
0
0
0
0
0
0
0
0
0
0
0
0
0
0