0
0
0
0
0
0
0
0
0
0
0
0
0
0
0
0
0
0
0
0
0
0
0
0
0
0
0
0
0
0
0
0
0
0
0
0
0
0
0
0
0
0
0
0
0
0
0
0
0
0
0
0
0
0
0
0
0
0
0
0
0
0
0
0
0
0
0
0
22
86
114
84
27
0
0
0
0
0
0
0
0
0
0
0
0
0
12
81
202
231
251
247
180
86
15
0
0
0
0
0
0
0
0
0
66
124
132
47
67
13
6
118
255
221
38
0
0
0
0
0
0
0
0
0
143
245
152
97
28
0
0
41
223
169
39
0
0
0
0
0
0
0
0
0
13
116
184
235
174
63
32
159
221
27
4
0
0
0
0
0
0
0
0
0
0
0
0
62
135
224
222
230
115
0
0
0
0
0
0
0
0
0
0
0
0
0
0
0
30
217
255
255
141
2
0
0
0
0
0
0
0
0
0
0
0
0
15
84
93
116
136
177
250
174
24
0
0
0
0
0
0
0
0
0
0
33
185
195
40
0
0
9
170
222
83
3
0
0
0
0
0
0
0
0
0
161
219
44
0
0
0
0
49
217
209
32
0
0
0
0
0
0
0
0
34
238
87
0
0
0
0
0
22
226
255
103
0
0
0
0
0
0
0
0
97
253
108
0
0
0
0
0
20
201
254
53
0
0
0
0
0
0
0
0
56
222
226
129
27
22
24
65
207
254
152
3
0
0
0
0
0
0
0
0
0
47
77
190
216
201
206
235
187
96
21
0
0
0
0
0
0
0
0
0
0
0
0
18
95
139
134
137
28
0
0
0
0
0
0
0
0
0
0
0
0
0
0
0
0
0
0
0
0
0
0
0
0
0
0
0
0
0
0
0
0
0
0
0
0
0
0
0
0
0
0
0
0
0
0
0