0
0
0
0
0
0
0
0
0
0
0
0
0
0
0
0
0
0
0
0
0
0
0
0
0
0
0
0
0
0
0
0
0
0
0
0
0
0
0
0
0
0
0
0
0
0
0
0
0
8
20
32
25
0
0
0
0
0
0
0
0
0
0
0
0
0
0
6
84
181
206
248
211
20
0
0
0
0
0
0
0
0
0
0
0
0
0
67
228
125
73
122
221
42
0
0
0
0
0
0
0
0
0
0
0
0
0
103
176
0
0
98
203
25
0
0
0
0
0
0
0
0
0
0
0
0
0
83
208
16
20
205
95
0
0
0
0
0
0
0
0
0
0
0
0
0
0
27
209
125
169
173
6
0
0
0
0
0
0
0
0
0
0
0
0
0
0
0
106
255
232
55
0
0
0
0
0
0
0
0
0
0
0
0
0
0
0
0
124
255
201
5
0
0
0
0
0
0
0
0
0
0
0
0
0
0
0
81
230
127
232
137
0
0
0
0
0
0
0
0
0
0
0
0
0
0
15
194
112
0
112
248
60
0
0
0
0
0
0
0
0
0
0
0
0
0
92
199
11
0
10
187
201
16
0
0
0
0
0
0
0
0
0
0
0
6
182
143
0
0
0
60
230
99
0
0
0
0
0
0
0
0
0
0
0
12
187
168
0
0
0
0
162
179
8
0
0
0
0
0
0
0
0
0
0
0
58
215
146
55
53
81
221
175
12
0
0
0
0
0
0
0
0
0
0
0
0
64
170
230
193
199
135
39
0
0
0
0
0
0
0
0
0
0
0
0
0
0
6
33
23
19
0
0
0
0
0
0
0
0
0
0
0
0
0
0
0
0
0
0
0
0
0
0
0
0
0
0
0
0
0
0
0
0
0
0
0
0
0
0
0
0
0
0
0
0
0
0
0
0