0
0
0
0
0
0
0
0
0
0
0
0
0
0
0
0
0
0
0
0
0
0
0
0
0
0
0
0
0
0
0
0
0
0
0
0
0
0
0
0
0
0
0
0
0
0
0
0
0
0
0
0
0
0
0
0
0
0
0
0
0
0
0
0
0
0
0
0
0
0
0
0
0
0
0
0
0
0
0
0
0
0
0
0
0
0
0
2
27
37
37
89
152
113
30
0
0
0
0
0
0
0
0
0
0
0
55
186
232
242
245
255
231
254
183
3
0
0
0
0
0
0
0
0
0
49
224
255
255
255
217
104
134
255
189
3
0
0
0
0
0
0
0
0
0
156
255
255
244
157
28
0
197
255
119
0
0
0
0
0
0
0
0
0
0
119
255
255
172
0
0
72
245
232
42
0
0
0
0
0
0
0
0
0
0
35
221
255
199
114
28
185
255
151
9
0
0
0
0
0
0
0
0
0
0
0
106
252
157
6
71
241
241
45
0
0
0
0
0
0
0
0
0
0
0
0
0
120
246
153
208
255
156
7
0
0
0
0
0
0
0
0
0
0
0
0
0
0
116
249
255
255
52
0
0
0
0
0
0
0
0
0
0
0
0
0
0
0
3
196
255
255
171
47
0
0
0
0
0
0
0
0
0
0
0
0
0
0
70
247
207
86
239
188
22
0
0
0
0
0
0
0
0
0
0
0
0
0
111
255
147
94
254
205
24
0
0
0
0
0
0
0
0
0
0
0
0
0
149
255
219
245
240
81
0
0
0
0
0
0
0
0
0
0
0
0
0
0
113
255
255
203
51
0
0
0
0
0
0
0
0
0
0
0
0
0
0
0
38
138
105
12
0
0
0
0
0
0
0
0
0
0
0
0
0
0
0
0
0
0
0
0
0
0
0
0
0
0
0
0