0
0
0
0
0
0
0
0
0
0
0
0
0
0
0
0
0
0
0
0
0
0
0
0
0
0
0
0
0
0
0
0
0
0
0
0
0
0
0
0
0
0
0
0
0
0
0
0
0
0
0
0
0
7
32
6
0
0
0
0
0
0
0
0
0
0
0
0
0
0
0
0
0
95
251
64
0
0
0
0
0
0
0
0
0
0
0
0
0
0
0
0
10
191
248
51
0
0
0
0
0
0
0
0
0
0
0
44
114
12
0
0
102
255
128
0
0
0
0
0
0
0
0
0
0
0
0
137
244
49
0
0
220
216
37
0
0
0
0
0
0
0
0
0
0
0
22
218
206
25
0
79
251
138
0
0
0
0
0
0
0
0
0
0
0
0
114
255
115
0
0
170
255
108
0
0
0
0
0
0
0
0
0
0
0
19
198
243
43
0
50
228
255
159
0
0
0
0
0
0
0
0
0
0
0
50
239
238
98
112
191
255
255
169
1
0
0
0
0
0
0
0
0
0
0
33
205
255
255
255
255
255
217
77
0
0
0
0
0
0
0
0
0
0
0
1
27
87
115
189
255
175
25
0
0
0
0
0
0
0
0
0
0
0
0
0
0
0
23
208
237
57
0
0
0
0
0
0
0
0
0
0
0
0
0
0
0
0
137
255
115
0
0
0
0
0
0
0
0
0
0
0
0
0
0
0
0
80
251
204
9
0
0
0
0
0
0
0
0
0
0
0
0
0
0
0
0
156
255
84
0
0
0
0
0
0
0
0
0
0
0
0
0
0
0
0
0
23
32
2
0
0
0
0
0
0
0
0
0
0
0
0
0
0
0
0
0
0
0
0
0
0
0
0
0
0
0
0
0
0
0
0
0
0
0
0
0
0
0
0
0
0
0
0
0
0
0
0
0
0