0
0
0
0
0
0
0
0
0
0
0
0
0
0
0
0
0
0
0
0
0
0
0
0
0
0
0
0
0
0
0
0
0
0
0
0
0
0
0
0
0
0
0
0
0
0
0
0
0
0
0
28
183
78
0
0
0
0
0
0
0
0
0
0
0
0
0
0
0
0
1
147
232
58
0
0
0
0
0
0
0
0
0
0
0
0
0
0
0
0
110
255
155
0
0
0
0
0
0
0
0
0
0
0
0
0
0
0
0
38
244
255
136
0
0
0
0
0
0
0
0
0
0
0
0
0
0
0
0
44
250
237
59
0
0
0
0
0
0
0
0
0
0
0
0
0
0
0
0
120
255
180
6
0
0
0
0
0
0
0
0
0
0
0
0
0
0
0
20
197
255
96
0
0
0
0
0
0
0
0
0
0
0
0
0
0
0
0
111
255
214
67
49
14
0
0
0
0
0
0
0
0
0
0
0
0
0
40
237
255
255
252
255
219
63
0
0
0
0
0
0
0
0
0
0
0
0
126
255
252
186
151
111
214
161
0
0
0
0
0
0
0
0
0
0
0
14
210
255
104
4
2
84
227
121
0
0
0
0
0
0
0
0
0
0
0
46
237
250
117
121
166
245
137
10
0
0
0
0
0
0
0
0
0
0
0
26
231
253
241
254
211
107
2
0
0
0
0
0
0
0
0
0
0
0
0
0
162
218
106
48
11
0
0
0
0
0
0
0
0
0
0
0
0
0
0
0
23
112
51
0
0
0
0
0
0
0
0
0
0
0
0
0
0
0
0
0
0
0
0
0
0
0
0
0
0
0
0
0
0
0
0
0
0
0
0
0
0
0
0
0
0
0
0
0
0
0
0
0
0
0
0
0
0
0
0
0
0
0
0
0
0
0
0
0
0
0
0
0
0