0
0
0
0
0
0
0
0
0
0
0
0
0
0
0
0
0
0
0
0
0
0
0
0
0
0
0
43
117
35
0
0
0
0
0
0
0
0
0
0
0
0
0
0
0
0
0
90
255
214
13
0
0
0
0
0
0
0
0
0
0
0
0
0
0
0
0
146
255
187
4
0
0
0
0
0
0
0
0
0
0
0
0
0
0
1
119
253
240
77
0
0
0
0
0
0
0
0
0
0
0
0
0
0
0
21
201
255
155
0
0
0
0
0
0
0
0
0
0
0
0
0
0
0
0
133
250
222
45
0
0
0
0
0
0
0
0
0
0
0
0
0
0
0
46
237
255
150
0
0
0
0
19
30
3
0
0
0
0
0
0
0
0
0
97
255
252
57
0
0
12
110
206
241
161
73
1
0
0
0
0
0
0
0
95
254
245
29
0
0
139
255
255
255
255
234
60
0
0
0
0
0
0
0
98
255
245
28
0
16
238
255
249
250
255
249
84
0
0
0
0
0
0
0
68
247
251
60
0
30
243
255
234
229
255
220
40
0
0
0
0
0
0
0
1
148
255
206
25
11
181
255
251
248
255
160
4
0
0
0
0
0
0
0
0
50
233
255
214
167
209
255
254
255
203
23
0
0
0
0
0
0
0
0
0
0
58
195
255
255
255
255
255
230
60
0
0
0
0
0
0
0
0
0
0
0
0
11
63
92
171
162
142
51
0
0
0
0
0
0
0
0
0
0
0
0
0
0
0
0
0
0
0
0
0
0
0
0
0
0
0
0
0
0
0
0
0
0
0
0
0
0
0
0
0
0
0
0
0
0
0
0
0
0
0
0
0
0
0
0
0
0
0
0
0
0
0
0
0
0
0
0
0
0
0
0
0
0
0
0
0
0
0
0
0
0
0
0
0
0