0
0
0
0
0
0
0
0
0
0
0
0
0
0
0
0
0
0
0
0
0
0
0
0
0
0
0
0
0
0
0
0
0
0
0
0
0
0
0
0
0
0
0
0
0
0
0
0
0
0
0
0
0
0
0
0
0
0
0
0
0
0
0
0
0
0
0
0
0
0
0
0
0
0
0
0
0
0
0
0
0
0
0
0
0
0
0
3
12
12
3
0
0
0
0
0
0
0
0
0
0
0
0
0
0
4
91
199
242
236
186
84
11
0
0
0
0
0
0
0
0
0
0
0
0
112
246
151
88
105
254
255
59
0
0
0
0
0
0
0
0
0
0
0
3
181
154
0
0
38
252
193
20
0
0
0
0
0
0
0
0
0
0
0
12
203
67
0
0
57
255
155
0
0
0
0
0
0
0
0
0
0
0
0
14
234
93
0
28
187
255
223
39
0
0
0
0
0
0
0
0
0
0
0
1
177
181
72
188
189
127
255
108
0
0
0
0
0
0
0
0
0
0
0
0
67
226
239
169
30
24
214
209
27
0
0
0
0
0
0
0
0
0
0
0
0
43
35
9
0
0
109
255
128
0
0
0
0
0
0
0
0
0
0
0
0
0
0
0
0
0
36
231
201
22
0
0
0
0
0
0
0
0
0
0
0
0
0
0
0
0
0
165
236
48
0
0
0
0
0
0
0
0
0
0
0
0
0
0
0
0
0
107
255
96
0
0
0
0
0
0
0
0
0
0
0
0
0
0
0
0
0
90
255
97
0
0
0
0
0
0
0
0
0
0
0
0
0
0
0
0
0
27
225
187
4
0
0
0
0
0
0
0
0
0
0
0
0
0
0
0
0
0
137
212
9
0
0
0
0
0
0
0
0
0
0
0
0
0
0
0
0
0
19
32
0
0
0
0
0