0
0
0
0
0
0
0
0
0
0
0
0
0
0
0
0
0
0
0
0
0
0
0
0
0
0
0
0
0
0
0
0
0
0
0
0
0
0
0
0
0
0
0
0
0
0
0
0
0
0
0
0
0
0
0
0
0
0
0
0
0
0
0
0
0
0
0
0
0
0
0
0
0
88
36
0
0
0
0
0
0
0
0
0
0
0
0
0
0
2
19
72
169
255
179
5
0
0
0
0
0
0
0
0
0
0
0
0
0
37
83
112
234
255
114
0
0
0
0
0
0
0
0
0
6
21
0
13
142
131
7
144
255
228
43
0
0
0
0
0
0
0
0
0
2
6
0
10
90
46
138
254
255
170
12
0
0
0
0
0
0
0
0
0
0
0
0
0
0
9
200
255
190
29
0
0
0
0
0
0
0
0
0
0
0
0
0
0
0
105
253
252
73
0
0
0
0
0
0
0
0
0
0
0
0
0
0
0
50
225
255
152
5
0
0
0
0
0
0
0
0
0
0
0
0
0
0
6
167
255
226
42
0
0
0
0
0
0
0
0
0
0
0
0
0
0
0
17
213
255
124
0
0
0
0
0
0
0
0
0
0
0
0
0
0
0
0
90
245
223
30
0
0
0
0
0
0
0
0
0
0
0
0
0
0
0
12
216
252
88
0
0
0
0
0
0
0
0
0
0
0
0
0
0
0
0
67
248
208
25
0
0
0
0
0
0
0
0
0
0
0
0
0
0
0
0
131
255
165
4
0
0
0
0
0
0
0
0
0
0
0
0
0
0
0
0
60
191
53
0
0
0
0
0
0
0
0
0
0
0
0
0
0
0
0
0
0
0
0
0
0
0
0
0
0
0
0
0
0
0
0
0
0
0
0
0
0
0
0
0
0
0
0
0
0
0
0
0
0
0