0
0
0
0
0
0
0
0
0
0
0
0
0
0
0
0
0
0
0
0
0
0
0
0
0
0
0
0
0
0
0
0
0
0
0
0
0
0
0
0
0
0
0
0
0
0
0
0
0
0
0
0
0
0
0
30
13
0
0
0
0
0
0
0
0
63
45
0
0
0
0
0
0
0
33
235
94
0
0
0
0
0
0
0
18
216
183
18
0
0
0
0
0
0
138
255
90
0
0
0
0
0
0
0
44
247
255
85
0
0
0
0
0
34
217
255
91
0
0
0
0
0
0
0
109
253
255
88
0
0
0
0
0
56
232
249
80
0
0
0
0
0
0
0
153
255
250
72
0
0
0
0
0
104
255
212
29
0
0
0
0
0
0
22
206
255
176
8
0
0
0
0
0
129
255
183
10
0
0
0
0
0
0
39
217
255
121
0
0
0
0
1
19
159
255
222
58
0
0
0
0
0
0
89
252
255
164
51
95
93
109
177
216
253
255
194
29
0
0
0
0
0
0
91
254
254
248
229
255
255
255
255
237
225
255
95
0
0
0
0
0
0
0
93
255
253
255
255
255
255
252
168
42
109
254
122
0
0
0
0
0
0
0
48
218
255
228
193
198
152
90
9
0
55
234
137
0
0
0
0
0
0
0
0
43
131
71
18
23
1
0
0
0
35
219
138
0
0
0
0
0
0
0
0
0
0
0
0
0
0
0
0
0
0
186
141
0
0
0
0
0
0
0
0
0
0
0
0
0
0
0
0
0
0
189
144
0
0
0
0
0
0
0
0
0
0
0
0
0
0
0
0
0
0
26
20
0
0
0
0
0
0
0
0
0
0
0
0
0
0
0
0
0
0
0
0
0
0
0
0
0
0
0
0
0
0
0
0
0
0
0
0
0
0
0
0
0
0
0
0