0
0
0
0
0
0
0
0
0
0
0
0
0
0
0
0
0
0
0
0
0
0
0
0
0
0
0
0
0
0
0
0
0
0
0
0
0
0
0
0
0
0
0
0
0
0
0
0
0
0
0
0
0
0
0
0
0
0
0
0
0
0
0
0
0
0
0
0
0
0
0
0
0
0
0
0
0
0
0
0
0
0
0
0
0
0
0
0
0
0
9
68
116
169
66
0
0
0
0
0
0
0
0
0
0
0
0
0
38
144
221
253
231
245
212
11
0
0
0
0
0
0
0
0
0
0
0
68
222
255
171
88
50
109
250
103
0
0
0
0
0
0
0
0
0
0
92
238
229
95
6
0
0
97
255
195
5
0
0
0
0
0
0
0
0
17
195
209
35
0
0
29
108
230
255
146
0
0
0
0
0
0
0
0
0
30
214
198
71
108
164
208
250
255
216
30
0
0
0
0
0
0
0
0
0
0
109
225
224
225
197
170
180
255
140
0
0
0
0
0
0
0
0
0
0
0
2
45
53
48
0
77
237
213
37
0
0
0
0
0
0
0
0
0
0
0
0
0
0
0
82
233
237
71
0
0
0
0
0
0
0
0
0
0
0
0
0
0
16
135
255
218
69
0
0
0
0
0
0
0
0
0
0
0
0
0
0
15
142
255
203
55
0
0
0
0
0
0
0
0
0
0
0
0
0
0
20
187
255
164
20
0
0
0
0
0
0
0
0
0
0
0
0
0
0
41
181
255
143
22
0
0
0
0
0
0
0
0
0
0
0
0
0
0
0
137
255
132
1
0
0
0
0
0
0
0
0
0
0
0
0
0
0
0
0
84
111
4
0
0
0
0
0
0
0
0
0
0
0
0
0
0
0
0
0
0
0
0
0
0
0
0
0
0
0
0
0
0
0
0