0
0
0
0
0
0
0
0
0
0
0
0
0
0
0
0
0
0
0
0
0
0
0
0
0
0
0
0
0
0
0
67
99
0
0
0
0
0
0
0
0
0
0
0
0
0
0
0
0
0
21
208
203
0
0
0
0
0
0
0
0
0
0
0
0
0
0
0
0
0
125
255
106
0
0
0
0
0
0
0
0
0
0
0
0
0
0
0
0
33
240
201
23
0
0
0
0
0
0
0
0
0
0
0
0
0
0
0
0
120
251
94
0
0
0
0
0
0
0
0
0
0
0
0
0
0
0
0
33
219
181
5
0
0
0
0
0
0
0
0
0
0
0
0
0
0
0
0
120
243
57
0
0
0
0
0
0
0
0
0
0
0
0
0
0
0
0
42
236
154
0
0
0
0
0
0
0
0
0
0
0
0
0
0
0
0
0
152
227
39
0
2
3
0
0
0
0
0
0
0
0
0
0
0
0
0
0
223
178
10
30
183
190
57
0
0
0
0
0
0
0
0
0
0
0
0
41
215
58
0
123
255
255
207
31
0
0
0
0
0
0
0
0
0
0
0
63
213
26
0
150
189
132
255
68
0
0
0
0
0
0
0
0
0
0
0
20
220
119
27
100
232
214
203
26
0
0
0
0
0
0
0
0
0
0
0
0
115
240
216
214
255
255
104
0
0
0
0
0
0
0
0
0
0
0
0
0
0
63
133
186
185
106
2
0
0
0
0
0
0
0
0
0
0
0
0
0
0
0
0
0
0
0
0
0
0
0
0
0
0
0
0
0
0
0
0
0
0
0
0
0
0
0
0
0
0
0
0
0
0
0
0
0
0
0
0
0
0
0
0
0
0
0
0
0
0
0
0
0
0
0
0
0
0
0
0
0
0
0
0
0
0
0
0
0
0
0
0
0
0