0
0
0
0
0
0
0
0
0
0
0
0
0
0
0
0
0
0
0
0
0
0
0
0
0
0
0
0
0
0
0
0
0
0
0
0
0
0
0
0
0
0
0
0
0
0
0
0
0
0
0
0
0
0
0
0
0
0
0
0
0
0
0
0
0
0
0
0
0
0
0
0
0
0
0
0
0
0
0
0
0
0
10
35
105
190
191
191
163
85
7
0
0
0
0
0
0
0
0
0
0
0
216
239
212
184
187
223
228
248
184
23
0
0
0
0
0
0
0
0
0
0
89
76
33
0
0
31
52
200
246
69
0
0
0
0
0
0
0
0
0
0
0
0
0
0
0
26
173
250
175
14
0
0
0
0
0
0
0
0
0
0
0
0
0
0
0
140
255
255
237
157
45
0
0
0
0
0
0
0
0
0
0
0
0
0
0
43
75
91
171
247
226
82
0
0
0
0
0
0
0
0
0
0
0
0
0
0
0
0
2
59
213
230
85
0
0
0
0
0
0
0
0
0
0
0
0
0
0
0
0
0
40
191
238
82
0
0
0
0
0
0
0
0
0
0
0
0
0
0
0
0
0
37
223
189
0
0
0
0
0
0
0
0
0
0
0
0
0
0
0
0
0
0
121
224
44
0
0
0
0
0
0
0
0
0
0
0
0
0
0
0
0
0
85
235
67
0
0
0
0
0
0
0
0
0
0
0
6
3
0
0
0
0
93
226
52
0
0
0
0
0
0
0
0
0
0
0
82
148
67
66
61
89
210
199
4
0
0
0
0
0
0
0
0
0
0
0
16
144
207
202
212
229
196
67
0
0
0
0
0
0
0
0
0
0
0
0
0
0
0
0
34
46
0
0
0
0
0
0
0
0
0
0
0
0
0
0
0
0
0
0
0
0
0
0
0
0
0
0