0
0
0
0
0
0
0
0
0
0
0
0
0
0
0
0
0
0
0
0
0
0
0
0
0
0
0
0
0
0
0
0
0
0
0
0
0
0
0
0
0
0
0
0
0
0
0
0
0
0
0
0
0
0
0
0
0
0
0
0
0
0
0
0
0
29
71
104
81
51
18
0
0
0
0
0
0
0
0
0
0
0
0
0
84
218
245
240
229
226
209
170
108
6
0
0
0
0
0
0
0
0
0
0
39
188
180
23
24
94
132
175
245
152
9
0
0
0
0
0
0
0
0
0
0
13
23
0
0
0
0
68
245
188
11
0
0
0
0
0
0
0
0
0
0
0
0
3
21
65
190
249
230
67
0
0
0
0
0
0
0
0
0
0
0
0
73
164
222
255
255
222
101
2
0
0
0
0
0
0
0
0
0
0
0
0
170
255
255
255
255
232
216
183
98
66
15
0
0
0
0
0
0
0
0
0
68
156
157
149
111
143
161
181
243
254
150
5
0
0
0
0
0
0
0
0
0
0
0
0
0
0
0
22
213
255
148
2
0
0
0
0
0
0
0
0
0
0
0
0
0
8
74
200
255
204
25
0
0
0
0
0
0
0
0
0
0
0
0
29
107
183
255
255
162
51
0
0
0
0
0
0
0
0
0
0
4
64
147
216
255
255
175
85
1
0
0
0
0
0
0
0
0
0
0
85
187
251
255
242
180
73
2
0
0
0
0
0
0
0
0
0
0
0
2
184
255
237
121
61
5
0
0
0
0
0
0
0
0
0
0
0
0
0
0
113
156
37
0
0
0
0
0
0
0
0
0
0
0
0
0
0
0
0
0
0
0
0
0
0
0
0
0
0
0
0
0
0
0
0
0
0
0
0
0
0
0
0
0
0
0
0
0
0
0
0
0
0
0
0