0
0
0
0
0
0
0
0
0
0
0
0
0
0
0
0
0
0
0
0
0
0
0
0
0
0
0
0
0
0
0
0
0
0
0
0
0
0
0
0
0
0
0
0
0
0
0
0
0
0
0
0
0
0
0
0
0
0
0
0
0
0
0
0
0
0
0
0
0
0
0
0
0
0
0
0
0
0
0
0
0
0
0
0
0
0
0
6
10
10
8
1
0
0
0
0
0
0
0
0
0
0
0
0
0
0
58
219
246
246
226
163
145
106
59
0
0
0
0
0
0
0
0
0
0
15
186
255
254
254
255
255
255
255
210
4
0
0
0
0
0
0
0
0
0
0
145
255
255
255
255
255
252
255
231
17
0
0
0
0
0
0
0
0
0
0
121
255
203
159
159
213
255
254
250
79
0
0
0
0
0
0
0
0
0
0
33
89
30
0
0
132
255
255
247
61
0
0
0
0
0
0
0
0
0
0
0
0
0
0
60
226
255
255
166
2
0
0
0
0
0
0
0
0
0
0
0
0
0
50
208
255
255
244
55
0
0
0
0
0
0
0
0
0
0
0
0
0
19
173
255
255
255
149
13
0
0
0
0
0
0
0
0
0
0
0
0
0
132
255
255
248
160
13
0
0
0
0
0
0
0
0
0
0
0
0
5
133
239
255
250
126
8
0
0
0
0
0
0
0
0
0
0
0
0
0
106
255
255
255
168
7
0
0
0
0
0
0
0
0
0
0
0
0
0
0
131
255
255
215
30
0
0
0
0
0
0
0
0
0
0
0
0
0
0
0
132
255
235
74
0
0
0
0
0
0
0
0
0
0
0
0
0
0
0
0
117
255
137
0
0
0
0
0
0
0
0
0
0
0
0
0
0
0
0
0
23
66
23
0
0
0
0
0
0
0
0
0
0
0