0
0
0
0
0
0
0
0
0
0
0
0
0
0
0
0
0
0
0
0
0
0
0
0
0
0
0
0
0
0
0
0
0
0
0
0
0
0
0
0
0
0
0
0
0
0
2
11
10
10
0
0
0
0
0
0
0
0
0
0
0
0
0
0
0
61
155
181
179
180
141
51
0
0
0
0
0
0
0
0
0
0
0
0
44
226
255
255
254
255
255
231
143
13
0
0
0
0
0
0
0
0
0
1
127
255
235
100
44
110
186
255
255
169
18
0
0
0
0
0
0
0
0
37
219
255
117
0
0
0
17
120
247
255
168
12
0
0
0
0
0
0
0
78
247
251
80
0
0
0
0
0
127
255
255
167
20
0
0
0
0
0
0
109
255
230
57
0
0
0
0
0
1
120
239
255
139
0
0
0
0
0
0
108
255
201
16
0
0
0
0
0
0
0
148
255
218
39
0
0
0
0
0
110
255
201
16
0
0
0
0
0
0
0
41
231
255
157
0
0
0
0
0
88
255
232
55
0
0
0
0
0
0
0
1
204
255
220
0
0
0
0
0
44
226
255
162
18
0
0
0
0
0
0
7
207
255
222
0
0
0
0
0
9
145
255
255
203
84
23
27
2
0
34
133
241
255
172
0
0
0
0
0
0
9
152
255
255
240
208
209
166
153
218
255
255
183
28
0
0
0
0
0
0
0
12
123
213
251
255
255
255
255
255
232
122
16
0
0
0
0
0
0
0
0
0
0
31
78
151
179
174
108
99
56
0
0
0
0
0
0
0
0
0
0
0
0
0
0
2
10
8
0
0
0
0
0
0
0
0
0
0
0
0
0
0
0
0
0
0
0
0
0
0
0
0
0
0
0
0
0
0
0
0
0
0
0
0
0
0
0
0
0
0
0
0
0
0
0
0