0
0
0
0
0
0
0
0
0
0
0
0
0
0
0
0
0
0
0
0
0
0
0
0
0
0
0
0
0
0
0
0
0
0
0
0
0
0
0
0
0
0
0
0
0
0
0
0
0
0
0
0
0
0
0
0
0
0
0
0
0
0
0
0
0
0
0
0
0
0
0
0
0
0
0
0
0
0
0
0
0
0
0
0
0
0
0
0
0
0
0
5
32
112
82
0
0
0
0
0
0
0
0
0
0
0
0
22
78
92
129
223
225
255
218
81
5
0
0
0
0
0
0
0
0
0
35
186
248
255
255
254
253
251
255
248
111
0
0
0
0
0
0
0
0
37
206
255
224
251
253
255
255
255
255
255
255
76
0
0
0
0
0
0
34
154
255
251
228
250
255
222
162
159
160
159
220
90
0
0
0
0
0
0
111
255
255
176
196
255
187
69
0
0
0
0
122
93
0
0
0
0
0
81
231
251
145
5
23
149
46
0
0
0
0
45
228
152
0
0
0
0
0
111
255
135
4
0
0
0
0
0
0
0
55
168
255
85
0
0
0
0
0
109
255
43
0
0
0
0
0
0
45
55
196
255
240
67
0
0
0
0
0
108
255
184
131
125
69
37
70
70
212
255
175
144
96
0
0
0
0
0
0
107
255
255
252
252
240
217
242
249
255
255
162
41
0
0
0
0
0
0
0
32
136
244
255
255
255
255
253
215
164
83
31
0
0
0
0
0
0
0
0
0
0
88
171
189
113
88
86
30
0
0
0
0
0
0
0
0
0
0
0
0
0
0
9
14
0
0
0
0
0
0
0
0
0
0
0
0
0
0
0
0
0
0
0
0
0
0
0
0
0
0
0
0
0
0
0
0
0
0
0
0
0
0
0
0
0
0
0
0
0
0
0
0
0
0
0
0