0
0
0
0
0
0
0
0
0
0
0
0
0
0
0
0
0
0
0
0
0
0
0
0
0
0
0
0
0
0
0
0
0
0
0
0
0
0
0
0
0
0
0
0
0
0
0
1
78
169
177
138
41
0
0
0
0
0
0
0
0
0
0
0
0
0
0
31
246
255
255
255
237
89
1
0
0
0
0
0
0
0
0
0
0
0
0
5
72
73
100
136
237
222
34
0
0
0
0
0
0
0
0
0
0
0
0
0
0
0
0
0
73
242
83
0
0
0
0
0
0
0
0
0
0
0
0
0
0
0
0
0
75
222
61
0
0
0
0
0
0
0
0
0
0
0
0
0
0
87
172
158
238
196
23
0
0
0
0
0
0
0
0
0
0
0
0
0
4
206
255
255
255
145
0
0
0
0
0
0
0
0
0
0
0
0
0
0
0
56
153
152
213
208
31
0
0
0
0
0
0
0
0
0
0
0
0
0
0
0
0
0
41
203
46
0
0
0
0
0
0
0
0
9
60
3
0
0
0
0
0
0
88
226
43
0
0
0
0
0
0
0
0
59
189
11
0
0
0
0
0
78
234
211
29
0
0
0
0
0
0
0
0
67
235
141
35
0
0
2
87
222
255
104
0
0
0
0
0
0
0
0
0
23
189
255
214
160
157
184
245
251
121
7
0
0
0
0
0
0
0
0
0
0
38
193
255
255
255
239
192
84
0
0
0
0
0
0
0
0
0
0
0
0
0
8
87
112
98
57
11
0
0
0
0
0
0
0
0
0
0
0
0
0
0
0
0
0
0
0
0
0
0
0
0
0
0
0
0
0
0
0
0
0
0
0
0
0
0
0
0
0
0
0
0
0
0
0
0
0
0
0
0
0
0
0
0
0
0
0
0
0
0
0
0
0
0
0
0
0