0
0
0
0
0
0
0
0
0
0
0
0
0
0
0
0
0
0
0
0
0
0
0
0
0
0
0
0
0
0
0
0
0
0
0
0
0
0
0
0
0
0
0
0
0
0
0
0
0
0
0
0
0
0
0
0
0
0
0
0
0
0
0
0
0
0
0
0
0
0
0
0
0
0
0
0
0
0
0
0
0
0
0
0
0
0
0
0
0
0
0
0
0
0
0
0
0
0
0
0
0
0
0
0
0
0
0
36
77
35
17
0
0
0
0
0
0
0
0
0
0
0
0
0
0
0
0
122
245
208
162
14
0
0
0
0
0
0
0
0
0
0
0
0
0
0
0
17
42
82
239
92
0
0
0
0
0
8
8
0
0
0
0
0
0
0
0
0
0
0
216
135
0
0
3
61
103
181
96
0
0
0
0
0
0
0
0
0
0
5
209
177
117
136
184
231
220
157
45
0
0
0
0
0
0
36
74
82
108
160
249
252
216
178
128
55
5
0
0
0
0
0
0
0
57
213
215
196
221
255
234
105
27
7
0
0
0
0
0
0
0
0
0
0
147
174
49
83
214
251
126
0
0
0
0
0
0
0
0
0
0
0
0
0
89
229
233
238
179
88
0
0
0
0
0
0
0
0
0
0
0
0
0
0
12
71
87
54
11
0
0
0
0
0
0
0
0
0
0
0
0
0
0
0
0
0
0
0
0
0
0
0
0
0
0
0
0
0
0
0
0
0
0
0
0
0
0
0
0
0
0
0
0
0
0
0
0
0
0
0
0
0
0
0
0
0
0
0
0
0
0
0
0
0
0
0
0
0
0
0
0
0
0
0
0
0
0
0
0
0
0
0
0
0
0
0
0
0
0
0
0
0
0
0
0
0
0
0
0
0
0
0
0
0
0
0
0
0
0
0