0
0
0
0
0
0
0
0
0
0
0
0
0
0
0
0
0
0
0
0
0
0
0
0
0
0
0
0
0
0
0
0
0
0
0
0
0
0
0
0
0
0
0
0
0
0
0
0
0
0
0
0
0
0
0
0
0
0
0
0
0
0
0
0
0
0
0
0
0
0
0
0
48
98
26
0
0
0
0
0
0
0
0
0
0
0
0
0
0
0
0
4
184
255
116
0
0
0
0
0
0
0
0
0
0
0
33
61
0
0
0
86
247
255
183
3
0
0
0
0
0
0
0
0
0
0
143
218
11
0
0
135
255
255
138
0
0
0
0
0
0
0
0
0
0
26
204
255
116
0
26
203
255
251
82
0
0
0
0
0
0
0
0
0
0
30
209
255
153
0
71
255
255
172
9
0
0
0
0
0
0
0
0
0
0
79
247
255
137
24
179
255
255
158
24
81
21
0
0
0
0
0
0
0
5
203
255
253
237
234
255
252
252
251
239
212
36
0
0
0
0
0
0
0
7
217
255
253
255
255
252
253
255
255
255
220
36
0
0
0
0
0
0
0
4
192
255
251
223
242
253
255
139
63
69
57
9
0
0
0
0
0
0
0
0
26
123
100
52
211
255
212
25
0
0
0
0
0
0
0
0
0
0
0
0
0
0
0
62
235
255
159
2
0
0
0
0
0
0
0
0
0
0
0
0
0
0
0
119
255
255
135
0
0
0
0
0
0
0
0
0
0
0
0
0
0
0
8
175
255
218
34
0
0
0
0
0
0
0
0
0
0
0
0
0
0
0
0
98
220
131
0
0
0
0
0
0
0
0
0
0
0
0
0
0
0
0
0
0
0
0
0
0
0
0
0
0
0
0
0
0
0
0
0
0
0
0
0
0
0
0
0
0
0
0
0
0
0
0
0