0
0
0
0
0
0
0
0
0
0
0
0
0
0
0
0
0
0
0
0
0
0
0
0
0
0
0
0
0
0
0
0
0
0
0
0
0
0
0
0
0
0
0
0
0
0
0
5
37
34
18
0
0
0
0
0
0
0
0
0
0
0
0
0
0
0
0
46
245
241
212
128
37
0
0
0
0
0
0
0
0
0
0
0
0
0
0
16
60
63
137
222
213
49
0
0
0
0
0
0
0
0
0
0
0
0
0
0
0
0
0
47
218
92
0
0
0
0
0
0
0
0
0
0
0
0
0
0
0
0
0
15
208
111
0
0
0
0
0
0
0
0
0
0
0
0
0
0
0
0
1
124
206
19
0
0
0
0
0
0
0
0
0
0
0
0
0
0
20
45
159
220
78
0
0
0
0
0
0
0
0
0
0
0
0
0
0
16
176
230
248
93
0
0
0
0
0
0
0
0
0
0
0
0
0
0
0
0
81
109
183
186
11
0
0
0
0
0
0
0
0
0
0
0
0
0
0
0
0
0
54
222
42
0
0
0
0
0
0
0
0
0
0
0
0
7
0
0
0
0
36
214
55
0
0
0
0
0
0
0
0
0
0
0
30
150
25
0
0
0
72
228
26
0
0
0
0
0
0
0
0
0
0
0
17
207
130
0
0
20
183
189
11
0
0
0
0
0
0
0
0
0
0
0
0
91
228
139
56
178
224
61
0
0
0
0
0
0
0
0
0
0
0
0
0
0
70
173
201
176
48
0
0
0
0
0
0
0
0
0
0
0
0
0
0
0
0
8
26
9
0
0
0
0
0
0
0
0
0
0
0
0
0
0
0
0
0
0
0
0
0
0
0
0
0
0
0
0
0
0
0
0
0
0
0
0
0
0
0
0
0
0
0
0
0
0
0
0
0
0