0
0
0
0
0
0
0
0
0
0
0
0
0
0
0
0
0
0
0
0
0
0
0
0
0
0
0
0
0
0
0
0
0
0
0
0
0
0
0
0
0
0
0
0
0
0
0
0
0
0
0
22
17
0
0
0
0
0
0
0
0
0
0
0
0
0
0
0
0
7
66
214
194
25
0
0
0
0
0
0
0
0
0
0
0
0
0
0
62
186
234
237
248
137
0
0
0
0
0
0
0
0
0
0
0
0
0
77
250
216
101
22
72
187
94
7
0
0
0
0
0
0
0
0
0
0
0
204
232
57
0
0
0
133
250
44
0
0
0
0
0
0
0
0
0
0
0
170
226
41
0
0
7
183
231
23
0
0
0
0
0
0
0
0
0
0
0
83
255
174
13
0
99
242
119
0
0
0
0
0
0
0
0
0
0
0
0
13
169
255
120
60
239
201
20
0
0
0
0
0
0
0
0
0
0
0
0
0
8
173
255
253
210
39
0
0
0
0
0
0
0
0
0
0
0
0
0
0
21
176
255
255
75
0
0
0
0
0
0
0
0
0
0
0
0
0
0
58
208
251
216
255
78
0
0
0
0
0
0
0
0
0
0
0
0
0
38
223
255
154
30
200
211
6
0
0
0
0
0
0
0
0
0
0
0
0
127
241
140
12
0
164
244
38
0
0
0
0
0
0
0
0
0
0
0
13
189
209
37
38
90
221
186
0
0
0
0
0
0
0
0
0
0
0
0
0
82
221
230
231
255
184
41
0
0
0
0
0
0
0
0
0
0
0
0
0
1
26
41
40
34
10
0
0
0
0
0
0
0
0
0
0
0
0
0
0
0
0
0
0
0
0
0
0
0
0
0
0
0
0
0
0
0
0
0
0
0
0
0
0
0
0
0
0
0
0
0
0
0
0