0
0
0
0
0
0
0
0
0
0
0
0
0
0
0
0
0
0
0
0
0
0
0
0
0
0
0
0
0
0
0
0
0
0
0
0
0
0
0
0
0
0
0
0
0
0
0
0
0
0
0
0
0
0
0
0
0
0
0
0
0
0
0
0
0
0
0
6
26
91
110
108
108
110
66
8
0
0
0
0
0
0
0
0
0
0
19
147
210
253
255
255
255
255
239
158
19
0
0
0
0
0
0
0
0
77
203
251
255
253
251
251
251
255
255
255
169
22
0
0
0
0
0
0
19
203
255
255
234
242
255
255
248
197
224
255
255
77
0
0
0
0
0
6
147
252
253
157
65
135
241
143
88
16
52
153
255
76
0
0
0
0
0
26
211
254
140
8
0
11
77
0
0
0
0
79
255
76
0
0
0
0
0
91
255
196
7
0
0
0
0
0
0
0
0
85
255
77
0
0
0
0
0
113
255
84
0
0
0
0
0
0
0
0
36
201
255
75
0
0
0
0
0
86
244
61
0
0
0
0
0
0
0
43
200
255
205
31
0
0
0
0
0
22
199
66
0
0
0
0
0
1
110
207
255
240
94
0
0
0
0
0
0
16
202
132
0
0
0
6
59
164
246
252
222
94
0
0
0
0
0
0
0
17
210
232
91
10
54
158
228
255
255
222
66
0
0
0
0
0
0
0
0
9
159
255
245
216
232
255
255
255
197
91
0
0
0
0
0
0
0
0
0
0
19
169
255
255
255
255
236
147
24
0
0
0
0
0
0
0
0
0
0
0
0
57
217
217
200
103
54
2
0
0
0
0
0
0
0
0
0
0
0
0
0
0
0
0
0
0
0
0
0
0
0
0
0
0
0
0
0
0
0
0
0
0
0
0
0
0
0
0
0
0
0
0
0
0
0
0