0
0
0
0
0
0
0
0
0
0
0
0
0
0
0
0
0
0
0
0
0
0
0
0
0
0
0
0
0
0
0
0
0
0
0
0
0
0
0
0
0
0
0
0
0
0
0
0
0
0
0
0
16
18
0
0
0
0
0
0
0
0
0
0
0
0
0
0
0
0
0
0
117
164
0
0
0
0
0
0
0
0
0
0
0
0
0
0
0
0
0
0
112
224
38
0
0
0
0
0
0
0
0
0
0
0
0
0
0
0
0
0
107
255
85
0
0
0
0
0
0
0
0
0
0
0
2
97
14
0
0
0
106
255
101
0
0
0
0
0
0
0
0
0
0
0
2
194
50
0
0
0
105
255
99
0
0
0
0
0
0
0
0
0
0
0
25
238
156
0
0
0
122
251
68
0
0
0
0
0
0
0
0
0
0
0
80
248
120
0
0
0
182
202
21
0
0
0
0
0
0
0
0
0
0
9
181
246
100
34
0
36
237
181
9
0
0
0
0
0
0
0
0
0
0
104
245
255
255
224
164
195
254
117
0
0
0
0
0
0
0
0
0
0
1
168
243
150
76
108
181
255
235
55
0
0
0
0
0
0
0
0
0
0
0
47
50
0
0
0
43
237
171
0
0
0
0
0
0
0
0
0
0
0
0
0
0
0
0
0
66
255
123
0
0
0
0
0
0
0
0
0
0
0
0
0
0
0
0
15
173
249
53
0
0
0
0
0
0
0
0
0
0
0
0
0
0
0
0
50
255
181
8
0
0
0
0
0
0
0
0
0
0
0
0
0
0
0
0
6
37
20
0
0
0
0
0
0
0
0
0
0
0
0
0
0
0
0
0
0
0
0
0
0
0
0
0
0
0
0
0
0
0
0
0
0
0
0
0
0
0
0
0
0
0
0
0
0
0
0