0
0
0
0
0
0
0
0
0
0
0
0
0
0
0
0
0
0
0
0
0
0
0
0
0
0
0
0
0
0
0
0
0
0
0
0
0
0
0
0
0
0
0
0
0
0
0
0
0
0
0
0
12
2
0
0
0
0
0
0
0
0
0
0
0
0
0
0
0
0
21
132
189
79
0
0
0
0
0
0
0
0
0
0
0
0
0
0
0
44
206
255
255
228
131
13
0
0
0
0
0
0
0
0
0
0
0
0
33
199
255
188
154
255
255
178
23
0
0
0
0
0
0
0
0
0
0
31
176
255
188
30
27
167
255
255
145
1
0
0
0
0
0
0
0
0
11
183
255
182
16
0
0
3
105
249
214
21
0
0
0
0
0
0
0
18
152
255
181
26
0
0
0
0
0
180
250
31
0
0
0
0
0
0
0
127
255
221
60
0
0
0
0
0
1
204
221
21
0
0
0
0
0
0
105
244
239
80
0
0
0
0
0
3
79
246
161
8
0
0
0
0
0
33
214
255
121
0
0
0
0
0
0
121
244
215
33
0
0
0
0
0
6
152
255
183
14
0
0
0
0
58
177
255
161
46
0
0
0
0
0
0
17
203
255
67
0
0
2
43
144
248
226
129
12
0
0
0
0
0
0
0
18
207
252
138
120
107
187
228
232
110
33
0
0
0
0
0
0
0
0
0
13
186
255
255
255
255
218
129
32
0
0
0
0
0
0
0
0
0
0
0
0
34
109
164
142
95
34
0
0
0
0
0
0
0
0
0
0
0
0
0
0
0
0
5
0
0
0
0
0
0
0
0
0
0
0
0
0
0
0
0
0
0
0
0
0
0
0
0
0
0
0
0
0
0
0
0
0
0
0
0
0
0
0
0
0
0
0
0
0
0
0
0
0
0
0
0
0
0