0
0
0
0
0
0
0
0
0
0
0
0
0
0
0
0
0
0
0
0
0
0
0
0
0
0
0
0
0
0
0
0
0
0
0
0
0
0
0
0
0
0
0
0
0
0
0
0
0
0
63
166
187
53
0
0
0
0
0
0
0
0
0
0
0
0
0
0
8
104
238
255
255
96
0
0
0
0
0
0
0
0
0
0
0
0
0
0
116
255
252
255
185
11
0
0
0
0
0
0
0
0
0
0
0
0
0
93
255
226
71
144
83
0
0
0
0
0
0
0
0
0
0
0
0
0
37
212
251
95
0
20
10
0
0
0
0
0
0
0
0
0
0
0
0
0
91
255
183
7
0
0
0
0
0
0
0
0
0
0
0
0
0
0
0
20
193
255
92
0
0
0
0
0
0
0
0
0
0
0
0
0
0
0
0
60
252
193
0
0
17
56
41
26
2
0
0
0
0
0
0
0
0
0
0
74
254
171
37
174
225
237
247
242
160
52
0
0
0
0
0
0
0
0
0
55
246
193
181
255
160
68
98
204
255
234
84
0
0
0
0
0
0
0
0
57
245
250
255
167
3
0
0
14
166
255
209
18
0
0
0
0
0
0
0
20
192
255
255
171
3
0
0
0
93
255
226
24
0
0
0
0
0
0
0
0
75
234
255
254
201
151
178
193
238
246
102
0
0
0
0
0
0
0
0
0
0
59
171
222
243
253
239
215
185
86
4
0
0
0
0
0
0
0
0
0
0
0
0
41
64
81
58
21
0
0
0
0
0
0
0
0
0
0
0
0
0
0
0
0
0
0
0
0
0
0
0
0
0
0
0
0
0
0
0
0
0
0
0
0
0
0
0
0
0
0
0
0
0
0
0
0
0
0
0
0
0
0
0
0
0
0
0
0
0
0
0
0
0
0