0
0
0
0
0
0
0
0
0
0
0
0
0
0
0
0
0
0
0
0
0
0
0
0
0
0
0
0
0
0
0
0
0
0
0
0
0
0
0
0
0
0
0
0
0
0
0
0
0
0
0
0
0
0
0
0
0
0
0
0
0
0
0
0
0
42
94
104
54
52
52
15
0
0
0
0
0
0
0
0
0
0
61
177
195
218
253
255
226
232
233
204
184
188
162
15
0
0
0
0
0
0
55
168
165
99
75
73
94
151
169
226
255
255
244
49
0
0
0
0
0
0
0
0
0
0
0
0
0
0
0
165
255
233
102
0
0
0
0
0
0
0
0
0
0
0
0
0
0
44
165
253
188
52
0
0
0
0
0
0
0
0
0
0
0
0
0
9
97
226
255
253
78
0
0
0
0
0
0
0
0
0
0
0
0
2
4
149
252
255
255
255
206
107
8
0
0
0
0
0
0
0
0
0
9
169
242
255
239
192
180
185
250
255
121
0
0
0
0
0
0
0
0
0
92
255
240
147
64
3
0
0
85
219
244
46
0
0
0
0
0
0
0
0
27
100
49
0
0
0
0
0
0
136
255
155
0
0
0
0
0
0
0
7
43
0
0
0
0
0
0
0
0
80
255
224
42
0
0
0
0
0
0
54
204
63
0
0
0
0
0
0
4
140
255
220
38
0
0
0
0
0
0
35
204
242
197
126
60
58
58
101
189
251
255
140
0
0
0
0
0
0
0
0
45
146
247
255
253
253
252
255
255
255
142
21
0
0
0
0
0
0
0
0
0
3
34
79
149
209
220
163
100
40
5
0
0
0
0
0
0
0
0
0
0
0
0
0
0
0
0
0
0
0
0
0
0
0
0
0
0
0
0
0
0
0
0
0
0
0
0
0
0
0
0
0
0
0
0
0