0
0
0
0
0
0
0
0
0
0
0
0
0
0
0
0
0
0
0
0
0
0
0
0
0
0
0
0
0
0
0
0
0
0
0
0
0
0
0
0
0
0
0
0
0
0
0
0
0
0
0
0
0
0
0
0
0
0
0
0
0
0
0
0
0
0
0
0
0
0
16
49
46
62
61
73
17
0
0
0
0
0
0
0
0
0
0
5
58
150
209
226
223
239
241
223
40
0
0
0
0
0
0
0
0
0
0
155
253
227
209
255
255
226
141
206
158
7
0
0
0
0
0
0
0
0
0
186
255
197
171
255
195
49
0
38
218
40
0
0
0
0
0
0
0
0
0
40
213
255
255
142
19
0
0
0
138
40
0
0
0
0
0
0
0
0
0
52
219
255
255
104
0
0
0
0
9
3
0
0
0
0
0
0
0
0
9
197
230
96
173
238
77
0
0
0
0
0
0
0
0
0
0
0
0
0
132
255
105
0
38
213
196
3
0
0
0
0
0
0
0
0
0
0
0
20
197
210
29
0
0
76
235
118
0
0
0
0
0
0
0
0
0
0
0
52
243
90
0
0
0
0
120
234
50
0
0
0
0
0
0
0
0
0
0
68
255
51
0
0
0
0
68
255
102
0
0
0
0
0
0
0
0
0
0
68
255
52
0
0
0
2
131
226
45
0
0
0
0
0
0
0
0
0
0
53
250
154
17
0
51
154
255
168
4
0
0
0
0
0
0
0
0
0
0
4
116
249
200
171
241
255
184
41
0
0
0
0
0
0
0
0
0
0
0
0
0
70
194
228
147
86
11
0
0
0
0
0
0
0
0
0
0
0
0
0
0
0
0
0
0
0
0
0
0
0
0
0
0
0
0
0
0
0
0
0
0
0
0
0
0
0
0
0
0
0
0
0
0
0