0
0
0
0
0
0
0
0
0
0
0
0
0
0
0
0
0
0
0
0
0
0
0
0
0
0
0
0
0
0
0
0
0
0
0
0
0
0
0
0
0
0
0
0
0
0
0
0
0
0
0
0
0
0
0
0
0
0
0
0
0
0
0
0
0
0
0
0
0
0
0
0
0
0
0
0
0
0
0
0
0
0
0
0
0
0
0
6
65
91
4
0
14
154
115
0
0
0
0
0
0
0
0
0
0
0
14
150
223
147
4
0
75
243
59
0
0
0
0
0
0
0
0
0
0
9
157
229
59
0
0
0
122
238
47
0
0
0
0
0
0
0
0
0
0
53
247
99
0
0
0
0
160
230
42
0
0
0
0
0
0
0
0
0
0
129
202
12
0
0
0
4
201
180
14
0
0
0
0
0
0
0
0
0
6
223
159
2
0
0
0
58
237
107
0
0
0
0
0
0
0
0
0
0
7
227
158
0
0
0
14
149
253
96
0
0
0
0
0
0
0
0
0
0
0
150
219
107
117
159
198
247
233
37
0
0
0
0
0
0
0
0
0
0
0
45
209
224
224
218
128
178
225
0
0
0
0
0
0
0
0
0
0
0
0
0
11
24
19
2
0
165
195
0
0
0
0
0
0
0
0
0
0
0
0
0
0
0
0
0
30
212
174
0
0
0
0
0
0
0
0
0
0
0
0
0
0
0
0
0
57
247
141
0
0
0
0
0
0
0
0
0
0
0
0
0
0
0
0
0
61
251
159
0
0
0
0
0
0
0
0
0
0
0
0
0
0
0
0
0
88
255
94
0
0
0
0
0
0
0
0
0
0
0
0
0
0
0
0
0
68
137
13
0
0
0
0
0
0
0
0
0
0
0
0
0
0
0
0
0
0
0
0
0
0
0
0
0
0
0