0
0
0
0
0
0
0
0
0
0
0
0
0
0
0
0
0
0
0
0
0
0
0
0
0
0
0
0
0
0
0
0
0
0
0
0
0
0
0
0
0
0
0
0
0
0
0
0
0
0
0
0
0
0
0
0
0
0
0
0
0
0
0
0
0
0
0
0
0
0
0
0
0
0
0
0
0
0
0
0
0
0
0
0
0
1
3
5
1
0
0
0
0
0
0
0
0
0
0
0
0
0
0
0
0
52
183
214
171
103
92
94
94
94
93
67
4
0
0
0
0
0
0
0
0
21
185
176
169
218
217
217
216
220
255
240
61
0
0
0
0
0
0
0
0
0
19
9
5
20
19
19
12
70
240
201
25
0
0
0
0
0
0
0
0
0
0
0
0
0
0
0
8
177
212
61
0
0
0
0
0
0
0
0
0
0
0
0
0
0
0
0
129
235
63
0
0
0
0
0
0
0
0
0
0
0
0
0
0
0
0
117
248
113
0
0
0
0
0
0
0
0
0
0
0
0
0
0
0
0
76
242
123
0
0
0
0
0
0
0
0
0
0
0
0
0
0
0
0
31
225
167
5
0
0
0
0
0
0
0
0
0
0
0
0
0
0
0
10
179
209
26
0
0
0
0
0
0
0
0
0
0
0
0
0
0
0
0
131
240
62
0
0
0
0
0
0
0
0
0
0
0
0
0
0
0
0
87
243
117
0
0
0
0
0
0
0
0
0
0
0
0
0
0
0
0
38
227
145
8
0
0
0
0
0
0
0
0
0
0
0
0
0
0
0
41
202
212
14
0
0
0
0
0
0
0
0
0
0
0
0
0
0
0
0
163
255
162
9
0
0
0
0
0
0
0
0
0
0
0
0
0
0
0
0
49
71
15
0
0
0
0
0
0
0
0
0
0
0
0