0
0
0
0
0
0
0
0
0
0
0
0
0
0
0
0
0
0
0
0
0
0
0
0
0
0
0
0
0
0
0
0
0
0
0
0
0
0
0
0
0
0
0
0
0
0
0
0
0
0
0
0
0
0
0
0
0
0
0
0
0
0
0
0
0
0
0
0
0
0
0
0
0
0
0
0
0
0
0
0
0
0
0
0
0
0
0
0
0
0
0
0
0
0
0
0
0
0
0
0
0
0
0
10
52
76
82
151
163
165
157
101
72
41
1
0
0
0
0
0
0
0
6
142
244
255
255
255
249
210
251
255
255
229
59
0
0
0
0
0
0
0
30
163
104
35
32
33
31
18
30
44
116
245
90
0
0
0
0
0
0
0
0
0
0
0
0
0
0
0
0
0
4
191
119
0
0
0
0
0
0
0
0
0
0
0
0
0
0
0
0
0
61
239
116
0
0
0
0
0
0
0
0
0
0
0
1
5
1
4
4
20
188
184
14
3
1
0
0
0
0
0
0
0
0
15
134
177
157
168
171
198
255
227
174
178
161
19
0
0
0
0
0
0
0
67
250
255
255
255
255
255
244
231
240
225
152
16
0
0
0
0
0
0
0
22
93
102
101
98
172
255
107
22
28
18
0
0
0
0
0
0
0
0
0
0
0
0
0
0
115
225
23
0
0
0
0
0
0
0
0
0
0
0
0
0
0
0
0
0
172
157
0
0
0
0
0
0
0
0
0
0
0
0
0
0
0
0
0
5
212
208
25
0
0
0
0
0
0
0
0
0
0
0
0
0
0
0
0
0
135
255
62
0
0
0
0
0
0
0
0
0
0
0
0
0
0
0
0
0
51
115
20
0
0
0
0
0
0
0
0
0
0
0
0
0
0
0
0
0
0
0
0
0
0
0
0
0
0
0