0
0
0
0
0
0
0
0
0
0
0
0
0
0
0
0
0
0
0
0
0
0
0
0
0
0
0
0
0
0
0
0
0
0
0
0
0
0
0
0
0
0
0
0
0
0
0
0
0
0
0
5
34
38
18
0
0
0
0
0
0
0
0
0
0
0
0
0
0
0
77
166
254
255
211
94
0
0
0
0
0
0
0
0
0
0
0
0
23
145
251
255
235
173
201
248
108
0
0
0
0
0
0
0
0
0
0
16
195
255
198
92
20
0
4
82
92
1
0
0
0
0
0
0
0
0
0
94
255
165
24
0
0
0
0
0
0
0
0
0
0
0
0
0
0
0
0
181
253
58
0
0
0
0
0
0
0
0
0
0
0
0
0
0
0
0
0
147
252
159
0
0
0
0
0
0
0
0
0
0
0
0
0
0
0
0
0
28
192
255
141
12
37
109
174
175
137
22
0
0
0
0
0
0
0
0
0
0
38
187
255
208
239
243
205
214
195
37
0
0
0
0
0
0
0
0
0
0
0
146
255
255
221
78
18
23
10
0
0
0
0
0
0
0
0
0
0
16
131
244
227
248
183
0
0
0
0
0
0
0
0
0
0
0
0
0
59
196
255
146
57
222
169
0
0
0
0
0
0
0
0
0
0
0
7
128
236
216
89
5
120
246
77
0
0
0
0
0
0
0
0
0
0
0
152
255
157
16
5
144
255
139
2
0
0
0
0
0
0
0
0
0
0
5
204
175
4
67
188
255
143
6
0
0
0
0
0
0
0
0
0
0
0
0
28
14
0
24
44
36
5
0
0
0
0
0
0
0
0
0
0
0
0
0
0
0
0
0
0
0
0
0
0
0
0
0
0
0
0
0
0
0
0
0
0
0
0
0
0
0
0
0
0
0
0
0
0
0
0
0