0
0
0
0
0
0
0
0
0
0
0
0
0
0
0
0
0
0
0
0
0
0
0
0
0
0
0
0
0
0
0
0
0
0
0
0
0
0
0
0
0
0
0
0
0
0
0
0
0
0
0
0
0
0
0
0
0
0
0
0
0
0
0
0
0
0
0
0
0
0
0
54
56
15
0
0
0
0
0
0
0
0
0
0
0
0
0
0
0
75
179
232
232
188
44
0
0
0
0
0
0
0
0
0
0
0
0
0
0
134
199
205
255
255
92
0
0
0
0
0
0
0
0
0
0
0
0
0
0
6
4
65
240
255
143
0
0
0
0
0
0
0
0
0
0
0
0
0
0
0
0
66
241
255
131
0
0
0
0
0
0
0
0
0
0
0
0
0
0
0
18
160
255
221
41
0
0
0
0
0
0
0
0
0
0
0
0
33
135
168
207
245
255
236
85
0
0
0
0
0
0
0
0
0
0
18
120
230
255
255
255
239
221
252
239
48
0
0
0
0
0
0
0
0
23
186
248
193
245
255
245
113
45
193
255
154
97
75
0
0
0
0
0
34
188
255
213
215
255
230
76
0
0
75
219
239
224
77
0
0
0
0
0
79
251
255
255
244
167
56
0
0
0
0
33
67
21
0
0
0
0
0
0
60
196
208
183
79
8
0
0
0
0
0
0
0
0
0
0
0
0
0
0
0
3
6
2
0
0
0
0
0
0
0
0
0
0
0
0
0
0
0
0
0
0
0
0
0
0
0
0
0
0
0
0
0
0
0
0
0
0
0
0
0
0
0
0
0
0
0
0
0
0
0
0
0
0
0
0
0
0
0
0
0
0
0
0
0
0
0
0
0
0
0
0
0
0
0
0
0
0
0
0
0
0
0
0
0
0
0
0
0
0
0
0
0
0
0
0
0