0
0
0
0
0
0
0
0
0
0
0
0
0
0
0
0
0
0
0
0
0
0
0
0
0
0
0
0
0
0
0
0
0
0
0
0
0
0
0
0
0
0
0
0
0
0
0
0
0
0
0
0
0
0
0
0
0
0
0
0
0
0
0
0
0
0
0
0
0
0
0
0
0
0
0
0
0
0
0
0
0
0
0
0
0
0
0
0
0
2
10
11
4
0
0
0
0
0
0
0
0
0
0
0
0
0
0
0
82
179
250
249
178
17
0
0
0
0
0
0
0
0
0
0
0
0
0
65
241
242
139
102
230
84
0
0
0
0
0
0
0
0
0
0
0
0
8
197
197
42
0
0
185
139
0
0
0
0
0
0
0
0
0
0
0
0
69
240
92
0
0
28
199
211
82
0
0
0
0
0
0
0
0
0
0
0
50
238
191
82
145
215
249
255
137
0
0
0
0
0
0
0
0
0
0
0
0
94
224
255
255
255
255
227
52
0
0
0
0
0
0
0
0
0
0
0
0
0
49
95
164
255
251
104
0
0
0
0
0
0
0
0
0
0
0
0
0
0
0
0
153
255
174
11
0
0
0
0
0
0
0
0
0
0
0
0
0
0
0
48
251
218
29
0
0
0
0
0
0
0
0
0
0
0
0
0
0
0
0
107
255
111
0
0
0
0
0
0
0
0
0
0
0
0
0
0
0
0
0
170
239
58
0
0
0
0
0
0
0
0
0
0
0
0
0
0
0
0
13
206
216
23
0
0
0
0
0
0
0
0
0
0
0
0
0
0
0
0
51
233
168
0
0
0
0
0
0
0
0
0
0
0
0
0
0
0
0
0
80
236
51
0
0
0
0
0
0
0
0
0
0
0
0
0
0
0
0
0
28
62
0
0
0
0
0
0
0
0
0
0