0
0
0
0
0
0
0
0
0
0
0
0
0
0
0
0
0
0
0
0
0
0
0
0
0
0
0
0
0
0
0
0
0
0
0
0
0
0
0
0
0
0
0
0
0
0
0
0
0
0
0
0
0
0
0
0
0
0
0
0
0
0
0
0
0
0
0
18
108
33
0
0
0
0
0
0
0
0
0
0
0
0
0
0
0
17
91
189
255
162
105
111
72
12
0
0
0
0
0
0
0
0
0
0
0
100
255
255
255
242
212
216
249
202
43
0
0
0
0
0
0
0
0
0
0
23
174
219
149
70
31
31
91
228
173
1
0
0
0
0
0
0
0
0
0
0
9
23
0
0
0
0
109
251
161
0
0
0
0
0
0
0
0
0
0
0
0
0
0
0
49
170
255
211
41
0
0
0
0
0
0
0
0
0
0
0
0
6
63
161
232
255
218
41
0
0
0
0
0
0
0
0
0
0
0
0
36
185
251
255
252
215
241
127
5
0
0
0
0
0
0
0
0
0
0
0
69
249
255
180
97
27
173
227
39
0
0
0
0
0
0
0
0
0
0
0
18
156
124
11
0
0
145
225
39
0
0
0
0
0
0
0
0
0
0
0
0
0
0
0
0
80
243
183
13
0
0
0
0
0
0
0
0
0
0
29
19
0
0
0
52
231
255
94
0
0
0
0
0
0
0
0
0
0
0
155
229
28
17
92
239
251
172
22
0
0
0
0
0
0
0
0
0
0
0
147
255
181
202
254
255
161
7
0
0
0
0
0
0
0
0
0
0
0
0
43
192
229
228
146
40
13
0
0
0
0
0
0
0
0
0
0
0
0
0
0
0
0
0
0
0
0
0
0
0
0
0
0
0
0
0
0
0
0
0
0
0
0
0
0
0
0
0
0
0
0
0
0
0
0