0
0
0
0
0
0
0
0
0
0
0
0
0
0
0
0
0
0
0
0
0
0
0
0
0
0
0
0
0
0
0
0
0
0
0
0
0
0
0
0
0
0
0
0
0
0
0
0
0
0
0
0
0
0
0
0
0
0
0
0
0
0
0
0
0
0
0
0
0
0
0
0
0
34
111
37
0
0
0
0
0
0
0
0
0
0
0
0
0
0
0
0
24
202
200
32
0
0
0
0
0
0
0
0
0
0
0
0
0
0
0
0
132
237
52
0
0
0
0
0
0
0
0
0
0
0
0
0
9
100
45
0
178
191
12
0
0
0
0
0
0
0
0
0
0
0
0
0
81
255
87
26
229
104
0
0
0
0
0
0
0
0
0
0
0
0
0
0
166
217
8
130
215
22
0
0
0
0
0
0
0
0
0
0
0
0
0
128
246
71
16
205
151
0
0
0
0
0
0
0
0
0
0
0
0
0
78
240
102
0
97
242
44
0
0
0
0
0
0
0
0
0
0
0
0
27
208
248
133
130
212
177
6
0
0
0
0
0
0
0
0
0
0
0
0
50
224
232
204
199
253
89
0
0
0
0
0
0
0
0
0
0
0
0
0
5
37
39
0
134
219
37
0
0
0
0
0
0
0
0
0
0
0
0
0
0
0
0
31
218
148
0
0
0
0
0
0
0
0
0
0
0
0
0
0
0
0
0
110
249
39
0
0
0
0
0
0
0
0
0
0
0
0
0
0
0
0
11
194
177
0
0
0
0
0
0
0
0
0
0
0
0
0
0
0
0
0
30
211
58
0
0
0
0
0
0
0
0
0
0
0
0
0
0
0
0
0
0
0
0
0
0
0
0
0
0
0
0
0
0
0
0
0
0
0
0
0
0
0
0
0
0
0
0
0
0
0
0
0
0