0
0
0
0
0
0
0
0
0
0
0
0
0
0
0
0
0
0
0
0
0
0
0
0
0
0
0
0
0
0
0
0
0
0
0
0
0
0
0
0
0
0
0
0
0
0
0
0
0
0
0
0
0
0
0
0
0
0
0
0
0
0
0
0
0
0
0
9
95
83
1
0
0
0
0
0
0
0
0
0
0
0
0
0
0
0
0
23
233
203
4
0
0
0
0
0
0
0
0
0
0
0
0
0
0
0
0
27
229
123
0
0
24
80
2
0
0
0
0
0
0
0
0
0
0
0
0
85
254
80
0
0
55
177
2
0
0
0
0
0
0
0
0
0
0
0
38
222
208
26
8
30
78
231
43
0
0
0
0
0
0
0
0
0
0
0
79
251
193
99
188
254
253
236
52
0
0
0
0
0
0
0
0
0
0
0
144
255
248
250
252
251
255
254
113
0
0
0
0
0
0
0
0
0
0
86
243
255
252
161
41
86
233
255
136
0
0
0
0
0
0
0
0
0
0
138
255
244
106
8
0
0
95
255
133
0
0
0
0
0
0
0
0
0
0
130
255
131
0
0
0
0
41
255
133
0
0
0
0
0
0
0
0
0
0
44
103
8
0
0
0
0
47
255
133
0
0
0
0
0
0
0
0
0
0
0
0
0
0
0
0
0
47
255
133
0
0
0
0
0
0
0
0
0
0
0
0
0
0
0
0
0
48
255
133
0
0
0
0
0
0
0
0
0
0
0
0
0
0
0
0
0
44
255
136
0
0
0
0
0
0
0
0
0
0
0
0
0
0
0
0
0
13
155
83
0
0
0
0
0
0
0
0
0
0
0
0
0
0
0
0
0
0
0
0
0
0
0
0
0
0
0
0
0
0
0
0
0
0
0
0
0
0
0
0
0
0
0
0
0