0
0
0
0
0
0
0
0
0
0
0
0
0
0
0
0
0
0
0
0
0
0
0
0
0
0
0
0
0
0
0
0
0
0
0
0
0
0
0
0
0
0
0
0
0
0
0
0
0
0
0
0
0
0
0
0
0
0
0
0
0
0
0
0
0
0
0
0
0
0
0
0
0
0
0
0
0
0
0
0
0
0
0
0
0
0
0
12
58
134
188
166
58
0
0
0
0
0
0
0
0
0
0
0
0
0
28
189
254
234
244
255
242
92
0
0
0
0
0
0
0
0
0
0
0
4
160
255
145
54
61
101
233
175
3
0
0
0
0
0
0
0
0
0
0
78
253
164
0
0
0
0
94
251
78
0
0
0
0
0
0
0
0
0
0
119
255
92
0
0
0
0
84
255
116
0
0
0
0
0
0
0
0
0
0
59
228
230
153
104
99
97
198
255
113
0
0
0
0
0
0
0
0
0
0
0
61
185
228
231
230
244
255
200
40
0
0
0
0
0
0
0
0
0
0
0
0
5
45
56
80
218
249
72
0
0
0
0
0
0
0
0
0
0
0
0
0
0
0
0
45
239
192
3
0
0
0
0
0
0
0
0
0
0
0
0
0
0
0
0
117
255
163
0
0
0
0
0
0
0
0
0
0
0
0
0
0
0
0
1
171
255
110
0
0
0
0
0
0
0
0
0
0
0
0
0
0
0
0
8
233
255
94
0
0
0
0
0
0
0
0
0
0
0
0
0
0
0
0
6
213
255
96
0
0
0
0
0
0
0
0
0
0
0
0
0
0
0
0
3
193
255
95
0
0
0
0
0
0
0
0
0
0
0
0
0
0
0
0
0
67
141
40
0
0
0
0
0
0
0
0
0
0
0
0
0
0
0
0
0
0
0
0
0
0
0
0
0
0
0