0
0
0
0
0
0
0
0
0
0
0
0
0
0
0
0
0
0
0
0
0
0
0
0
0
0
0
0
0
0
0
0
0
0
0
0
0
0
0
0
0
0
0
0
0
0
0
0
0
0
0
0
0
0
0
0
0
0
0
0
0
0
0
0
0
0
0
4
82
113
99
31
0
0
0
0
0
0
0
0
0
0
0
0
0
1
81
178
255
255
255
217
56
0
0
0
0
0
0
0
0
0
0
0
5
150
250
248
208
147
196
255
234
55
0
0
0
0
0
0
0
0
0
0
43
245
228
84
19
0
15
87
238
177
13
0
0
0
0
0
0
0
0
0
119
255
99
0
0
0
0
0
145
229
41
0
0
0
0
0
0
0
0
0
117
254
111
1
0
0
0
0
167
228
37
0
0
0
0
0
0
0
0
0
23
181
245
194
118
104
110
162
253
241
127
6
0
0
0
0
0
0
0
0
0
23
129
186
211
248
255
251
232
239
255
125
0
0
0
0
0
0
0
0
0
0
0
1
124
255
193
86
55
72
174
233
66
0
0
0
0
0
0
0
0
0
0
55
243
125
10
0
0
0
65
255
179
10
0
0
0
0
0
0
0
0
0
147
241
45
0
0
0
0
2
249
192
13
0
0
0
0
0
0
0
0
0
165
198
17
0
0
0
0
88
255
105
0
0
0
0
0
0
0
0
0
0
106
252
73
0
0
15
100
235
196
31
0
0
0
0
0
0
0
0
0
0
28
189
214
161
149
193
255
194
35
0
0
0
0
0
0
0
0
0
0
0
0
12
124
225
224
208
86
14
0
0
0
0
0
0
0
0
0
0
0
0
0
0
0
0
0
0
0
0
0
0
0
0
0
0
0
0
0
0
0
0
0
0
0
0
0
0
0
0
0
0
0
0
0