0
0
0
0
0
0
0
0
0
0
0
0
0
0
0
0
0
0
0
0
0
0
0
0
0
0
0
0
0
0
0
0
0
0
0
0
0
0
0
0
0
0
0
0
0
0
0
0
0
0
0
0
0
0
0
0
0
0
0
0
0
0
0
0
0
0
0
0
0
0
0
0
0
0
0
0
0
0
0
0
0
0
0
0
0
0
0
0
0
0
51
152
154
64
2
0
0
0
0
0
0
0
0
0
0
0
0
0
26
135
231
227
248
255
107
0
0
0
0
0
0
0
0
0
0
0
0
22
190
237
100
39
78
223
138
0
0
0
0
0
0
0
0
0
0
0
3
146
255
108
0
0
1
166
132
0
0
0
0
0
0
0
0
0
0
0
95
255
162
0
0
0
155
245
58
0
0
0
0
0
0
0
0
0
0
0
90
255
194
66
86
153
255
163
0
0
0
0
0
0
0
0
0
0
0
0
10
156
242
226
225
255
227
57
0
0
0
0
0
0
0
0
0
0
0
0
0
9
66
51
137
255
131
0
0
0
0
0
0
0
0
0
0
0
0
0
0
0
0
56
236
195
23
0
0
0
0
0
0
0
0
0
0
0
0
0
0
0
7
180
255
94
0
0
0
0
0
0
0
0
0
0
0
0
0
0
0
0
90
255
164
1
0
0
0
0
0
0
0
0
0
0
0
0
0
0
0
27
200
235
57
0
0
0
0
0
0
0
0
0
0
0
0
0
0
0
0
124
255
102
0
0
0
0
0
0
0
0
0
0
0
0
0
0
0
0
0
203
191
9
0
0
0
0
0
0
0
0
0
0
0
0
0
0
0
0
0
97
82
0
0
0
0
0
0
0
0
0
0
0
0
0
0
0
0
0
0
0
0
0
0
0
0
0
0
0
0
0
0
0