0
0
0
0
0
0
0
0
0
0
0
0
0
0
0
0
0
0
0
0
0
0
0
0
0
0
0
0
0
0
0
0
0
0
0
0
0
0
0
0
0
0
0
0
0
0
0
0
0
0
0
0
0
0
0
0
0
0
0
0
0
0
0
0
0
0
0
1
77
112
109
110
61
11
0
0
0
0
0
0
0
0
0
0
0
0
37
171
253
255
255
255
239
162
19
0
0
0
0
0
0
0
0
0
0
81
227
255
194
88
77
150
243
255
147
0
0
0
0
0
0
0
0
0
37
226
255
171
11
0
0
2
209
255
247
90
0
0
0
0
0
0
0
2
148
255
216
31
0
0
0
47
240
253
255
205
20
0
0
0
0
0
0
52
230
255
142
0
0
0
0
41
180
93
165
255
127
0
0
0
0
0
0
53
231
230
52
0
0
0
0
5
16
0
58
255
195
12
0
0
0
0
0
52
234
207
18
0
0
0
0
0
0
0
40
247
246
60
0
0
0
0
0
54
236
207
16
0
0
0
0
0
0
0
40
246
255
111
0
0
0
0
0
26
205
237
74
0
0
0
0
0
0
0
82
251
255
54
0
0
0
0
0
0
94
255
214
28
0
0
0
0
0
14
184
255
198
19
0
0
0
0
0
0
16
188
255
165
11
0
0
0
14
162
255
241
78
0
0
0
0
0
0
0
0
40
201
255
196
91
54
94
189
255
248
104
0
0
0
0
0
0
0
0
0
0
42
183
248
255
245
255
255
233
103
0
0
0
0
0
0
0
0
0
0
0
0
10
58
139
219
202
101
30
0
0
0
0
0
0
0
0
0
0
0
0
0
0
0
0
0
0
0
0
0
0
0
0
0
0
0
0
0
0
0
0
0
0
0
0
0
0
0
0
0
0
0
0
0
0