0
0
0
0
0
0
0
0
0
0
0
0
0
0
0
0
0
0
0
0
0
0
0
0
0
0
0
0
0
0
0
0
0
0
0
0
0
0
0
0
0
0
0
0
0
0
0
0
0
0
0
0
0
0
0
0
0
0
0
0
0
0
0
0
0
0
0
0
0
0
0
0
0
0
0
0
0
0
0
0
0
0
0
0
0
0
0
0
22
144
192
187
41
0
0
0
0
0
0
0
0
0
0
0
0
0
0
63
210
255
227
255
198
23
0
0
0
0
0
0
0
0
0
0
0
0
57
219
232
106
35
172
255
96
0
0
0
0
0
0
0
0
0
0
0
0
155
255
101
0
0
41
236
153
0
0
0
0
0
0
0
0
0
0
0
28
209
169
0
0
0
24
232
177
5
0
0
0
0
0
0
0
0
0
0
42
229
91
0
0
17
169
255
118
0
0
0
0
0
0
0
0
0
0
0
42
229
77
0
49
190
255
231
41
0
0
0
0
0
0
0
0
0
0
0
29
207
224
173
237
253
255
209
6
0
0
0
0
0
0
0
0
0
0
0
0
82
221
209
137
88
232
177
0
0
0
0
0
0
0
0
0
0
0
0
0
0
15
7
0
61
246
123
0
0
0
0
0
0
0
0
0
0
0
0
0
0
0
0
0
80
255
123
0
0
0
0
0
0
0
0
0
0
0
0
0
0
0
0
0
70
250
120
0
0
0
0
0
0
0
0
0
0
0
0
0
0
0
0
0
85
255
192
26
0
0
0
0
0
0
0
0
0
0
0
0
0
0
0
0
88
255
181
14
0
0
0
0
0
0
0
0
0
0
0
0
0
0
0
0
19
121
30
0
0
0
0
0
0
0
0
0
0
0
0
0
0
0
0
0
0
0
0
0
0
0
0
0
0
0