0
0
0
0
0
0
0
0
0
0
0
0
0
0
0
0
0
0
0
0
0
0
0
0
0
0
0
0
0
0
0
0
0
0
0
0
0
0
0
0
0
0
0
0
0
0
0
0
0
0
0
0
11
5
0
0
0
0
0
0
0
0
0
0
0
0
0
0
0
0
1
73
182
169
81
3
0
0
0
0
0
0
0
0
0
0
0
0
0
13
142
244
255
255
250
133
3
0
0
0
0
0
0
0
0
0
0
0
37
191
255
226
101
69
182
255
129
0
0
0
0
0
0
0
0
0
0
33
176
255
165
50
0
0
30
232
241
29
0
0
0
0
0
0
0
0
36
209
255
175
8
0
0
0
3
217
255
37
0
0
0
0
0
0
0
31
192
255
144
7
0
0
0
0
5
218
255
36
0
0
0
0
0
0
11
177
255
148
7
0
0
0
0
0
29
234
236
27
0
0
0
0
0
10
149
255
189
12
0
0
0
0
0
18
163
255
125
0
0
0
0
0
0
83
252
203
40
0
0
0
0
0
17
160
255
207
32
0
0
0
0
0
24
224
234
39
0
0
0
0
0
52
199
255
200
42
0
0
0
0
0
0
37
255
168
0
0
0
0
40
152
236
247
124
10
0
0
0
0
0
0
0
36
255
163
65
80
142
163
221
255
225
74
1
0
0
0
0
0
0
0
0
38
255
255
255
255
255
240
206
108
35
0
0
0
0
0
0
0
0
0
0
13
149
190
187
189
128
61
16
0
0
0
0
0
0
0
0
0
0
0
0
0
0
14
12
13
0
0
0
0
0
0
0
0
0
0
0
0
0
0
0
0
0
0
0
0
0
0
0
0
0
0
0
0
0
0
0
0
0
0
0
0
0
0
0
0
0
0
0
0
0
0
0
0
0
0
0
0
0