0
0
0
0
0
0
0
0
0
0
0
0
0
0
0
0
0
0
0
0
0
0
0
0
0
0
0
0
0
0
0
0
0
0
0
0
0
0
0
0
0
0
0
0
0
0
0
0
0
0
0
0
0
0
0
0
0
0
0
0
0
0
0
0
0
0
0
0
1
4
0
0
0
0
0
0
0
0
0
0
0
0
0
0
0
0
0
0
81
182
7
0
0
0
0
0
2
0
0
0
0
0
0
0
0
0
0
72
245
230
7
0
0
0
0
73
174
21
0
0
0
0
0
0
0
0
65
236
240
91
0
0
0
0
29
223
237
26
0
0
0
0
0
0
0
75
222
255
124
0
0
0
0
14
142
255
136
0
0
0
0
0
0
0
62
221
255
186
2
0
0
0
3
134
255
211
18
0
0
0
0
0
7
127
233
255
255
190
4
0
0
0
45
248
252
110
0
0
0
0
0
0
35
255
235
181
220
255
131
10
0
34
201
255
207
12
0
0
0
0
0
0
12
110
64
0
38
220
255
173
54
174
255
255
215
19
0
0
0
0
0
0
0
0
0
0
0
39
205
255
239
251
255
229
98
0
0
0
0
0
0
0
0
0
0
0
0
0
27
191
255
255
161
29
0
0
0
0
0
0
0
0
0
0
0
0
0
0
0
146
255
213
21
0
0
0
0
0
0
0
0
0
0
0
0
0
0
0
1
173
255
110
0
0
0
0
0
0
0
0
0
0
0
0
0
0
0
0
0
147
255
98
0
0
0
0
0
0
0
0
0
0
0
0
0
0
0
0
0
30
64
13
0
0
0
0
0
0
0
0
0
0
0
0
0
0
0
0
0
0
0
0
0
0
0
0
0
0
0
0
0
0
0
0
0
0
0
0
0
0
0
0
0
0
0
0
0
0
0
0