0
0
0
0
0
0
0
0
0
0
0
0
0
0
0
0
0
0
0
0
0
0
0
0
0
0
0
0
0
0
0
0
0
0
0
0
0
0
0
0
0
0
0
0
0
0
0
0
0
0
63
183
46
0
0
0
0
0
0
0
0
0
0
0
0
0
0
0
0
58
230
255
161
0
0
0
0
0
0
0
0
0
0
0
0
0
0
0
53
225
255
228
49
0
0
0
0
0
0
0
0
0
0
0
0
0
0
13
166
255
196
38
0
0
0
0
0
0
0
0
0
0
0
0
0
0
0
129
251
201
35
0
0
0
0
0
0
0
0
0
0
0
0
0
0
0
41
232
255
152
0
0
0
0
0
0
0
0
0
0
0
0
0
0
0
0
160
255
222
59
42
49
52
23
0
0
0
0
0
0
0
0
0
0
0
21
197
255
227
185
229
229
228
214
85
0
0
0
0
0
0
0
0
0
0
51
223
255
255
247
228
242
255
255
253
86
0
0
0
0
0
0
0
0
0
144
255
247
149
59
42
58
122
255
255
204
6
0
0
0
0
0
0
0
0
156
255
236
50
0
5
5
56
255
255
195
16
0
0
0
0
0
0
0
0
46
199
255
226
181
182
205
255
255
219
53
0
0
0
0
0
0
0
0
0
0
84
253
255
255
255
255
243
141
49
0
0
0
0
0
0
0
0
0
0
0
0
127
228
235
215
159
87
0
0
0
0
0
0
0
0
0
0
0
0
0
0
0
46
62
31
0
0
0
0
0
0
0
0
0
0
0
0
0
0
0
0
0
0
0
0
0
0
0
0
0
0
0
0
0
0
0
0
0
0
0
0
0
0
0
0
0
0
0
0
0
0
0
0
0
0
0
0
0
0
0
0
0
0
0
0
0
0
0
0
0
0
0
0
0