0
0
0
0
0
0
0
0
0
0
0
0
0
0
0
0
0
0
0
0
0
0
0
0
0
0
0
0
0
0
0
0
0
0
0
0
0
0
0
0
0
0
0
0
0
0
0
0
0
0
0
0
0
0
0
0
0
0
0
0
0
0
0
0
0
0
0
0
0
0
0
0
0
0
0
0
0
0
0
0
0
0
0
0
0
0
0
0
0
4
12
11
3
0
0
0
0
0
0
0
0
0
0
0
0
0
0
53
156
178
227
220
188
94
18
0
0
0
0
0
0
0
0
0
0
0
25
199
195
98
74
70
127
232
160
13
0
0
0
0
0
0
0
0
0
0
134
208
13
0
0
38
57
105
235
49
0
0
0
0
0
0
0
0
0
32
217
126
0
0
0
165
199
5
49
2
0
0
0
0
0
0
0
0
0
28
212
131
0
0
65
238
126
0
0
0
0
0
0
0
0
0
0
0
0
0
141
237
79
152
251
255
61
0
0
0
0
0
0
0
0
0
0
0
0
0
44
214
255
216
154
227
32
0
0
0
0
0
0
0
0
0
0
0
0
0
0
25
55
14
75
220
23
0
0
0
0
0
0
0
0
0
0
0
0
0
0
0
0
0
102
228
25
0
0
0
0
0
0
0
0
0
0
0
0
0
0
0
0
0
73
242
28
0
0
0
0
0
0
0
0
0
0
0
0
0
0
0
0
0
70
226
23
0
0
0
0
0
0
0
0
0
0
0
0
0
0
0
0
0
53
214
29
0
0
0
0
0
0
0
0
0
0
0
0
0
0
0
0
0
46
223
55
0
0
0
0
0
0
0
0
0
0
0
0
0
0
0
0
0
27
200
88
0
0
0
0
0
0
0
0
0
0
0
0
0
0
0
0
0
3
40
18
0
0
0
0
0
0
0