0
0
0
0
0
0
0
0
0
0
0
0
0
0
0
0
0
0
0
0
0
0
0
0
0
0
0
0
0
0
0
0
0
0
0
0
0
0
0
0
0
0
0
0
0
0
0
0
0
0
0
4
15
15
5
0
0
0
0
0
0
0
0
0
0
0
0
0
0
0
17
139
198
193
162
33
0
0
0
0
0
0
0
0
0
0
0
0
0
48
197
254
255
255
255
67
0
0
0
0
0
0
0
0
0
0
0
0
43
216
255
236
135
172
255
127
0
0
0
0
0
0
0
0
0
0
0
30
185
255
231
89
0
24
219
234
46
0
0
0
0
0
0
0
0
0
31
180
255
224
62
0
0
0
126
255
134
0
0
0
0
0
0
0
0
14
175
255
224
60
0
0
0
0
51
252
206
18
0
0
0
0
0
0
5
126
255
240
97
0
0
0
0
0
24
245
237
29
0
0
0
0
0
0
114
254
246
102
0
0
0
0
0
0
84
255
220
22
0
0
0
0
0
51
222
255
152
1
0
0
0
0
0
22
210
255
102
0
0
0
0
0
12
181
255
203
16
0
0
0
0
0
17
170
255
182
9
0
0
0
0
0
37
255
252
100
0
0
0
0
0
57
184
255
203
46
0
0
0
0
0
0
37
255
245
51
20
24
61
54
134
244
253
149
24
0
0
0
0
0
0
0
22
215
255
255
234
245
255
246
224
174
76
0
0
0
0
0
0
0
0
0
0
50
121
144
195
178
161
95
42
0
0
0
0
0
0
0
0
0
0
0
0
0
0
0
15
9
3
0
0
0
0
0
0
0
0
0
0
0
0
0
0
0
0
0
0
0
0
0
0
0
0
0
0
0
0
0
0
0
0
0
0
0
0
0
0
0
0
0
0
0
0
0
0
0
0
0
0
0