0
0
0
0
0
0
0
0
0
0
0
0
0
0
0
0
0
0
0
0
0
0
0
0
0
0
0
0
0
0
0
0
0
0
0
0
0
0
0
0
0
0
0
0
0
7
7
14
36
36
36
37
17
0
0
0
0
0
0
0
0
0
0
0
69
170
168
190
255
255
255
255
201
103
18
0
0
0
0
0
0
0
0
0
153
255
255
255
251
252
252
252
255
255
106
0
0
0
0
0
0
0
0
0
62
169
178
107
98
99
98
114
235
255
179
2
0
0
0
0
0
0
0
0
0
0
1
0
0
0
0
62
238
255
149
0
0
0
0
0
0
0
0
0
0
0
0
0
0
0
42
220
255
224
44
0
0
0
0
0
0
0
0
0
0
0
0
0
0
13
160
255
242
79
0
0
0
0
0
0
0
0
0
0
0
0
0
0
0
123
255
247
125
0
0
0
0
0
0
0
0
0
0
0
0
0
0
13
160
255
247
140
7
0
0
0
0
0
0
0
0
0
0
0
0
0
6
153
255
255
146
0
0
0
0
0
0
0
0
0
0
0
0
0
0
17
123
246
255
159
7
0
0
1
72
127
79
2
0
0
0
0
0
0
0
78
255
255
203
27
14
85
143
161
233
255
229
26
0
0
0
0
0
0
0
81
255
254
230
189
206
248
255
255
255
255
233
27
0
0
0
0
0
0
0
79
255
252
255
255
255
247
202
142
118
121
110
13
0
0
0
0
0
0
0
22
145
247
193
165
113
76
22
0
0
0
0
0
0
0
0
0
0
0
0
0
2
32
15
6
0
0
0
0
0
0
0
0
0
0
0
0
0
0
0
0
0
0
0
0
0
0
0
0
0
0
0
0
0
0
0
0
0
0
0
0
0
0
0
0
0
0
0
0
0
0
0
0
0
0