0
0
0
0
0
0
0
0
0
0
0
0
0
0
0
0
0
0
0
0
0
0
0
0
0
0
0
0
0
0
0
0
0
0
0
0
0
0
0
0
0
0
0
0
0
0
0
0
0
0
0
0
0
0
0
0
0
0
0
0
0
0
0
0
0
0
0
0
0
0
0
0
0
0
0
0
0
0
0
0
0
0
0
0
0
0
0
0
6
4
4
0
0
0
0
0
0
0
0
0
0
0
0
0
0
0
35
133
215
196
189
131
87
36
0
0
0
0
0
0
0
0
0
0
0
16
183
255
255
255
255
255
255
182
18
0
0
0
0
0
0
0
0
0
0
69
253
239
181
93
66
64
205
234
43
0
0
0
0
0
0
0
0
0
0
134
255
75
0
0
0
0
184
245
82
0
0
0
0
0
0
0
0
0
0
123
255
87
24
5
0
38
221
255
127
0
0
0
0
0
0
0
0
0
0
27
190
255
232
198
181
204
255
249
62
0
0
0
0
0
0
0
0
0
0
0
38
185
220
249
255
232
243
213
34
0
0
0
0
0
0
0
0
0
0
0
0
13
23
32
35
25
199
204
25
0
0
0
0
0
0
0
0
0
0
0
0
0
0
0
0
21
227
187
13
0
0
0
0
0
0
0
0
0
0
0
0
0
0
0
0
77
255
151
0
0
0
0
0
0
0
0
0
0
0
0
0
0
0
0
0
104
255
125
0
0
0
0
0
0
0
0
0
0
0
0
0
0
0
0
0
128
255
110
0
0
0
0
0
0
0
0
0
0
0
0
0
0
0
0
1
170
255
86
0
0
0
0
0
0
0
0
0
0
0
0
0
0
0
0
0
95
236
80
0
0
0
0
0
0
0
0
0
0
0
0
0
0
0
0
0
0
53
22
0
0
0
0
0
0