0
0
0
0
0
0
0
0
0
0
0
0
0
0
0
0
0
0
0
0
0
0
0
0
0
0
0
0
0
0
0
0
0
0
0
0
0
0
0
0
0
0
0
0
0
0
0
0
0
0
0
0
0
0
0
0
0
0
0
0
0
0
0
0
0
0
0
0
0
0
0
0
0
0
0
0
0
0
0
0
0
0
0
0
0
0
0
0
0
0
0
0
0
0
0
0
0
0
0
0
0
0
0
0
0
0
0
0
0
0
0
0
0
0
24
59
130
152
56
0
0
0
0
0
0
0
0
0
0
0
59
95
116
159
206
223
185
160
71
0
0
0
0
0
0
0
0
0
0
125
240
236
211
174
106
35
8
0
0
0
0
0
0
0
0
0
0
0
43
229
183
65
6
0
0
0
0
0
0
0
0
0
0
0
0
0
0
25
187
253
41
0
0
0
0
0
0
0
0
0
0
0
0
0
0
0
66
217
226
202
125
0
0
0
0
0
0
0
0
0
0
0
0
0
0
54
234
185
36
59
182
0
0
0
0
0
0
0
0
0
0
0
0
0
0
85
147
9
0
143
165
0
0
0
0
0
0
0
0
0
0
0
0
0
89
13
0
63
180
228
59
0
0
0
0
0
0
0
0
0
0
0
0
0
152
149
185
237
203
64
0
0
0
0
0
0
0
0
0
0
0
0
0
0
102
209
176
85
8
0
0
0
0
0
0
0
0
0
0
0
0
0
0
0
0
13
0
0
0
0
0
0
0
0
0
0
0
0
0
0
0
0
0
0
0
0
0
0
0
0
0
0
0
0
0
0
0
0
0
0
0
0
0
0
0
0
0
0
0
0
0
0
0
0
0
0
0
0
0
0
0
0
0
0
0
0
0
0
0
0
0
0
0
0
0
0
0
0
0
0