0
0
0
0
0
0
0
0
0
0
0
0
0
0
0
0
0
0
0
0
0
0
0
0
0
0
0
0
0
0
0
0
0
0
0
0
0
0
0
0
0
0
0
0
0
0
0
13
8
0
11
30
4
0
0
0
0
0
0
0
0
0
0
0
0
0
16
173
174
32
97
249
147
12
0
0
0
0
0
0
0
0
0
0
0
0
92
253
255
137
87
255
255
135
0
0
0
0
0
0
0
0
0
0
0
4
163
255
255
88
3
129
224
247
87
0
0
0
0
0
0
0
0
0
0
79
248
255
197
31
0
0
37
196
231
40
0
0
0
0
0
0
0
0
17
197
255
236
63
0
0
0
0
69
250
179
0
0
0
0
0
0
0
0
77
254
255
162
0
0
0
0
0
0
145
247
91
0
0
0
0
0
0
0
127
255
255
92
0
0
0
0
0
0
59
255
170
5
0
0
0
0
0
0
139
255
220
26
0
0
0
0
0
0
59
253
219
23
0
0
0
0
0
0
92
255
210
18
0
0
0
0
0
21
171
255
197
15
0
0
0
0
0
0
32
210
250
50
0
0
0
0
12
175
255
255
119
0
0
0
0
0
0
0
0
108
255
110
0
0
0
20
158
255
255
135
4
0
0
0
0
0
0
0
0
29
216
198
20
7
72
190
255
255
184
8
0
0
0
0
0
0
0
0
0
0
77
244
253
241
250
255
255
167
29
0
0
0
0
0
0
0
0
0
0
0
0
86
177
253
255
228
140
11
0
0
0
0
0
0
0
0
0
0
0
0
0
0
8
33
37
25
2
0
0
0
0
0
0
0
0
0
0
0
0
0
0
0
0
0
0
0
0
0
0
0
0
0
0
0
0
0
0
0
0
0
0
0
0
0
0
0
0
0
0
0
0
0
0
0