0
0
0
0
0
0
0
0
0
0
0
0
0
0
0
0
0
0
0
0
0
0
0
0
0
0
0
0
0
0
0
0
0
0
0
0
0
0
0
0
0
0
0
0
0
0
0
0
0
0
0
0
0
0
0
0
0
0
0
0
0
0
0
0
0
0
0
0
0
0
0
0
0
0
0
0
0
0
0
0
0
0
0
0
0
0
0
14
127
166
170
72
0
0
0
0
0
0
0
0
0
0
0
0
0
0
6
155
134
67
103
208
76
0
0
0
0
0
0
0
0
0
0
0
0
0
84
149
0
0
0
86
185
9
0
0
0
0
0
0
0
0
0
0
0
16
157
41
0
0
0
35
210
41
0
0
0
0
0
0
0
0
0
0
0
78
148
5
0
0
0
60
218
50
0
0
0
0
0
0
0
0
0
0
0
116
102
0
0
0
0
112
226
34
0
0
0
0
0
0
0
0
0
0
0
138
98
0
0
0
91
222
227
35
0
0
0
0
0
0
0
0
0
0
0
119
223
122
133
168
181
114
205
32
0
0
0
0
0
0
0
0
0
0
0
27
180
230
218
141
19
47
196
3
0
0
0
0
0
0
0
0
0
0
0
0
0
12
3
0
0
88
203
0
0
0
0
0
0
0
0
0
0
0
0
0
0
0
0
0
0
112
183
0
0
0
0
0
0
0
0
0
0
0
0
0
0
0
0
0
0
114
159
0
0
0
0
0
0
0
0
0
0
0
0
0
0
0
0
0
0
111
136
0
0
0
0
0
0
0
0
0
0
0
0
0
0
0
0
0
0
143
141
0
0
0
0
0
0
0
0
0
0
0
0
0
0
0
0
0
0
67
70
0
0
0
0
0
0
0
0
0
0
0
0
0
0
0
0
0
0
0
0
0
0
0
0
0
0
0