0
0
0
0
0
0
0
0
0
0
0
0
0
0
0
0
0
0
0
0
0
0
0
0
0
0
0
0
0
0
0
0
0
0
0
0
0
0
0
0
0
0
0
0
0
0
0
0
35
144
192
119
26
0
0
0
0
0
0
0
0
0
0
0
0
0
0
21
177
219
184
239
191
17
0
0
0
0
0
0
0
0
0
0
0
0
0
156
255
83
4
53
77
9
0
0
0
0
0
0
0
0
0
0
0
0
36
239
172
6
0
0
0
0
0
0
0
0
0
0
0
0
0
0
0
0
127
255
102
0
0
0
0
0
0
0
0
0
0
0
0
0
0
0
0
0
149
253
63
0
0
0
0
0
0
0
0
0
0
0
0
0
0
0
0
5
176
212
7
8
66
124
78
35
0
0
0
0
0
0
0
0
0
0
0
25
205
176
0
159
248
255
252
205
44
0
0
0
0
0
0
0
0
0
0
24
203
107
120
244
183
122
177
250
180
2
0
0
0
0
0
0
0
0
0
20
196
136
166
122
0
0
10
207
251
10
0
0
0
0
0
0
0
0
0
0
159
212
95
30
0
0
15
211
248
10
0
0
0
0
0
0
0
0
0
0
103
248
88
0
0
0
96
247
228
7
0
0
0
0
0
0
0
0
0
0
6
189
240
116
44
66
237
237
84
0
0
0
0
0
0
0
0
0
0
0
0
37
161
223
252
245
205
77
0
0
0
0
0
0
0
0
0
0
0
0
0
0
0
41
99
83
24
0
0
0
0
0
0
0
0
0
0
0
0
0
0
0
0
0
0
0
0
0
0
0
0
0
0
0
0
0
0
0
0
0
0
0
0
0
0
0
0
0
0
0
0
0
0
0
0
0
0
0
0
0
0
0
0
0
0
0
0
0
0
0
0
0
0
0