0
0
0
0
0
0
0
0
0
0
0
0
0
0
0
0
0
0
0
0
0
0
0
0
0
0
0
0
0
0
0
0
0
0
0
0
0
0
0
0
0
0
0
0
0
0
0
0
0
0
0
0
0
0
0
0
0
0
0
0
0
0
0
0
0
0
0
0
0
0
0
0
0
0
0
0
0
0
0
0
0
0
0
0
0
0
0
0
0
0
32
102
153
169
41
0
0
0
0
0
0
0
0
0
0
0
0
0
39
163
226
211
162
200
173
4
0
0
0
0
0
0
0
0
0
0
0
86
225
180
73
29
0
87
235
15
0
0
0
0
0
0
0
0
0
0
104
230
150
18
0
0
67
231
124
0
0
0
0
0
0
0
0
0
0
101
249
105
0
0
0
92
240
160
103
25
0
0
0
0
0
0
0
0
12
231
154
0
0
0
107
227
104
112
242
78
0
0
0
0
0
0
0
0
36
229
58
0
0
1
173
104
127
252
166
12
0
0
0
0
0
0
0
0
41
244
100
0
46
90
180
216
255
210
30
0
0
0
0
0
0
0
0
0
6
188
223
194
211
204
190
242
238
65
0
0
0
0
0
0
0
0
0
0
0
11
68
87
40
42
180
235
89
0
0
0
0
0
0
0
0
0
0
0
0
0
0
0
9
174
254
100
0
0
0
0
0
0
0
0
0
0
0
0
0
0
0
1
120
248
122
0
0
0
0
0
0
0
0
0
0
0
0
0
0
0
3
138
255
142
1
0
0
0
0
0
0
0
0
0
0
0
0
0
0
0
105
255
142
3
0
0
0
0
0
0
0
0
0
0
0
0
0
0
0
0
71
134
16
0
0
0
0
0
0
0
0
0
0
0
0
0
0
0
0
0
0
0
0
0
0
0
0
0
0
0
0
0
0
0