0
0
0
0
0
0
0
0
0
0
0
0
0
0
0
0
0
0
0
0
0
0
0
0
0
0
0
0
0
0
0
0
0
0
0
0
0
0
0
0
0
0
0
0
0
0
0
0
0
0
0
0
2
141
118
0
0
0
0
0
0
0
0
0
0
0
0
0
0
0
0
0
10
191
142
0
0
0
0
0
0
0
0
0
0
0
0
0
19
117
166
35
22
244
88
0
0
0
0
0
0
0
0
0
0
0
0
41
218
195
148
87
47
225
44
0
11
0
0
0
0
0
0
0
0
0
0
106
245
49
0
0
166
186
13
26
43
0
0
0
0
0
0
0
0
0
0
89
252
95
0
62
230
74
0
17
24
0
0
0
0
0
0
0
0
0
0
5
154
244
101
179
152
0
0
0
0
0
0
0
0
0
0
0
0
0
0
0
3
152
255
209
33
0
0
20
29
0
0
0
0
0
0
0
0
0
0
0
0
138
255
198
9
0
0
15
21
0
0
0
0
0
0
0
0
0
0
19
158
225
127
208
82
0
0
0
0
0
0
0
0
0
0
0
0
0
0
141
255
89
2
189
166
0
0
0
0
0
0
0
0
0
0
0
0
0
63
248
159
0
34
221
159
0
0
0
0
0
0
0
0
0
0
0
0
0
167
245
39
36
189
240
68
0
0
0
0
0
0
0
0
0
0
0
0
0
118
246
239
233
210
83
0
0
0
6
8
0
0
0
0
0
0
0
0
0
7
67
87
68
19
0
0
0
0
8
12
0
0
0
0
0
0
0
0
0
0
0
0
0
0
0
0
0
0
0
0
0
0
0
0
0
0
0
0
0
0
0
0
0
0
0
0
0
0
0
0
0
0
0
0
0
0
0
0
0
0
0
0
0
0
0
0
0
0
0
0
0
0
0