0
0
0
0
0
0
0
0
0
0
0
0
0
0
0
0
0
0
0
0
0
0
0
0
0
0
0
0
0
0
0
0
0
0
0
0
0
0
0
0
0
0
0
0
0
0
0
0
0
0
0
0
0
0
0
0
0
0
0
0
0
0
0
0
0
0
0
0
0
0
0
0
0
0
0
17
74
8
0
0
0
0
0
0
0
0
0
0
0
0
44
8
0
0
0
129
205
18
0
0
0
0
0
0
0
0
0
0
0
69
200
59
0
0
76
249
129
0
0
0
0
0
0
0
0
0
0
0
85
222
145
11
0
46
223
195
16
0
0
0
0
0
0
0
0
0
0
54
239
199
9
0
46
219
235
48
0
0
0
0
0
0
0
0
0
0
0
190
243
78
0
15
196
247
87
0
0
0
0
0
0
0
0
0
0
0
51
245
156
0
0
133
255
128
0
2
5
0
0
0
0
0
0
0
0
0
80
254
213
109
160
255
182
6
0
10
14
0
0
0
0
0
0
0
0
6
31
121
222
255
255
196
36
0
0
0
0
0
0
0
0
0
0
0
0
5
4
0
71
245
213
37
0
0
0
0
0
0
0
0
0
0
0
0
0
0
0
26
175
209
55
0
0
0
0
0
0
0
0
0
0
0
0
0
0
0
8
177
247
66
0
0
0
0
0
0
0
0
0
0
0
0
0
0
0
0
102
246
100
0
0
0
0
0
0
0
0
0
0
0
0
0
0
0
0
20
197
173
3
0
0
0
0
0
0
0
0
0
0
0
0
0
0
0
0
32
176
77
0
0
0
0
0
0
0
0
0
0
0
0
0
0
0
0
0
0
0
0
0
0
0
0
0
0
0
0
0
0
0
0
0
0
0
0
0
0
0
0
0
0
0
0
0
0
0
0
0
0
0
0