0
0
0
0
0
0
0
0
0
0
0
0
0
0
0
0
0
0
0
0
0
0
0
0
0
0
0
0
0
0
0
0
0
0
0
0
0
0
0
0
0
0
0
0
0
0
0
0
0
54
166
222
203
58
0
0
0
0
0
0
0
0
0
0
0
0
0
9
111
222
255
255
255
219
70
0
0
0
0
0
0
0
0
0
0
0
0
128
255
233
174
127
232
255
116
0
0
0
0
0
0
0
0
0
0
0
0
165
229
73
0
0
192
255
113
0
0
0
0
0
0
0
0
0
0
0
0
44
59
10
0
26
213
255
114
0
0
0
0
0
0
0
0
0
0
0
0
0
0
0
0
67
239
255
105
0
0
0
0
0
0
0
0
0
0
0
0
0
0
0
0
88
252
205
29
0
0
0
0
0
0
0
0
0
0
1
31
13
2
0
93
226
255
121
0
0
0
0
0
0
0
0
0
0
31
186
223
210
191
111
180
255
233
49
0
0
0
0
0
0
0
0
0
34
174
240
216
219
245
255
255
253
237
59
0
0
0
0
0
0
0
0
0
91
253
158
46
70
199
255
255
255
254
203
79
1
0
0
0
0
0
0
0
113
252
226
239
255
254
253
207
192
248
255
250
144
26
0
0
0
0
0
0
46
222
255
255
253
239
128
27
16
94
230
255
255
142
2
0
0
0
0
0
0
64
138
141
113
26
2
0
0
0
36
170
255
157
3
0
0
0
0
0
0
0
0
0
0
0
0
0
0
0
0
25
104
44
0
0
0
0
0
0
0
0
0
0
0
0
0
0
0
0
0
0
0
0
0
0
0
0
0
0
0
0
0
0
0
0
0
0
0
0
0
0
0
0
0
0
0
0
0
0
0
0
0
0
0
0
0
0
0
0
0
0
0
0
0
0
0