0
0
0
0
0
0
0
0
0
0
0
0
0
0
0
0
0
0
0
0
0
0
0
0
0
0
0
0
0
0
0
0
0
0
0
0
0
0
0
0
0
0
0
0
0
0
0
0
0
0
0
0
0
0
0
0
0
0
0
0
0
0
0
0
0
0
0
0
0
0
0
0
0
0
0
0
0
0
0
0
0
0
0
0
0
0
5
35
114
115
116
76
176
185
162
6
0
0
0
0
0
0
0
0
0
100
197
241
255
255
255
254
255
255
250
48
0
0
0
0
0
0
0
0
7
227
255
237
222
250
160
125
204
254
255
110
0
0
0
0
0
0
0
0
0
54
174
81
20
27
0
62
205
255
243
114
0
0
0
0
0
0
0
0
0
0
0
0
0
26
107
234
255
251
148
0
0
0
0
0
0
0
0
0
0
0
0
4
126
217
249
255
217
72
20
0
0
0
0
0
0
0
0
0
0
0
1
133
255
255
254
255
206
57
0
0
0
0
0
0
0
0
0
0
0
0
18
203
255
255
255
255
255
246
88
0
0
0
0
0
0
0
0
0
0
0
0
54
190
186
193
156
140
214
152
0
0
0
0
0
0
0
0
0
0
0
0
0
0
0
0
0
20
190
172
1
0
0
0
0
0
0
0
0
0
0
0
0
0
0
0
44
186
255
136
0
0
0
0
0
0
0
0
0
0
0
0
0
11
39
126
246
255
149
4
0
0
0
0
0
0
0
0
0
0
0
31
96
181
229
255
181
115
23
0
0
0
0
0
0
0
0
0
0
83
194
216
240
243
212
125
34
0
0
0
0
0
0
0
0
0
0
0
0
87
143
92
80
49
4
0
0
0
0
0
0
0
0
0
0
0
0
0
0
0
0
0
0
0
0
0
0
0
0
0
0
0
0
0
0