0
0
0
0
0
0
0
0
0
0
0
0
0
0
0
0
0
0
0
0
0
0
0
0
0
0
0
0
0
0
0
0
0
0
0
0
0
0
0
0
0
0
0
0
0
0
0
0
0
0
0
0
0
0
0
0
0
0
0
0
0
0
0
0
0
0
0
0
0
0
0
0
0
0
0
0
0
0
0
0
0
0
0
0
0
20
64
113
127
126
124
152
189
99
0
0
0
0
0
0
0
0
0
0
0
40
143
154
179
174
178
151
227
203
22
0
0
0
0
0
0
0
0
0
0
0
0
0
2
0
1
0
199
156
0
0
0
0
0
0
0
0
0
0
0
0
0
0
0
0
0
128
238
38
0
0
0
0
0
0
0
0
0
0
0
0
0
0
0
0
27
212
154
0
0
0
0
0
0
0
0
0
0
0
0
0
0
0
0
0
90
255
38
0
0
0
0
0
0
0
0
0
0
0
0
0
0
0
1
16
188
199
41
29
50
30
0
0
0
0
0
0
0
0
0
10
92
140
171
187
255
238
215
209
223
80
0
0
0
0
0
0
0
0
0
40
194
133
149
249
230
155
102
72
34
5
0
0
0
0
0
0
0
0
0
5
18
0
44
230
127
0
0
0
0
0
0
0
0
0
0
0
0
0
0
0
0
0
149
238
31
0
0
0
0
0
0
0
0
0
0
0
0
0
0
0
0
55
236
144
0
0
0
0
0
0
0
0
0
0
0
0
0
0
0
0
0
155
232
36
0
0
0
0
0
0
0
0
0
0
0
0
0
0
0
0
76
253
138
0
0
0
0
0
0
0
0
0
0
0
0
0
0
0
0
0
55
133
30
0
0
0
0
0
0
0
0
0
0
0
0
0
0
0
0
0
0
0
0
0
0
0
0
0
0
0
0
0
0
0