0
0
0
0
0
0
0
0
0
0
0
0
0
0
0
0
0
0
0
0
0
0
0
0
0
0
0
0
0
0
0
0
0
0
0
0
0
0
0
0
0
0
0
0
0
0
0
0
0
0
0
8
2
0
0
0
0
0
0
0
0
0
0
0
0
0
0
0
0
0
0
122
135
0
0
0
0
0
0
0
0
0
0
0
0
0
0
0
0
0
13
191
189
0
0
0
0
0
0
0
0
0
0
0
0
0
0
0
0
0
29
212
142
0
0
0
0
0
0
0
0
0
0
0
0
0
0
0
0
0
52
236
62
0
0
0
0
0
0
0
0
0
0
0
0
0
0
0
0
0
110
238
29
0
0
0
0
0
0
0
0
0
0
0
0
0
0
0
0
2
182
207
17
0
0
0
0
0
0
0
0
0
0
0
0
0
0
0
0
9
235
143
0
0
0
0
0
0
0
0
0
0
0
0
0
0
0
0
0
65
238
71
0
0
0
0
0
0
0
0
0
0
0
0
0
0
0
0
0
149
240
62
0
0
0
0
0
0
0
0
0
0
0
0
0
0
0
0
0
164
214
22
0
0
0
0
0
0
0
0
0
0
0
0
0
0
0
0
6
189
161
0
0
0
0
0
0
0
0
0
0
0
0
0
0
0
0
0
43
221
91
0
0
0
0
0
0
0
0
0
0
0
0
0
0
0
0
0
85
241
57
0
0
0
0
0
0
0
0
0
0
0
0
0
0
0
0
0
116
185
0
0
0
0
0
0
0
0
0
0
0
0
0
0
0
0
0
0
14
15
0
0
0
0
0
0
0
0
0
0
0
0
0
0
0
0
0
0
0
0
0
0
0
0
0
0
0
0
0
0
0
0
0
0
0
0
0
0
0
0
0
0
0
0
0
0
0
0
0
0