0
0
0
0
0
0
0
0
0
0
0
0
0
0
0
0
0
0
0
0
0
0
0
0
0
0
0
0
0
0
0
0
0
0
0
0
0
0
0
0
0
0
0
0
0
0
0
0
0
0
0
0
0
0
0
0
0
0
0
0
0
0
0
0
0
0
0
0
0
0
0
0
0
0
0
0
0
0
0
0
0
0
0
0
0
0
0
0
0
0
1
6
0
0
0
0
0
0
0
0
0
0
0
0
0
0
0
0
47
143
172
217
125
2
0
0
0
0
0
0
0
0
0
0
0
0
0
88
240
255
238
251
238
42
0
0
0
0
0
0
0
0
0
0
0
0
50
230
199
77
26
30
194
158
10
0
0
0
0
0
0
0
0
0
0
0
116
194
18
0
0
0
169
211
28
0
0
0
0
0
0
0
0
0
0
14
184
124
0
0
0
24
218
205
26
0
0
0
0
0
0
0
0
0
0
28
210
144
0
0
28
174
255
168
3
0
0
0
0
0
0
0
0
0
0
23
201
247
137
96
200
246
163
165
0
0
0
0
0
0
0
0
0
0
0
0
77
238
255
254
232
91
169
151
0
0
0
0
0
0
0
0
0
0
0
0
0
73
139
113
42
0
179
124
0
0
0
0
0
0
0
0
0
0
0
0
0
0
0
0
0
1
189
101
0
0
0
0
0
0
0
0
0
0
0
0
0
0
0
0
0
10
201
65
0
0
0
0
0
0
0
0
0
0
0
0
0
0
0
0
0
16
190
29
0
0
0
0
0
0
0
0
0
0
0
0
0
0
0
0
0
71
216
27
0
0
0
0
0
0
0
0
0
0
0
0
0
0
0
0
0
62
194
15
0
0
0
0
0
0
0
0
0
0
0
0
0
0
0
0
0
6
38
0
0
0
0
0
0
0