0
0
0
0
0
0
0
0
0
0
0
0
0
0
0
0
0
0
0
0
0
0
0
0
0
0
0
0
0
6
125
127
12
0
0
0
0
0
0
0
0
0
0
0
0
0
0
0
0
44
255
203
16
0
0
0
0
0
0
0
0
0
0
0
0
0
0
0
0
159
236
60
0
0
0
0
0
0
0
0
0
0
0
0
0
0
0
0
37
226
179
0
0
0
0
0
0
0
0
0
0
0
0
0
0
0
0
0
78
239
66
0
0
0
0
0
0
0
0
0
0
0
0
0
0
0
0
0
149
237
6
0
0
0
0
0
0
0
0
0
0
0
0
0
0
0
0
27
240
184
2
0
0
0
0
0
0
0
0
0
0
0
0
0
0
0
0
38
252
121
0
0
0
0
0
0
0
0
0
0
0
0
0
0
0
0
0
88
255
63
0
47
17
0
0
0
0
0
0
0
0
0
0
0
0
0
0
105
228
92
202
224
227
150
13
0
0
0
0
0
0
0
0
0
0
0
0
101
255
234
178
67
125
251
132
0
0
0
0
0
0
0
0
0
0
0
0
81
255
114
1
0
33
252
229
7
0
0
0
0
0
0
0
0
0
0
0
31
251
195
29
73
180
255
149
0
0
0
0
0
0
0
0
0
0
0
0
4
153
255
220
242
223
109
12
0
0
0
0
0
0
0
0
0
0
0
0
0
19
104
172
115
33
0
0
0
0
0
0
0
0
0
0
0
0
0
0
0
0
0
0
0
0
0
0
0
0
0
0
0
0
0
0
0
0
0
0
0
0
0
0
0
0
0
0
0
0
0
0
0
0
0
0
0
0
0
0
0
0
0
0
0
0
0
0
0
0
0
0
0
0
0
0
0
0
0
0
0
0
0
0
0
0
0
0
0
0
0
0
0