0
0
0
0
0
0
0
0
0
0
0
0
0
0
0
0
0
0
0
0
0
0
0
0
0
0
0
0
0
0
0
0
0
0
0
0
0
0
0
0
0
0
0
0
0
0
0
0
0
0
0
0
0
0
0
0
0
0
0
0
0
0
0
0
0
0
0
0
0
0
0
0
0
0
0
0
0
0
0
0
0
0
0
0
0
0
0
0
0
0
0
0
0
0
0
0
0
0
0
0
0
0
0
3
21
23
22
24
55
72
71
64
24
0
0
0
0
0
0
0
0
0
0
97
200
199
198
201
246
255
255
255
204
95
0
0
0
0
0
0
0
0
0
131
248
244
244
242
207
187
189
198
247
246
68
0
0
0
0
0
0
0
0
16
56
59
59
56
15
0
0
1
80
242
98
0
0
0
0
0
0
0
0
0
0
0
0
0
0
0
0
0
9
199
102
0
0
0
0
0
0
0
0
0
0
0
0
0
0
0
0
0
15
198
177
1
0
0
0
0
0
0
0
0
0
0
0
0
0
0
0
0
14
198
178
1
0
0
0
0
0
0
0
0
0
0
0
0
0
0
0
0
16
210
107
0
0
0
0
0
0
0
0
0
0
0
0
0
0
0
0
0
78
248
81
0
0
0
0
0
0
0
0
0
0
0
0
0
0
0
0
6
185
202
24
0
0
0
0
0
0
0
0
0
0
0
0
0
0
0
0
52
237
108
0
0
0
0
0
0
0
0
0
0
0
0
0
0
0
0
24
188
226
35
0
0
0
0
0
0
0
0
0
0
0
0
0
0
0
0
83
252
75
0
0
0
0
0
0
0
0
0
0
0
0
0
0
0
0
1
170
219
17
0
0
0
0
0
0
0
0
0
0
0
0
0
0
0
0
29
223
121
0
0
0
0
0
0
0
0