0
0
0
0
0
0
0
0
0
0
0
0
0
0
0
0
0
0
0
0
0
0
0
0
0
0
0
0
0
0
0
0
0
0
0
0
0
0
0
0
0
0
0
0
0
0
0
0
0
0
0
0
0
0
0
0
0
0
0
0
0
0
0
0
0
0
0
0
0
0
49
114
56
0
0
0
0
0
0
0
0
0
0
0
0
0
0
0
0
22
215
255
159
0
0
0
0
0
0
0
0
0
0
0
0
0
0
0
0
38
250
255
161
0
0
0
0
0
0
0
0
0
0
0
0
0
0
0
0
37
246
255
163
0
0
0
0
0
0
0
0
0
0
0
0
0
0
0
0
11
218
219
40
0
0
0
0
0
0
0
0
0
0
0
0
0
0
0
0
63
252
183
8
0
0
0
0
0
0
0
0
0
0
0
0
0
0
0
0
133
255
136
0
0
0
0
0
0
0
0
0
0
0
0
0
0
0
0
0
173
246
68
0
0
0
0
0
0
0
0
0
0
0
0
0
0
0
0
13
201
221
33
0
0
0
0
0
0
0
0
0
0
0
0
0
0
0
0
56
236
217
32
0
0
0
0
0
0
0
0
0
0
0
0
0
0
0
0
72
249
194
0
0
0
0
0
0
0
0
0
0
0
0
0
0
0
0
0
71
249
171
0
0
0
0
0
0
0
0
0
0
0
0
0
0
0
0
0
71
242
116
0
0
0
0
0
0
0
0
0
0
0
0
0
0
0
0
0
73
251
157
0
0
0
0
0
0
0
0
0
0
0
0
0
0
0
0
0
49
199
106
0
0
0
0
0
0
0
0
0
0
0
0
0
0
0
0
0
0
0
0
0
0
0
0
0
0
0
0
0
0
0
0
0
0
0
0
0
0
0
0
0
0
0
0
0
0
0
0
0