0
0
0
0
0
0
0
0
0
0
0
0
0
0
0
0
0
0
0
0
0
0
0
0
0
0
0
0
0
0
0
0
0
0
0
0
0
0
0
0
0
0
0
0
0
0
0
0
0
0
0
0
0
0
0
0
0
0
0
0
0
0
0
0
0
0
0
0
0
0
0
37
81
115
56
0
0
0
0
0
0
0
0
0
0
0
0
0
0
21
136
224
239
240
216
23
0
0
0
0
0
0
0
0
0
0
0
3
101
218
249
167
54
78
244
183
8
0
0
0
0
0
0
0
0
0
0
116
255
217
81
0
13
209
250
88
7
0
0
0
0
0
0
0
0
0
40
234
192
35
0
0
148
255
91
0
0
0
0
0
0
0
0
0
0
0
118
252
85
0
0
67
241
153
3
0
0
0
0
0
0
0
0
0
0
0
78
251
172
9
43
220
227
31
0
0
0
0
0
0
0
0
0
0
0
0
4
144
253
185
206
239
59
0
0
0
0
0
0
0
0
0
0
0
0
0
0
4
117
247
255
156
0
0
0
0
0
0
0
0
0
0
0
0
0
0
0
0
101
251
254
214
35
0
0
0
0
0
0
0
0
0
0
0
0
0
0
54
244
207
113
239
152
0
0
0
0
0
0
0
0
0
0
0
0
0
13
198
233
51
45
240
198
0
0
0
0
0
0
0
0
0
0
0
0
0
40
235
140
88
229
231
69
0
0
0
0
0
0
0
0
0
0
0
0
0
66
242
233
254
214
59
0
0
0
0
0
0
0
0
0
0
0
0
0
0
25
193
225
152
29
0
0
0
0
0
0
0
0
0
0
0
0
0
0
0
0
0
0
0
0
0
0
0
0
0
0
0
0
0
0
0
0
0
0
0
0
0
0
0
0
0
0
0
0
0
0
0
0
0