0
0
0
0
0
0
0
0
0
0
0
0
0
0
0
0
0
0
0
0
0
0
0
0
0
0
0
0
0
0
0
0
0
0
0
0
0
0
0
0
0
0
0
0
0
0
0
0
0
0
0
0
0
0
0
0
0
0
0
0
0
0
0
0
0
0
0
0
0
0
0
0
0
0
0
0
0
0
0
0
0
0
0
0
0
0
0
0
0
107
150
147
142
70
6
0
0
0
0
0
0
0
0
0
0
11
99
79
133
250
255
255
255
245
179
40
3
0
0
0
0
0
0
0
49
166
255
255
255
255
255
255
255
255
255
216
56
0
0
0
0
0
0
48
215
255
255
248
223
227
246
209
187
235
255
255
142
2
0
0
0
0
0
135
255
255
233
103
11
26
83
20
0
63
213
255
255
36
0
0
0
0
19
208
255
234
84
0
0
0
0
0
0
0
125
255
255
36
0
0
0
0
31
242
255
202
13
0
0
0
0
0
0
0
115
255
255
36
0
0
0
0
9
176
255
201
13
0
0
0
0
0
0
24
184
255
255
37
0
0
0
0
6
171
255
219
55
0
0
0
0
0
14
145
255
255
161
7
0
0
0
0
0
116
248
255
229
105
12
0
50
100
185
255
255
227
63
0
0
0
0
0
0
12
184
255
255
248
186
169
224
255
255
255
247
64
7
0
0
0
0
0
0
0
29
137
240
255
255
255
255
255
245
214
122
0
0
0
0
0
0
0
0
0
0
3
74
140
214
225
178
156
86
31
0
0
0
0
0
0
0
0
0
0
0
0
0
0
21
25
10
2
0
0
0
0
0
0
0
0
0
0
0
0
0
0
0
0
0
0
0
0
0
0
0
0
0
0
0
0
0
0
0
0
0
0
0
0
0
0
0
0
0
0
0
0
0
0
0
0