0
0
0
0
0
0
0
0
0
0
0
0
0
0
0
0
0
0
0
0
0
0
0
0
0
0
0
0
0
0
0
0
0
0
0
0
0
0
0
0
0
0
0
0
0
0
0
0
0
0
0
0
0
0
0
0
0
0
0
0
0
0
0
0
0
0
0
0
4
68
87
12
0
0
0
0
0
0
0
0
0
0
0
0
0
0
0
71
179
243
255
143
0
36
52
0
0
0
0
0
0
0
0
0
0
0
72
239
255
229
206
193
33
179
223
7
0
0
0
0
0
0
0
0
0
0
144
255
161
44
19
49
130
255
192
3
0
0
0
0
0
0
0
0
0
0
152
219
12
0
0
49
237
220
70
0
0
0
0
0
0
0
0
0
0
0
126
209
10
0
17
184
255
112
0
0
0
0
0
0
0
0
0
0
0
0
41
227
110
0
106
255
171
10
0
0
0
0
0
0
0
0
0
0
0
0
0
155
249
134
232
217
22
0
0
0
0
0
0
0
0
0
0
0
0
0
0
40
187
255
248
96
0
0
0
0
0
0
0
0
0
0
0
0
0
0
0
0
113
254
255
116
0
0
0
0
0
0
0
0
0
0
0
0
0
0
0
38
209
179
192
249
89
0
0
0
0
0
0
0
0
0
0
0
0
0
0
127
234
49
27
199
219
5
0
0
0
0
0
0
0
0
0
0
0
0
0
207
208
117
151
229
231
8
0
0
0
0
0
0
0
0
0
0
0
0
0
172
255
255
255
255
137
0
0
0
0
0
0
0
0
0
0
0
0
0
0
49
179
207
139
66
4
0
0
0
0
0
0
0
0
0
0
0
0
0
0
0
0
0
0
0
0
0
0
0
0
0
0
0
0
0
0
0
0
0
0
0
0
0
0
0
0
0
0
0
0
0
0
0