0
0
0
0
0
0
0
0
0
0
0
0
0
0
0
0
0
0
0
0
0
0
0
0
0
0
0
0
0
0
0
0
0
0
0
0
0
0
0
0
0
0
0
0
0
0
0
0
0
19
36
36
35
9
0
0
0
0
0
0
0
0
0
0
0
0
0
0
86
210
255
255
255
162
69
8
0
0
0
0
0
0
0
0
0
0
0
94
240
255
255
255
255
255
239
30
0
0
0
0
0
0
0
0
0
0
60
234
255
253
243
223
194
227
221
28
0
0
0
0
0
0
0
0
0
31
182
255
254
249
92
42
22
49
48
6
0
0
0
0
0
0
0
0
0
131
255
253
253
251
119
29
0
0
0
0
0
0
0
0
0
0
0
0
5
175
255
254
254
254
255
190
58
36
0
0
0
0
0
0
0
0
0
0
4
163
254
249
249
248
253
244
229
214
67
0
0
0
0
0
0
0
0
0
0
35
67
65
65
62
84
165
223
255
222
18
0
0
0
0
0
0
0
0
0
0
0
0
0
0
0
0
37
158
254
79
0
0
0
0
0
0
0
0
0
0
0
0
0
0
0
0
0
79
255
171
8
0
0
0
0
0
0
0
0
74
138
72
42
31
36
31
50
148
255
153
0
0
0
0
0
0
0
0
4
173
255
236
218
205
210
206
229
250
255
142
0
0
0
0
0
0
0
0
14
213
255
255
255
255
255
255
255
255
198
57
0
0
0
0
0
0
0
0
0
58
155
234
255
255
255
237
171
127
14
0
0
0
0
0
0
0
0
0
0
0
2
28
36
36
36
29
7
0
0
0
0
0
0
0
0
0
0
0
0
0
0
0
0
0
0
0
0
0
0
0
0
0
0
0
0
0
0
0
0
0
0
0
0
0
0
0
0
0
0
0
0
0
0
0