0
0
0
0
0
0
0
0
0
0
0
0
0
0
0
0
0
0
0
0
0
0
0
0
0
0
0
0
0
0
0
0
0
0
0
0
0
0
0
0
0
0
0
0
0
0
0
0
0
0
0
0
0
0
0
0
0
0
0
0
0
0
0
0
0
0
0
0
0
0
0
0
0
0
0
0
0
0
0
0
0
0
0
0
0
74
160
189
190
192
168
49
0
0
0
0
0
0
0
0
0
0
0
0
51
235
255
243
214
217
232
243
81
0
0
0
0
0
0
0
0
0
0
0
136
255
190
63
19
22
59
198
227
60
0
0
0
0
0
0
0
0
0
0
138
243
70
0
0
0
0
107
255
145
0
0
0
0
0
0
0
0
0
0
141
218
32
0
0
0
0
17
195
170
0
0
0
0
0
0
0
0
0
0
136
243
70
0
0
0
0
42
219
243
69
0
0
0
0
0
0
0
0
0
33
209
231
87
46
40
100
214
255
255
126
0
0
0
0
0
0
0
0
0
0
68
225
252
234
228
255
255
255
255
123
0
0
0
0
0
0
0
0
0
0
1
29
146
198
221
237
163
65
203
228
30
0
0
0
0
0
0
0
0
0
0
0
0
5
28
43
6
0
156
255
122
0
0
0
0
0
0
0
0
0
0
0
0
0
0
0
0
0
113
255
190
0
0
0
0
0
0
0
0
0
0
0
0
0
0
0
0
0
60
245
187
0
0
0
0
0
0
0
0
0
0
0
0
0
0
0
0
0
10
185
195
0
0
0
0
0
0
0
0
0
0
0
0
0
0
0
0
0
0
65
241
106
0
0
0
0
0
0
0
0
0
0
0
0
0
0
0
0
0
18
90
23
0
0
0
0
0
0
0
0
0
0
0
0
0
0
0
0
0
0
0
0
0
0
0