0
0
0
0
0
0
0
0
0
0
0
0
0
0
0
0
0
0
0
0
0
0
0
0
0
0
0
0
0
0
0
0
0
0
0
0
0
0
0
0
0
0
0
0
0
0
0
0
0
0
0
0
0
0
0
0
0
0
0
0
0
0
0
0
0
0
0
0
0
0
0
0
0
0
0
0
0
0
0
0
0
0
0
0
0
0
0
0
0
0
0
8
11
12
2
0
0
0
0
0
0
0
0
0
0
0
0
0
0
9
117
228
250
240
168
11
0
0
0
0
0
0
0
0
0
0
0
0
16
158
253
150
89
81
197
86
0
0
0
0
0
0
0
0
0
0
0
0
131
242
78
4
0
0
170
148
0
0
0
0
0
0
0
0
0
0
0
54
222
111
0
0
50
153
230
102
0
0
0
0
0
0
0
0
0
0
0
129
229
92
113
138
232
215
65
0
0
0
0
0
0
0
0
0
0
0
0
59
183
194
231
255
212
51
0
0
0
0
0
0
0
0
0
0
0
0
0
0
0
91
225
174
42
0
0
0
0
0
0
0
0
0
0
0
0
0
0
0
82
225
139
8
0
0
0
0
0
0
0
0
0
0
0
0
0
0
0
73
228
150
10
0
0
0
0
0
0
0
0
0
0
0
0
0
0
0
62
231
163
16
0
0
0
0
0
0
0
0
0
0
0
0
0
0
0
66
232
168
12
0
0
0
0
0
0
0
0
0
0
0
0
0
0
0
72
216
151
13
0
0
0
0
0
0
0
0
0
0
0
0
0
0
0
51
212
134
4
0
0
0
0
0
0
0
0
0
0
0
0
0
0
0
32
187
116
0
0
0
0
0
0
0
0
0
0
0
0
0
0
0
0
0
22
58
0
0
0
0
0
0
0
0
0
0
0
0
0
0
0
0