0
0
0
0
0
0
0
0
0
0
0
0
0
0
0
0
0
0
0
0
0
0
0
0
0
0
0
0
0
0
0
0
0
0
0
0
0
0
0
0
0
0
0
0
0
0
0
0
0
0
0
5
34
19
0
0
0
0
0
0
0
0
0
0
0
0
0
0
0
0
0
53
248
134
0
0
0
0
0
0
0
0
0
0
0
0
0
0
0
0
9
153
255
127
0
0
0
0
0
0
0
0
0
0
0
0
0
0
0
0
30
212
243
59
0
0
0
0
0
0
0
0
0
0
0
0
0
0
0
0
59
255
129
1
0
0
0
0
0
0
0
0
0
0
0
0
0
0
0
6
176
255
63
0
0
0
0
0
0
0
0
0
0
0
0
0
0
0
0
56
255
213
25
0
0
0
0
0
0
0
0
0
0
0
0
0
0
0
0
118
255
144
0
0
0
0
0
0
0
0
0
0
0
0
0
0
0
0
9
175
249
82
0
0
0
0
0
0
0
0
0
0
0
0
0
0
0
0
63
241
227
45
0
0
0
0
0
0
0
0
0
0
0
0
0
0
0
0
86
255
170
0
0
0
0
0
0
0
0
0
0
0
0
0
0
0
0
1
154
243
50
0
0
0
0
0
0
0
0
0
0
0
0
0
0
0
0
83
245
220
3
0
0
0
0
0
0
0
0
0
0
0
0
0
0
0
0
119
255
147
0
0
0
0
0
0
0
0
0
0
0
0
0
0
0
0
0
120
255
103
0
0
0
0
0
0
0
0
0
0
0
0
0
0
0
0
0
17
35
10
0
0
0
0
0
0
0
0
0
0
0
0
0
0
0
0
0
0
0
0
0
0
0
0
0
0
0
0
0
0
0
0
0
0
0
0
0
0
0
0
0
0
0
0
0
0
0
0
0
0