0
0
0
0
0
0
0
0
0
0
0
0
0
0
0
0
0
0
0
0
0
0
0
0
0
0
0
0
0
0
0
0
0
0
0
0
0
0
0
0
0
0
0
0
0
0
0
0
0
0
1
14
17
37
8
0
0
0
0
0
0
0
0
0
0
0
0
0
0
28
138
196
203
255
179
60
0
0
0
0
0
0
0
0
0
0
0
0
0
115
252
194
208
167
198
175
1
0
0
0
0
0
0
0
0
0
0
0
0
93
108
3
5
0
122
187
8
0
0
0
0
0
0
0
0
0
0
0
27
38
0
0
0
20
184
177
3
0
0
0
0
0
0
0
0
0
0
0
113
143
0
0
32
185
243
88
0
0
0
0
0
0
0
0
0
0
0
0
104
218
59
105
228
222
68
0
0
0
0
0
0
0
0
0
0
0
0
0
26
213
236
250
179
47
0
0
0
0
0
0
0
0
0
0
0
0
0
4
77
233
255
159
6
0
0
0
0
0
0
0
0
0
0
0
0
0
0
110
218
172
248
130
0
0
0
0
0
0
0
0
0
0
0
0
0
0
114
240
103
2
200
175
7
0
0
0
0
0
0
0
0
0
0
0
0
70
243
120
0
7
212
189
12
0
0
0
0
0
0
0
0
0
0
0
0
116
231
17
0
83
255
138
0
0
0
0
0
0
0
0
0
0
0
0
0
97
253
118
139
244
219
48
0
0
0
0
0
0
0
0
0
0
0
0
0
24
193
255
255
229
83
0
0
0
0
0
0
0
0
0
0
0
0
0
0
0
17
38
37
25
0
0
0
0
0
0
0
0
0
0
0
0
0
0
0
0
0
0
0
0
0
0
0
0
0
0
0
0
0
0
0
0
0
0
0
0
0
0
0
0
0
0
0
0
0
0
0
0
0
0