0
0
0
0
0
0
0
0
0
0
0
0
0
0
0
0
0
0
0
0
0
0
0
0
0
0
0
0
0
0
0
0
0
0
0
0
0
0
0
0
0
0
0
0
0
0
7
32
30
33
22
0
0
0
0
0
0
0
0
0
0
0
0
0
0
42
167
211
160
170
176
143
48
0
0
0
0
0
0
0
0
0
0
0
4
146
113
44
24
25
48
139
209
101
0
0
0
0
0
0
0
0
0
0
4
56
2
0
0
0
0
0
71
209
65
0
0
0
0
0
0
0
0
0
0
0
0
0
0
0
0
0
0
141
144
0
0
0
0
0
0
0
0
0
0
0
0
0
0
0
0
0
0
133
164
0
0
0
0
0
0
0
0
0
0
0
0
0
0
0
0
0
9
185
111
0
0
0
0
0
0
0
0
0
0
13
95
90
19
0
0
0
119
206
28
0
0
0
0
0
0
0
0
0
0
12
153
255
223
103
12
116
228
78
0
0
0
0
0
0
0
0
0
0
0
0
10
111
216
243
203
205
72
0
0
0
0
0
0
0
0
0
0
0
0
0
0
0
19
46
179
188
23
0
0
0
0
0
0
0
0
0
0
0
0
0
0
0
0
0
2
136
186
15
0
0
0
0
0
0
0
0
0
30
153
65
0
0
0
0
0
0
206
122
0
0
0
0
0
0
0
0
0
26
180
230
134
18
0
0
7
55
224
145
0
0
0
0
0
0
0
0
0
0
11
81
180
195
131
114
181
214
140
26
0
0
0
0
0
0
0
0
0
0
0
0
8
42
41
37
46
31
0
0
0
0
0
0
0
0
0
0
0
0
0
0
0
0
0
0
0
0
0
0
0
0
0
0
0
0
0
0
0
0
0
0
0
0
0
0
0
0
0
0
0
0
0
0
0
0