0
0
0
0
0
0
0
0
0
0
0
0
0
0
0
0
0
0
0
0
0
0
0
0
0
0
0
0
0
0
0
0
0
0
0
0
0
0
0
0
0
0
0
0
0
0
0
0
0
0
0
0
0
0
0
0
0
0
0
0
0
0
0
0
0
0
0
0
0
0
0
0
0
0
0
0
0
0
0
0
0
0
0
0
0
0
0
0
0
3
43
102
116
117
49
0
0
0
0
0
0
0
0
0
0
0
0
1
79
186
248
255
254
255
241
34
0
0
0
0
0
0
0
0
0
0
11
145
249
255
250
226
249
255
225
23
0
0
0
0
0
0
0
0
0
0
61
235
223
178
65
92
243
252
114
0
0
0
0
0
0
0
0
0
0
0
17
66
24
0
10
177
255
226
39
0
0
0
0
0
0
0
0
0
0
0
0
0
0
0
66
248
253
120
4
0
0
0
0
0
0
0
0
0
0
0
0
0
0
11
201
255
186
10
0
0
0
0
0
0
0
0
0
0
0
0
0
0
0
99
255
243
58
0
0
0
0
0
0
0
0
0
0
0
0
0
0
0
55
220
254
123
0
0
0
0
0
0
0
0
0
0
0
0
0
53
67
118
219
255
220
39
0
0
0
0
0
0
0
0
0
0
0
0
70
230
241
255
255
254
236
71
0
0
0
0
0
0
0
0
0
0
0
0
37
132
156
245
237
120
43
10
0
0
0
0
0
0
0
0
0
0
0
0
0
0
97
255
203
20
0
0
0
0
0
0
0
0
0
0
0
0
0
0
0
5
170
242
72
0
0
0
0
0
0
0
0
0
0
0
0
0
0
0
0
1
64
79
0
0
0
0
0
0
0
0
0
0
0
0
0
0
0
0
0
0
0
0
0
0
0
0
0
0
0
0
0
0
0
0