0
0
0
0
0
0
0
0
0
0
0
0
0
0
0
0
0
0
0
0
0
0
0
0
0
0
0
0
0
0
0
0
0
0
0
0
0
0
0
0
0
0
0
0
0
0
0
0
0
0
0
0
0
0
0
0
0
0
0
0
0
0
0
0
0
0
0
0
0
0
2
55
104
110
111
105
49
0
0
0
0
0
0
0
0
0
0
0
11
100
194
236
255
255
249
255
182
41
0
0
0
0
0
0
0
0
0
38
194
255
255
192
158
87
89
212
255
43
0
0
0
0
0
0
0
0
0
143
255
213
120
5
0
31
213
255
184
15
0
0
0
0
0
0
0
0
12
218
252
84
0
0
38
206
255
155
10
0
0
0
0
0
0
0
0
0
32
235
229
35
0
93
215
237
117
0
0
0
0
0
0
0
0
0
0
0
17
213
249
109
125
248
219
70
0
0
0
0
0
0
0
0
0
0
0
0
0
75
250
253
255
189
38
0
0
0
0
0
0
0
0
0
0
0
0
0
0
16
197
255
254
137
0
0
0
0
0
0
0
0
0
0
0
0
0
0
11
120
248
244
232
245
125
0
0
0
0
0
0
0
0
0
0
0
0
34
171
255
186
78
101
253
202
7
0
0
0
0
0
0
0
0
0
0
60
207
222
85
17
39
193
251
100
0
0
0
0
0
0
0
0
0
0
40
218
255
135
57
127
228
255
200
28
0
0
0
0
0
0
0
0
0
0
113
255
249
211
253
255
206
119
32
0
0
0
0
0
0
0
0
0
0
0
32
185
222
219
119
35
18
0
0
0
0
0
0
0
0
0
0
0
0
0
0
0
0
0
0
0
0
0
0
0
0
0
0
0
0
0
0
0
0
0
0
0
0
0
0
0
0
0
0
0
0
0
0
0
0
0
0