0
0
0
0
0
0
0
0
0
0
0
0
0
0
0
0
0
0
0
0
0
0
0
0
0
0
0
0
0
0
0
0
0
0
0
0
0
0
0
0
0
0
0
0
0
0
30
184
204
141
57
0
0
0
0
0
0
0
0
0
0
0
0
0
0
0
27
83
101
161
235
140
12
0
0
0
0
0
0
0
0
0
0
0
0
0
0
0
0
0
83
228
187
26
0
0
0
0
0
0
0
0
0
0
0
0
0
0
0
0
0
67
239
160
4
0
0
0
0
0
0
0
0
0
0
0
0
0
0
0
0
0
111
243
64
0
0
0
0
0
0
0
0
0
0
0
0
0
0
0
0
0
36
251
103
0
0
0
0
0
0
0
0
0
0
0
0
38
128
66
0
0
62
251
84
0
0
0
0
0
0
0
0
0
0
0
58
207
235
226
51
0
142
225
38
0
0
0
0
0
0
0
0
0
0
11
181
158
38
202
180
42
229
171
8
0
0
0
0
0
0
0
0
0
0
58
173
20
0
106
237
210
240
61
0
0
0
0
0
0
0
0
0
0
0
98
209
17
0
51
251
255
120
2
0
0
0
0
0
0
0
0
0
0
0
102
243
25
5
146
255
232
22
0
0
0
0
0
0
0
0
0
0
0
0
73
249
111
158
232
180
236
149
40
0
0
0
0
0
0
0
0
0
0
0
9
171
255
217
96
0
73
114
16
0
0
0
0
0
0
0
0
0
0
0
0
39
88
38
0
0
0
0
0
0
0
0
0
0
0
0
0
0
0
0
0
0
0
0
0
0
0
0
0
0
0
0
0
0
0
0
0
0
0
0
0
0
0
0
0
0
0
0
0
0
0
0
0
0
0
0
0
0
0
0
0
0
0
0
0
0
0
0
0
0
0
0
0
0
0