0
0
0
0
0
0
0
0
0
0
0
0
0
0
0
0
0
0
0
0
0
0
0
0
0
0
0
0
0
0
0
0
0
0
0
0
0
0
0
0
0
0
0
0
0
0
0
0
0
0
0
0
0
0
0
0
0
0
0
0
0
0
0
0
0
0
0
0
0
0
0
0
0
0
0
0
0
0
0
0
0
0
0
0
0
0
0
0
0
0
0
0
0
5
32
83
65
24
0
0
0
0
0
0
0
0
0
0
0
18
42
16
67
173
253
255
248
170
0
0
0
0
0
0
0
0
0
0
4
154
232
194
250
238
157
117
83
41
0
0
0
0
0
0
0
0
0
0
57
225
252
187
60
30
1
0
0
0
0
0
0
0
0
0
0
0
0
33
218
166
85
35
0
0
0
0
0
0
0
0
0
0
0
0
0
0
6
160
255
182
157
74
0
0
0
0
0
0
0
0
0
0
0
0
0
2
129
255
255
249
255
207
42
0
0
0
0
0
0
0
0
0
0
0
0
56
243
176
94
81
153
255
115
0
0
0
0
0
0
0
0
0
0
0
0
144
201
26
0
0
105
255
82
0
0
0
0
0
0
0
0
0
0
0
0
24
12
0
0
1
167
224
23
0
0
0
0
0
0
0
0
0
0
18
78
36
1
3
15
143
232
96
1
0
0
0
0
0
0
0
0
0
0
94
255
248
193
215
230
241
81
0
0
0
0
0
0
0
0
0
0
0
0
27
140
165
140
128
151
92
0
0
0
0
0
0
0
0
0
0
0
0
0
0
0
4
0
0
0
0
0
0
0
0
0
0
0
0
0
0
0
0
0
0
0
0
0
0
0
0
0
0
0
0
0
0
0
0
0
0
0
0
0
0
0
0
0
0
0
0
0
0
0
0
0
0
0
0
0
0