0
0
0
0
0
0
0
0
0
0
0
0
0
0
0
0
0
0
0
0
0
0
0
0
0
0
0
0
0
0
0
0
0
0
0
0
0
0
0
0
0
0
0
0
0
0
0
0
0
0
0
0
0
0
0
0
0
0
0
0
0
0
0
0
0
0
0
0
0
0
0
0
0
34
43
59
107
114
92
12
0
0
0
0
0
0
0
3
113
141
164
169
173
211
222
235
255
241
94
7
0
0
0
0
0
0
0
114
255
255
255
255
255
255
255
241
197
66
0
0
0
0
0
0
0
0
54
227
255
240
237
239
184
157
104
64
15
0
0
0
0
0
0
0
0
0
159
255
149
31
28
30
12
3
0
0
0
0
0
0
0
0
0
0
0
74
225
213
15
0
0
0
0
0
0
0
0
0
0
0
0
0
0
0
0
155
255
175
30
110
164
167
140
34
0
0
0
0
0
0
0
0
0
0
4
193
255
239
230
255
255
255
255
213
39
0
0
0
0
0
0
0
0
0
10
251
255
255
249
210
161
158
221
255
131
0
0
0
0
0
0
0
0
0
8
205
198
115
44
19
4
0
171
255
159
0
0
0
0
0
0
0
0
0
0
0
0
0
0
0
0
63
225
255
88
0
0
0
0
0
0
0
0
0
2
23
0
0
0
52
159
226
255
162
5
0
0
0
0
0
0
0
0
0
15
175
45
88
135
231
255
254
186
35
0
0
0
0
0
0
0
0
0
0
7
209
236
255
255
253
165
99
18
0
0
0
0
0
0
0
0
0
0
0
0
81
201
191
119
84
6
0
0
0
0
0
0
0
0
0
0
0
0
0
0
0
0
0
0
0
0
0
0
0
0
0
0
0
0
0
0
0
0
0
0
0
0
0
0
0
0
0
0
0
0
0
0
0
0
0