0
0
0
0
0
0
0
0
0
0
0
0
0
0
0
0
0
0
0
0
0
0
0
0
0
0
0
0
0
30
122
133
37
14
1
0
0
0
0
0
0
0
0
0
0
0
0
0
0
71
252
255
237
198
69
6
0
0
0
0
0
0
0
0
0
0
0
0
0
23
97
105
152
249
245
122
0
0
0
0
0
0
0
0
0
0
0
0
0
0
0
0
0
94
241
212
31
0
0
0
0
0
0
0
0
0
0
0
0
0
0
0
0
0
113
255
117
0
0
0
0
0
0
0
0
0
0
0
0
0
0
0
0
0
54
255
149
0
0
0
0
0
0
0
0
0
0
0
0
0
0
0
0
0
114
255
134
0
0
0
0
0
0
0
0
0
0
0
0
0
0
0
0
21
205
255
102
0
0
0
0
0
0
0
0
0
0
0
0
0
0
0
3
140
255
215
29
0
0
0
0
0
0
5
92
136
63
8
12
3
0
4
120
252
246
92
0
0
0
0
0
0
0
71
234
255
238
170
177
163
156
171
251
254
141
0
0
0
0
0
0
0
19
210
212
101
146
227
255
255
255
255
255
210
38
0
0
0
0
0
0
0
24
227
209
78
79
172
255
254
255
223
161
72
13
0
0
0
0
0
0
0
0
128
255
255
255
255
250
244
158
39
4
0
0
0
0
0
0
0
0
0
0
29
111
177
187
153
62
38
0
0
0
0
0
0
0
0
0
0
0
0
0
0
0
0
0
0
0
0
0
0
0
0
0
0
0
0
0
0
0
0
0
0
0
0
0
0
0
0
0
0
0
0
0
0
0
0
0
0
0
0
0
0
0
0
0
0
0
0
0
0
0
0
0
0
0
0
0
0
0
0
0
0
0
0
0
0
0
0
0
0
0
0
0
0
0
0
0
0