0
0
0
0
0
0
0
0
0
0
0
0
0
0
0
0
0
0
0
0
0
0
0
0
0
0
0
0
0
0
0
0
0
0
0
0
0
0
0
0
0
0
0
0
0
0
0
0
0
11
29
0
0
0
0
0
0
0
0
0
0
0
0
0
0
0
4
65
108
180
237
135
31
0
0
0
0
0
0
0
0
0
0
0
0
38
184
244
255
255
255
255
217
78
0
0
0
0
0
0
0
0
0
0
0
61
255
230
164
116
120
169
255
207
27
0
0
0
0
0
0
0
0
0
0
18
87
47
0
0
0
20
234
224
37
0
0
0
0
0
0
0
0
0
0
0
0
0
0
0
17
172
255
127
0
0
0
0
0
0
0
0
0
0
0
0
0
0
0
25
177
255
235
66
0
0
0
0
0
0
0
0
0
0
0
0
0
12
114
208
255
255
250
228
89
0
0
0
0
0
0
0
0
0
0
0
0
115
255
254
188
120
66
192
214
9
0
0
0
0
0
0
0
0
0
0
0
40
113
81
13
0
0
161
230
12
0
0
0
0
0
0
0
0
0
0
0
0
0
0
0
0
105
255
161
0
0
0
0
0
0
0
0
9
29
0
0
0
0
0
0
65
248
217
32
0
0
0
0
0
0
0
0
109
222
93
0
0
0
0
89
227
233
59
0
0
0
0
0
0
0
0
0
143
255
137
0
14
57
142
255
209
58
0
0
0
0
0
0
0
0
0
0
79
240
215
173
191
245
255
180
42
0
0
0
0
0
0
0
0
0
0
0
1
29
42
46
44
39
36
10
0
0
0
0
0
0
0
0
0
0
0
0
0
0
0
0
0
0
0
0
0
0
0
0
0
0
0
0
0
0
0
0
0
0
0
0
0
0
0
0
0
0
0
0
0
0
0
0
0