0
0
0
0
0
0
0
0
0
0
0
0
0
0
0
0
0
0
0
0
0
0
0
0
0
0
0
0
0
0
0
0
0
0
0
0
0
0
0
0
0
0
0
14
164
227
228
232
189
67
16
0
0
0
0
0
0
0
0
0
0
0
0
20
198
225
165
170
218
255
205
66
0
0
0
0
0
0
0
0
0
0
0
0
56
54
0
0
35
159
253
190
14
0
0
0
0
0
0
0
0
0
0
0
0
0
0
0
0
0
130
255
104
0
0
0
0
0
0
0
0
0
0
0
0
0
0
0
0
0
98
255
132
0
0
0
0
0
0
0
0
0
0
0
0
0
0
1
21
34
189
255
112
0
0
0
0
0
0
0
0
0
0
0
0
0
0
26
223
249
255
230
46
0
0
0
0
0
0
0
0
0
0
0
0
0
0
20
185
213
229
255
190
28
0
0
0
0
0
0
0
0
0
0
0
0
0
0
2
2
44
187
255
216
64
0
0
0
0
0
0
0
0
0
0
0
0
0
0
0
0
23
150
255
218
32
0
0
0
0
0
0
0
12
11
0
0
0
0
0
0
0
3
143
255
173
17
0
0
0
0
0
0
100
181
72
16
0
0
0
0
0
0
20
212
255
97
0
0
0
0
0
0
59
230
252
192
134
67
35
38
36
82
147
239
242
64
0
0
0
0
0
0
0
49
152
192
229
255
255
255
255
255
255
232
130
4
0
0
0
0
0
0
0
0
0
6
51
110
109
109
109
110
101
53
3
0
0
0
0
0
0
0
0
0
0
0
0
0
0
0
0
0
0
0
0
0
0
0
0
0
0
0
0
0
0
0
0
0
0
0
0
0
0
0
0
0
0
0
0
0
0
0
0
0
0
0
0
0
0
0
0
0
0
0
0
0
0
0
0