0
0
0
0
0
0
0
0
0
0
0
0
0
0
0
0
0
0
0
0
0
0
0
0
0
0
0
0
0
0
0
0
0
0
0
0
0
0
0
0
0
0
0
0
0
0
0
0
0
0
0
0
0
0
0
0
0
0
0
0
0
0
0
0
0
0
0
0
0
0
0
0
0
0
0
0
0
0
0
0
0
0
0
0
0
0
0
0
0
0
0
0
0
0
4
164
188
75
0
0
0
0
0
0
0
0
0
0
73
96
3
0
0
0
93
255
251
64
0
0
0
0
0
2
1
0
0
15
204
238
24
0
0
8
192
252
159
8
0
0
0
0
0
30
21
0
8
157
255
146
3
0
0
82
226
118
49
0
0
0
0
0
0
0
0
17
168
255
156
18
0
0
30
210
228
97
9
0
0
0
0
0
0
0
7
162
246
121
4
0
0
0
157
255
205
23
0
0
0
0
0
0
0
11
152
255
169
58
38
41
57
93
238
245
63
0
0
0
0
0
0
0
0
57
237
255
252
254
228
226
250
255
245
141
8
0
0
0
0
0
0
0
0
20
83
92
92
92
94
97
199
250
72
1
0
0
0
0
0
0
0
0
0
0
0
0
0
0
0
101
219
104
0
0
0
0
0
0
0
0
0
0
0
0
0
0
0
0
60
229
119
0
0
0
0
0
0
0
0
0
0
0
0
0
0
0
0
40
213
163
2
0
0
0
0
0
0
0
0
0
0
0
0
0
0
0
36
207
208
31
0
0
0
0
0
0
0
0
0
0
0
0
0
0
0
0
100
240
69
0
0
0
0
0
0
0
0
0
0
0
0
0
0
0
0
0
56
88
0
0
0
0
0
0
0
0
0
0
0
0
0
0
0
0
0
0
0
0
0
0
0
0
0
0
0
0
0
0
0
0