0
0
0
0
0
0
0
0
0
0
0
0
0
0
0
0
0
0
0
0
0
0
0
0
0
0
0
0
0
0
0
0
0
0
0
0
0
0
0
0
0
0
0
0
0
0
0
0
0
0
0
0
0
0
0
0
0
0
0
0
0
0
0
0
0
0
0
0
0
0
30
81
7
0
0
0
0
0
0
0
0
0
0
0
0
0
0
0
0
0
124
242
33
0
0
0
0
0
0
0
0
0
0
0
0
0
0
0
0
0
104
238
26
0
0
0
0
0
0
0
0
0
0
0
0
0
0
0
0
0
137
207
17
0
0
0
0
0
0
0
0
0
0
0
0
0
0
0
0
7
211
139
0
0
0
0
0
0
0
0
0
0
0
0
0
0
0
0
0
33
246
101
0
0
0
0
0
0
0
0
0
0
0
0
0
0
0
0
0
44
246
87
0
0
0
0
0
0
0
0
0
0
0
0
0
0
0
0
0
119
215
37
0
0
0
0
0
0
0
0
0
0
0
0
0
0
0
0
0
188
170
0
0
0
0
0
0
0
0
0
0
0
0
0
0
0
0
0
3
200
158
0
0
0
0
0
0
0
0
0
0
0
0
0
0
0
0
0
21
203
86
0
0
0
0
0
0
0
0
0
0
0
0
0
0
0
0
0
38
204
38
0
0
0
0
0
0
0
0
0
0
0
0
0
0
0
0
0
42
193
23
0
0
0
0
0
0
0
0
0
0
0
0
0
0
0
0
0
26
180
19
0
0
0
0
0
0
0
0
0
0
0
0
0
0
0
0
0
10
96
7
0
0
0
0
0
0
0
0
0
0
0
0
0
0
0
0
0
0
0
0
0
0
0
0
0
0
0
0
0
0
0
0
0
0
0
0
0
0
0
0
0
0
0
0
0
0
0
0
0