0
0
0
0
0
0
0
0
0
0
0
0
0
0
0
0
0
0
0
0
0
0
0
0
0
0
0
0
0
0
0
0
0
0
0
0
0
0
0
0
0
0
0
0
0
0
0
0
0
0
0
0
0
0
0
0
0
0
0
0
0
0
0
0
0
0
0
0
0
0
0
0
0
0
0
0
0
0
0
0
0
0
0
0
0
0
0
5
10
10
10
10
9
1
0
0
0
0
0
0
0
0
0
0
25
63
125
202
250
251
251
253
245
107
0
0
0
0
0
0
0
0
0
9
169
255
255
255
196
168
158
149
250
214
32
0
0
0
0
0
0
0
0
5
153
231
138
65
14
6
0
45
237
242
53
0
0
0
0
0
0
0
0
0
32
31
0
0
0
0
0
71
252
177
8
0
0
0
0
0
0
0
0
0
0
0
0
0
0
0
16
176
255
152
0
0
0
0
0
0
0
0
0
0
0
0
0
0
0
0
45
230
255
136
9
0
0
0
0
0
0
0
0
0
0
0
0
0
0
0
49
241
225
34
0
0
0
0
0
0
0
0
0
0
0
0
0
0
0
0
118
255
183
0
0
0
0
0
0
0
0
0
0
0
0
0
0
0
0
4
203
255
115
0
0
0
0
0
0
0
0
0
0
0
0
0
0
0
0
18
224
226
25
25
19
0
0
0
0
0
0
0
0
0
0
0
0
0
0
97
255
186
30
35
9
0
0
0
0
0
0
0
0
0
0
0
0
0
0
168
255
211
89
0
0
0
0
0
0
0
0
0
0
0
0
0
0
0
2
194
255
186
27
0
0
0
0
0
0
0
0
0
0
0
0
0
0
0
0
195
247
60
0
0
0
0
0
0
0
0
0
0
0
0
0
0
0
0
0
53
56
0
0
0
0
0
0
0
0
0