0
0
0
0
0
0
0
0
0
0
0
0
0
0
0
0
0
0
0
0
0
0
0
0
0
0
0
0
0
0
0
0
0
0
0
0
0
0
0
0
0
0
0
0
0
0
0
0
0
0
0
0
0
0
0
0
0
0
0
0
0
0
0
0
0
0
32
93
50
0
0
0
0
0
0
0
0
0
0
0
0
0
0
0
0
0
131
255
171
8
0
0
0
0
13
40
6
0
0
0
0
0
0
0
0
26
203
255
212
33
0
0
0
10
157
244
145
9
0
0
0
0
0
0
0
103
255
255
218
36
0
0
0
42
222
255
248
32
0
0
0
0
0
0
19
204
255
238
88
0
0
0
0
63
237
255
197
16
0
0
0
0
0
0
49
248
255
164
0
0
0
0
0
132
255
255
151
2
0
0
0
0
0
2
147
255
255
112
0
4
33
102
161
234
255
255
97
0
0
0
0
0
0
69
225
255
255
169
145
219
252
255
255
255
255
190
21
0
0
0
0
0
29
238
254
251
252
255
255
255
231
182
241
255
245
68
0
0
0
0
0
0
16
189
255
255
255
243
213
188
61
148
254
255
167
1
0
0
0
0
0
0
0
28
143
162
145
80
22
0
30
214
255
195
23
0
0
0
0
0
0
0
0
0
0
0
0
0
0
0
65
255
255
139
0
0
0
0
0
0
0
0
0
0
0
0
0
0
0
0
54
239
198
48
0
0
0
0
0
0
0
0
0
0
0
0
0
0
0
0
11
69
28
0
0
0
0
0
0
0
0
0
0
0
0
0
0
0
0
0
0
0
0
0
0
0
0
0
0
0
0
0
0
0
0
0
0
0
0
0
0
0
0
0
0
0
0
0
0
0
0
0
0
0
0
0
0
0
0
0
0
0
0
0
0
0
0
0
0
0