0
0
0
0
0
0
0
0
0
0
0
0
0
0
0
0
0
0
0
0
0
0
0
0
0
0
0
0
0
0
0
0
0
0
0
0
0
0
0
0
0
0
0
0
0
0
0
0
0
0
0
0
0
0
0
0
0
0
0
0
0
0
0
0
0
0
0
0
0
0
0
0
0
0
0
0
0
0
0
0
0
0
0
0
0
0
0
1
11
13
5
3
1
0
0
0
0
0
0
0
0
0
0
0
0
0
10
149
211
232
215
195
145
0
0
0
0
0
0
0
0
0
0
0
0
0
52
214
71
71
103
203
233
0
0
0
0
0
0
0
0
0
0
0
0
0
7
183
0
0
0
143
172
0
0
0
0
0
0
0
0
0
0
0
0
0
0
184
0
0
0
167
99
0
0
0
0
0
0
0
0
0
0
0
0
0
0
133
0
0
29
212
53
0
0
0
0
0
0
0
0
0
0
0
0
0
0
2
0
0
44
235
39
0
0
0
0
0
0
0
0
0
0
0
0
0
0
0
0
0
64
251
34
0
0
0
0
0
0
0
0
0
0
0
0
0
0
0
0
0
76
226
21
0
0
0
0
0
0
0
0
0
0
0
0
0
0
0
0
0
75
220
19
0
0
0
0
0
0
0
0
0
0
0
0
0
0
0
0
0
75
220
20
0
0
0
0
0
0
0
0
0
0
0
0
0
0
0
0
0
75
220
20
0
0
0
0
0
0
0
0
0
0
0
0
0
0
0
0
0
75
220
19
0
0
0
0
0
0
0
0
0
0
0
0
0
0
0
0
0
76
230
22
0
0
0
0
0
0
0
0
0
0
0
0
0
0
0
0
0
64
223
26
0
0
0
0
0
0
0
0
0
0
0
0
0
0
0
0
0
12
41
4
0
0
0
0
0
0
0