0
0
0
0
0
0
0
0
0
0
0
0
0
0
0
0
0
0
0
0
0
0
0
0
0
0
0
0
0
0
0
0
4
96
34
0
0
0
0
0
0
0
0
0
0
0
0
0
0
0
0
0
78
172
19
0
0
0
0
0
0
0
0
0
0
0
0
0
0
0
0
24
195
70
0
0
0
0
0
0
0
0
0
0
0
0
0
0
0
0
4
148
134
0
0
0
0
0
0
0
0
0
0
0
0
0
0
0
0
0
115
185
11
0
0
0
0
0
0
0
0
0
0
0
0
0
0
0
0
52
206
57
0
0
0
0
0
0
0
0
0
0
0
0
0
0
0
0
9
164
151
0
8
23
4
0
0
0
0
0
0
0
0
0
0
0
0
0
85
221
36
28
167
229
69
0
0
0
0
0
0
0
0
0
0
0
0
26
191
105
62
206
203
217
123
0
0
0
0
0
0
0
0
0
0
0
0
126
190
103
224
135
10
168
80
0
0
0
0
0
0
0
0
0
0
0
13
212
230
223
97
0
70
196
31
0
0
0
0
0
0
0
0
0
0
0
113
255
223
77
9
114
216
78
0
0
0
0
0
0
0
0
0
0
0
0
167
255
184
133
210
216
91
0
0
0
0
0
0
0
0
0
0
0
0
61
234
255
255
234
135
35
0
0
0
0
0
0
0
0
0
0
0
0
0
67
164
83
69
21
0
0
0
0
0
0
0
0
0
0
0
0
0
0
0
0
0
0
0
0
0
0
0
0
0
0
0
0
0
0
0
0
0
0
0
0
0
0
0
0
0
0
0
0
0
0
0
0
0
0
0
0
0
0
0
0
0
0
0
0
0
0
0
0
0
0
0
0
0
0
0
0
0
0
0
0
0
0
0
0
0
0
0
0
0
0
0
0
0
0