0
0
0
0
0
0
0
0
0
0
0
0
0
0
0
0
0
0
0
0
0
0
0
0
0
0
0
0
0
0
0
0
0
0
0
0
0
0
0
0
0
0
0
0
0
0
0
0
0
0
26
161
159
0
0
0
0
0
0
0
0
0
0
0
0
0
0
0
0
9
168
250
98
0
0
0
0
0
0
0
0
0
0
0
0
0
0
0
0
54
253
202
12
0
0
0
0
0
0
0
0
0
0
0
0
0
0
0
14
180
231
55
0
0
0
0
0
0
0
0
0
0
0
0
0
0
0
0
72
251
207
17
0
0
0
0
0
0
0
0
0
0
0
0
0
0
0
0
90
255
179
7
0
0
0
0
0
0
0
0
0
0
0
0
0
0
0
0
129
255
162
0
0
0
0
0
0
0
0
0
0
0
0
0
0
0
0
7
176
255
250
124
6
0
0
0
0
0
0
0
0
0
0
0
0
0
0
59
246
230
210
251
188
33
0
0
0
0
0
0
0
0
0
0
0
0
0
105
255
191
31
123
245
103
0
0
0
0
0
0
0
0
0
0
0
0
0
104
255
193
0
20
236
188
13
0
0
0
0
0
0
0
0
0
0
0
0
67
254
208
9
20
235
194
17
0
0
0
0
0
0
0
0
0
0
0
0
14
205
254
87
65
247
192
16
0
0
0
0
0
0
0
0
0
0
0
0
0
100
252
255
255
255
138
0
0
0
0
0
0
0
0
0
0
0
0
0
0
12
82
111
110
104
31
0
0
0
0
0
0
0
0
0
0
0
0
0
0
0
0
0
0
0
0
0
0
0
0
0
0
0
0
0
0
0
0
0
0
0
0
0
0
0
0
0
0
0
0
0
0
0
0
0
0
0
0
0
0
0
0
0
0
0
0
0
0
0
0
0
0