0
0
0
0
0
0
0
0
0
0
0
0
0
0
0
0
0
0
0
0
0
0
0
0
0
0
0
0
0
0
0
0
0
0
0
0
0
0
0
0
0
0
0
0
0
0
0
21
81
89
148
171
223
226
221
226
101
0
0
0
0
0
0
0
0
0
3
173
255
255
219
205
177
154
123
124
55
0
0
0
0
0
0
0
0
0
4
214
243
98
30
26
4
0
0
0
0
0
0
0
0
0
0
0
0
0
41
230
205
19
0
0
0
0
0
0
0
0
0
0
0
0
0
0
0
0
146
255
163
2
0
0
0
0
0
0
0
0
0
0
0
0
0
0
0
0
154
255
130
0
0
0
0
0
0
0
0
0
0
0
0
0
0
0
0
11
184
255
194
109
98
80
56
27
0
0
0
0
0
0
0
0
0
0
0
0
97
222
248
255
254
241
229
207
46
0
0
0
0
0
0
0
0
0
0
0
0
8
42
59
57
56
93
243
185
1
0
0
0
0
0
0
0
0
0
0
0
0
0
0
0
0
0
149
255
92
0
0
0
0
0
0
0
0
0
18
41
51
25
22
7
4
1
136
255
189
0
0
0
0
0
0
0
0
39
205
243
255
221
215
169
162
162
211
255
196
0
0
0
0
0
0
0
0
43
235
255
255
255
255
255
255
255
255
255
118
0
0
0
0
0
0
0
0
0
52
159
207
232
250
255
255
248
200
99
0
0
0
0
0
0
0
0
0
0
0
0
23
59
85
108
109
81
20
0
0
0
0
0
0
0
0
0
0
0
0
0
0
0
0
0
0
0
0
0
0
0
0
0
0
0
0
0
0
0
0
0
0
0
0
0
0
0
0
0
0
0
0
0
0
0
0
0
0
0
0
0
0
0
0
0
0
0
0
0
0
0
0
0
0