0
0
0
0
0
0
0
0
0
0
0
0
0
0
0
0
0
0
0
0
0
0
0
0
0
0
0
0
0
0
0
0
0
0
0
0
0
0
0
0
0
0
0
0
0
0
0
0
0
0
0
0
0
0
0
0
0
0
0
0
0
0
0
0
0
0
0
0
0
0
0
2
20
69
109
71
0
0
0
0
0
0
0
0
0
0
28
139
72
49
133
184
210
236
205
105
0
0
0
0
0
0
0
3
20
49
129
255
249
229
199
168
146
58
5
0
0
0
0
0
0
0
0
24
146
203
174
207
183
55
12
0
0
0
0
0
0
0
0
0
0
0
0
5
29
26
12
187
138
0
0
0
0
0
0
0
0
0
0
0
0
0
0
0
0
0
96
218
41
0
0
0
0
0
0
0
0
0
0
0
0
0
0
0
0
35
210
165
0
30
97
162
189
111
22
0
0
0
0
0
0
0
0
0
3
187
238
83
134
229
206
162
155
228
187
22
0
0
0
0
0
0
0
0
6
216
251
236
214
111
17
0
0
79
243
123
0
0
0
0
0
0
0
0
0
113
155
90
16
0
0
0
0
0
194
199
2
0
0
0
0
0
0
0
0
0
0
0
0
0
0
0
0
0
196
175
0
0
0
0
0
0
0
0
0
0
0
87
42
0
0
0
0
59
238
120
0
0
0
0
0
0
0
0
0
0
0
128
197
36
0
0
34
179
225
28
0
0
0
0
0
0
0
0
0
0
0
30
203
222
151
154
219
235
78
0
0
0
0
0
0
0
0
0
0
0
0
0
21
119
228
232
161
38
0
0
0
0
0
0
0
0
0
0
0
0
0
0
0
0
0
0
0
0
0
0
0
0
0
0
0
0
0
0
0
0
0
0
0
0
0
0
0
0
0
0
0
0
0
0