0
0
0
0
0
0
0
0
0
0
0
0
0
0
0
0
0
0
0
0
0
0
0
0
0
0
0
0
0
0
0
0
0
0
0
0
0
0
0
0
0
0
0
0
0
0
0
0
0
0
0
0
0
0
0
0
0
0
0
0
0
0
0
0
0
0
0
4
80
111
110
111
99
49
8
0
0
0
0
0
0
0
0
0
0
0
0
74
251
255
254
248
255
229
134
1
0
0
0
0
0
0
0
0
0
0
0
189
255
142
40
98
249
255
247
52
0
0
0
0
0
0
0
0
0
0
0
215
255
83
14
193
253
171
120
24
0
0
0
0
0
0
0
0
0
0
0
133
255
207
196
254
135
3
0
0
0
0
0
0
0
0
0
0
0
0
0
22
213
255
255
159
0
0
0
0
0
0
0
0
0
0
0
2
11
0
0
0
90
249
255
203
32
0
0
0
0
0
0
0
0
0
0
7
36
2
0
14
201
241
194
255
205
39
0
0
0
0
0
0
0
0
0
0
0
0
0
99
255
115
17
166
255
166
6
0
0
0
0
0
0
0
0
0
0
0
53
237
201
20
0
32
218
238
51
0
0
0
0
0
0
0
0
0
0
0
142
255
147
0
0
0
147
255
102
0
0
0
0
0
0
0
0
0
0
32
212
234
37
0
3
99
240
244
65
0
0
0
0
0
0
0
0
0
0
56
248
197
33
83
167
255
247
115
6
0
0
0
0
0
0
0
0
0
0
56
248
245
229
255
252
187
90
0
0
0
0
0
0
0
0
0
0
0
0
12
151
226
202
97
39
12
0
0
0
0
0
0
0
0
0
0
0
0
0
0
0
0
0
0
0
0
0
0
0
0
0
0
0
0
0
0
0
0
0
0
0
0
0
0
0
0
0
0
0
0
0
0
0
0