0
0
0
0
0
0
0
0
0
0
0
0
0
0
0
0
0
0
0
0
0
0
0
0
0
0
0
0
0
0
0
0
0
0
0
0
0
0
0
0
0
0
0
0
0
0
0
0
0
0
0
0
0
0
0
0
0
0
0
0
0
0
0
0
0
0
0
0
0
0
0
0
35
95
106
36
0
0
0
0
0
0
0
0
0
0
0
0
0
1
87
170
215
255
196
30
0
0
0
0
0
0
0
0
0
0
0
15
59
170
253
255
255
255
180
40
0
0
0
0
0
0
0
0
0
0
61
184
249
255
249
204
207
255
255
185
14
0
0
0
0
0
0
0
6
127
241
255
255
233
144
34
12
74
213
255
118
0
0
0
0
0
0
0
81
247
254
139
119
37
0
0
0
0
66
255
215
21
0
0
0
0
0
24
206
255
137
3
0
0
0
0
0
0
44
247
249
32
0
0
0
0
0
111
255
190
8
0
0
0
0
0
0
0
39
242
232
27
0
0
0
0
5
164
255
112
0
0
0
0
0
0
0
0
136
255
146
0
0
0
0
0
16
198
247
55
0
0
0
0
0
0
4
96
248
224
45
0
0
0
0
0
0
136
255
175
40
0
0
0
0
43
166
250
210
74
0
0
0
0
0
0
0
46
213
255
227
165
96
99
157
228
255
185
37
0
0
0
0
0
0
0
0
0
43
169
223
255
255
255
255
228
138
21
0
0
0
0
0
0
0
0
0
0
0
0
35
87
104
103
100
47
0
0
0
0
0
0
0
0
0
0
0
0
0
0
0
0
0
0
0
0
0
0
0
0
0
0
0
0
0
0
0
0
0
0
0
0
0
0
0
0
0
0
0
0
0
0
0
0
0
0
0
0
0
0
0
0
0
0
0
0
0
0
0
0
0
0
0
0