0
0
0
0
0
0
0
0
0
0
0
0
0
0
0
0
0
0
0
0
0
0
0
0
0
0
0
0
0
0
0
0
0
0
0
0
0
0
0
0
0
0
0
0
0
0
0
0
0
0
0
0
0
0
0
0
0
0
0
0
0
0
0
0
0
0
0
0
0
0
55
109
93
6
0
0
0
0
0
0
0
0
0
0
0
0
0
0
0
88
234
255
243
138
6
0
0
0
0
0
0
0
0
0
0
0
0
0
32
215
212
48
94
253
55
0
0
0
0
0
0
0
0
0
0
0
0
0
75
241
82
10
183
193
20
0
0
0
0
0
0
0
0
0
0
0
0
0
124
255
15
119
212
47
1
0
0
0
0
0
0
0
0
0
0
0
0
0
127
255
17
35
10
76
112
1
0
0
0
0
0
0
0
0
0
0
0
0
97
246
27
4
124
208
74
0
0
0
0
0
0
0
0
0
0
0
0
0
74
238
138
192
227
76
0
0
0
0
0
0
0
0
0
0
0
0
0
0
55
233
255
172
50
0
0
0
0
0
0
0
0
0
0
0
0
0
0
61
208
255
165
0
0
0
0
0
0
0
0
0
0
0
0
0
0
0
11
200
201
186
187
0
0
0
0
0
0
0
0
0
0
0
0
0
0
0
79
237
71
109
208
24
0
0
0
0
0
0
0
0
0
0
0
0
0
0
96
223
26
171
219
28
0
0
0
0
0
0
0
0
0
0
0
0
0
0
68
233
174
240
176
9
0
0
0
0
0
0
0
0
0
0
0
0
0
0
3
118
206
173
39
0
0
0
0
0
0
0
0
0
0
0
0
0
0
0
0
0
0
0
0
0
0
0
0
0
0
0
0
0
0
0
0
0
0
0
0
0
0
0
0
0
0
0
0
0
0
0
0
0