0
0
0
0
0
0
0
0
0
0
0
0
0
0
0
0
0
0
0
0
0
0
0
0
0
0
0
0
0
0
0
0
0
0
0
0
0
0
0
0
0
0
0
0
0
0
0
0
0
0
0
0
0
0
0
0
0
0
0
0
0
0
0
0
0
0
0
0
0
0
0
0
0
0
0
0
0
0
0
0
0
0
0
0
0
0
0
0
0
0
0
29
120
191
129
2
0
0
0
0
0
0
0
0
0
0
0
0
0
16
86
186
255
250
250
63
0
0
0
0
0
0
0
0
0
0
0
1
105
190
255
211
108
72
211
130
0
0
0
0
0
0
0
0
0
0
6
148
250
213
94
30
17
85
232
207
24
0
0
0
0
0
0
0
0
0
90
254
236
122
74
154
222
255
255
207
41
0
0
0
0
0
0
0
0
0
119
255
255
253
250
252
255
255
217
46
0
0
0
0
0
0
0
0
0
0
10
148
179
161
150
228
251
148
34
0
0
0
0
0
0
0
0
0
0
0
0
0
0
0
145
246
147
0
0
0
0
0
0
0
0
0
0
0
0
0
0
0
18
173
255
160
11
0
0
0
0
0
0
0
0
0
0
0
0
0
0
12
164
255
194
33
0
0
0
0
0
0
0
0
0
0
0
0
0
0
3
171
246
156
31
0
0
0
0
0
0
0
0
0
0
0
0
0
0
1
132
255
193
16
0
0
0
0
0
0
0
0
0
0
0
0
0
0
0
128
255
255
166
11
0
0
0
0
0
0
0
0
0
0
0
0
0
0
6
209
217
103
21
0
0
0
0
0
0
0
0
0
0
0
0
0
0
0
4
87
34
0
0
0
0
0
0
0
0
0
0
0
0
0
0
0
0
0
0
0
0
0
0
0
0
0
0
0
0
0
0
0
0
0