0
0
0
0
0
0
0
0
0
0
0
0
0
0
0
0
0
0
0
0
0
0
0
0
0
0
0
0
0
0
0
0
0
0
0
0
0
0
0
0
0
0
0
0
0
0
0
0
0
0
0
0
0
0
0
0
0
0
0
0
0
0
0
0
0
0
0
0
0
0
0
0
0
0
0
0
0
0
0
0
0
0
0
0
0
0
0
0
55
129
166
64
0
0
0
0
0
0
0
0
0
0
0
0
0
0
0
75
225
97
123
216
99
9
0
0
0
0
0
0
0
0
0
0
0
0
39
214
134
0
0
129
246
90
0
0
0
0
0
0
0
0
0
0
0
0
108
238
50
0
11
172
247
73
0
0
0
0
0
0
0
0
0
0
0
0
112
240
52
0
80
250
186
0
0
0
0
0
0
0
0
0
0
0
0
0
68
224
187
130
219
255
99
0
0
0
0
0
0
0
0
0
0
0
0
0
0
39
89
85
175
251
31
0
0
0
0
0
0
0
0
0
0
0
0
0
0
0
0
0
174
183
9
0
0
0
0
0
0
0
0
0
0
0
0
0
0
0
0
57
232
88
0
0
0
0
0
0
0
0
0
0
0
0
0
0
0
0
0
121
236
57
0
0
0
0
0
0
0
0
0
0
0
0
0
0
0
0
18
199
223
38
0
0
0
0
0
0
0
0
0
0
0
0
0
0
0
0
59
237
130
0
0
0
0
0
0
0
0
0
0
0
0
0
0
0
0
0
59
219
55
0
0
0
0
0
0
0
0
0
0
0
0
0
0
0
0
0
92
223
8
0
0
0
0
0
0
0
0
0
0
0
0
0
0
0
0
0
51
121
4
0
0
0
0
0
0
0
0
0
0
0
0
0
0
0
0
0
0
0
0
0
0
0
0
0
0
0
0
0