0
0
0
0
0
0
0
0
0
0
0
0
0
0
0
0
0
0
0
0
0
0
0
0
0
0
0
0
0
0
0
0
0
0
0
0
0
0
0
0
0
0
0
0
0
0
0
0
0
0
0
0
0
0
0
0
0
0
0
0
0
0
0
0
0
0
0
0
0
4
58
71
40
0
0
0
0
0
0
0
0
0
0
0
0
0
0
0
8
104
231
242
208
84
13
3
1
0
0
0
0
0
0
0
0
0
0
10
156
255
255
255
255
254
243
118
11
0
0
0
0
0
0
0
0
0
0
119
255
236
167
140
130
228
255
100
0
0
0
0
0
0
0
0
0
0
74
245
206
57
4
0
0
128
255
131
0
0
0
0
0
0
0
0
0
24
204
238
59
0
0
0
0
106
255
173
0
0
0
0
0
0
0
0
0
53
247
144
0
0
0
0
0
108
255
148
0
0
0
0
0
0
0
0
0
110
255
65
0
0
0
0
0
112
255
90
0
0
0
0
0
0
0
0
0
136
240
32
0
0
0
0
0
119
255
32
0
0
0
0
0
0
0
0
0
93
232
28
0
0
0
0
29
213
130
0
0
0
0
0
0
0
0
0
0
106
251
46
0
0
0
0
141
255
89
0
0
0
0
0
0
0
0
0
0
105
255
87
0
0
0
64
246
176
12
0
0
0
0
0
0
0
0
0
0
108
255
160
0
6
85
244
187
22
0
0
0
0
0
0
0
0
0
0
0
69
245
245
157
186
220
168
37
0
0
0
0
0
0
0
0
0
0
0
0
0
90
157
216
173
56
2
0
0
0
0
0
0
0
0
0
0
0
0
0
0
0
0
0
0
0
0
0
0
0
0
0
0
0
0
0
0
0
0
0
0
0
0
0
0
0
0
0
0
0
0
0
0
0
0