0
0
0
0
0
0
0
0
0
0
0
0
0
0
0
0
0
0
0
0
0
0
0
0
0
0
0
0
0
0
0
0
0
0
0
0
0
0
0
0
0
0
0
0
0
0
1
30
32
0
0
0
0
0
0
0
0
0
0
0
0
0
0
0
0
12
120
248
235
107
6
0
0
14
1
0
0
0
0
0
0
0
0
0
0
139
254
166
73
83
11
0
81
153
13
0
0
0
0
0
0
0
0
0
77
255
167
8
0
0
0
20
219
198
17
0
0
0
0
0
0
0
0
0
136
255
89
0
0
0
0
90
254
152
4
0
0
0
0
0
0
0
0
0
86
255
147
17
0
0
0
170
216
17
0
0
0
0
0
0
0
0
0
0
0
143
255
210
92
29
65
212
57
0
0
0
0
0
0
0
0
0
0
0
0
8
119
233
253
215
220
233
90
5
0
0
0
0
0
0
0
0
0
0
0
0
0
40
145
240
255
237
244
233
151
24
0
0
0
0
0
0
0
0
0
0
0
0
1
197
236
92
74
169
255
154
0
0
0
0
0
0
0
0
0
0
0
0
9
204
209
7
0
4
99
249
106
0
0
0
0
0
0
0
0
0
0
0
40
224
161
0
0
0
71
255
154
0
0
0
0
0
0
0
0
0
0
0
45
226
120
0
0
70
208
243
84
0
0
0
0
0
0
0
0
0
0
0
3
159
237
152
178
255
247
111
0
0
0
0
0
0
0
0
0
0
0
0
0
21
166
242
253
179
83
0
0
0
0
0
0
0
0
0
0
0
0
0
0
0
8
28
33
9
0
0
0
0
0
0
0
0
0
0
0
0
0
0
0
0
0
0
0
0
0
0
0
0
0
0
0
0
0
0
0
0
0
0
0
0
0
0
0
0
0
0
0
0
0
0