0
0
0
0
0
0
0
0
0
0
0
0
0
0
0
0
0
0
0
0
0
0
0
0
0
0
0
0
0
0
0
0
0
0
0
0
0
0
0
0
0
0
0
0
0
0
0
0
0
0
0
0
0
0
0
0
0
0
0
0
0
0
0
0
0
0
0
23
42
31
0
0
0
7
62
9
0
0
0
0
0
0
0
0
0
0
61
195
226
162
3
0
0
47
210
34
0
0
0
0
0
0
0
0
6
124
248
204
119
43
1
0
0
87
238
36
0
0
0
0
0
0
0
0
58
255
217
36
0
0
0
0
0
133
255
33
0
0
0
0
0
0
0
3
155
241
77
0
0
0
0
0
0
128
255
34
0
0
0
0
0
0
0
24
214
234
49
0
0
0
0
0
6
176
209
10
0
0
0
0
0
0
0
12
187
247
110
2
0
0
0
0
47
235
233
123
4
0
0
0
0
0
0
0
80
239
253
158
98
106
121
117
205
255
255
178
17
0
0
0
0
0
0
0
0
86
219
255
255
255
255
255
255
237
151
26
1
0
0
0
0
0
0
0
0
0
20
104
142
141
118
114
247
167
8
0
0
0
0
0
0
0
0
0
0
0
0
0
0
0
12
178
255
119
0
0
0
0
0
0
0
0
0
0
0
0
0
0
0
0
82
255
202
37
0
0
0
0
0
0
0
0
0
0
0
0
0
0
0
4
158
255
73
0
0
0
0
0
0
0
0
0
0
0
0
0
0
0
0
20
208
255
202
80
0
0
0
0
0
0
0
0
0
0
0
0
0
0
0
0
70
206
140
29
0
0
0
0
0
0
0
0
0
0
0
0
0
0
0
0
0
0
0
0
0
0
0
0
0
0
0
0
0
0
0
0
0
0
0
0
0
0
0
0
0
0
0
0
0
0