0
0
0
0
0
0
0
0
0
0
0
0
0
0
0
0
0
0
0
0
0
0
0
0
0
0
0
0
0
0
0
0
0
0
0
0
0
0
0
0
0
0
0
0
0
0
0
0
0
0
0
0
0
0
2
27
4
0
0
0
0
0
0
0
0
0
0
0
0
0
0
0
0
0
103
235
67
0
0
0
0
0
0
0
0
0
0
0
0
0
0
2
34
127
243
232
56
0
0
0
0
0
0
0
0
8
47
82
77
80
127
194
245
255
247
77
0
0
0
0
0
0
0
0
0
140
231
255
255
255
255
241
209
177
88
0
0
0
0
0
0
0
0
0
6
218
255
218
196
142
102
29
14
0
0
0
0
0
0
0
0
0
0
0
6
214
255
144
67
87
131
108
114
93
45
5
0
0
0
0
0
0
0
0
6
217
255
255
250
249
255
255
255
255
233
144
6
0
0
0
0
0
0
0
0
120
185
164
159
104
83
86
89
144
216
255
119
0
0
0
0
0
0
0
0
2
17
0
0
0
0
0
0
0
49
246
212
20
0
0
0
0
0
0
13
138
45
0
0
0
0
0
0
0
75
255
177
9
0
0
0
0
0
0
124
229
48
0
0
0
0
0
0
44
202
255
92
0
0
0
0
0
0
4
205
209
11
0
0
0
0
5
84
225
255
161
14
0
0
0
0
0
0
0
169
253
141
58
60
94
120
206
255
235
116
5
0
0
0
0
0
0
0
0
46
201
255
246
245
255
255
255
182
57
0
0
0
0
0
0
0
0
0
0
0
17
37
38
38
36
36
37
11
0
0
0
0
0
0
0
0
0
0
0
0
0
0
0
0
0
0
0
0
0
0
0
0
0
0
0
0
0
0
0
0
0
0
0
0
0
0
0
0
0
0
0
0
0
0
0