0
0
0
0
0
0
0
0
0
0
0
0
0
0
0
0
0
0
0
0
0
0
0
0
0
0
0
0
0
0
0
0
0
0
0
0
0
0
0
0
0
0
0
0
0
0
0
0
0
0
0
0
0
0
0
0
0
0
0
0
0
0
0
0
0
0
0
0
15
42
33
3
0
0
0
0
0
0
0
0
0
0
0
0
0
0
0
76
195
220
217
111
6
5
0
0
0
0
0
0
0
0
0
0
0
8
115
235
255
255
255
248
221
209
142
62
1
0
0
0
0
0
0
0
5
128
251
255
208
186
224
226
228
248
255
237
138
6
0
0
0
0
0
0
80
248
255
215
44
10
25
25
26
63
154
245
255
62
0
0
0
0
0
1
166
255
222
65
0
0
0
0
0
0
0
125
255
199
0
0
0
0
0
65
237
255
116
0
0
0
0
0
0
0
0
78
252
216
0
0
0
0
0
109
255
212
31
0
0
0
0
0
0
0
40
219
255
118
0
0
0
0
0
109
255
191
0
0
0
0
0
0
0
59
194
255
238
47
0
0
0
0
0
84
255
220
67
24
25
26
22
60
133
227
255
234
92
0
0
0
0
0
0
11
190
255
243
226
226
226
225
244
255
255
194
69
0
0
0
0
0
0
0
0
60
226
255
255
255
255
255
244
209
108
25
0
0
0
0
0
0
0
0
0
0
61
162
163
163
162
106
56
10
0
0
0
0
0
0
0
0
0
0
0
0
0
0
0
0
0
0
0
0
0
0
0
0
0
0
0
0
0
0
0
0
0
0
0
0
0
0
0
0
0
0
0
0
0
0
0
0
0
0
0
0
0
0
0
0
0
0
0
0
0
0
0
0
0
0
0
0
0
0
0
0
0
0
0
0
0
0
0
0
0
0
0
0
0
0
0