0
0
0
0
0
0
0
0
0
0
0
0
0
0
0
0
0
0
0
0
0
0
0
0
0
0
0
0
0
0
0
0
0
0
0
0
0
0
0
0
0
0
0
0
0
0
0
0
1
26
12
6
15
0
0
0
0
0
0
0
0
0
0
0
0
0
0
1
120
236
176
155
206
142
44
0
0
0
0
0
0
0
0
0
0
0
0
139
253
172
230
180
103
221
211
28
0
0
0
0
0
0
0
0
0
0
66
255
184
13
118
61
0
33
200
185
9
0
0
0
0
0
0
0
0
1
156
238
59
0
1
0
0
0
55
248
121
0
0
0
0
0
0
0
0
41
235
160
0
0
0
0
0
0
0
164
166
3
0
0
0
0
0
0
0
126
250
50
0
0
0
0
0
0
0
85
191
14
0
0
0
0
0
0
5
227
184
8
0
0
0
0
0
0
0
63
226
26
0
0
0
0
0
0
63
244
103
0
0
0
0
0
0
0
0
79
211
20
0
0
0
0
0
0
159
217
30
0
0
0
0
0
0
0
0
154
172
5
0
0
0
0
0
6
195
215
25
0
0
0
0
0
0
0
68
239
100
0
0
0
0
0
0
0
148
230
46
0
0
0
0
0
0
58
228
152
0
0
0
0
0
0
0
0
69
251
131
1
0
0
0
1
97
232
171
12
0
0
0
0
0
0
0
0
0
174
255
193
157
136
155
209
255
198
34
0
0
0
0
0
0
0
0
0
0
39
158
237
255
255
255
212
106
22
0
0
0
0
0
0
0
0
0
0
0
0
3
27
36
36
36
19
0
0
0
0
0
0
0
0
0
0
0
0
0
0
0
0
0
0
0
0
0
0
0
0
0
0
0
0
0
0
0
0
0
0
0
0
0
0
0
0
0
0
0
0
0
0
0
0