0
0
0
0
0
0
0
0
0
0
0
0
0
0
0
0
0
0
0
0
0
0
0
0
0
0
0
0
0
0
0
0
0
0
0
0
0
0
0
0
0
0
0
0
0
0
0
0
0
0
0
0
0
0
0
0
0
0
0
0
0
0
0
0
0
0
0
0
0
0
0
0
0
0
0
0
0
0
0
0
0
0
0
0
0
0
0
0
0
0
0
7
7
0
0
0
0
0
0
0
0
0
0
0
0
0
0
0
43
81
117
224
223
142
25
0
0
0
0
0
0
0
0
0
0
1
43
141
231
255
248
191
220
255
87
0
0
0
0
0
0
0
0
0
0
135
245
255
221
116
28
8
114
255
102
0
0
0
0
0
0
0
0
0
0
131
218
125
23
0
0
0
102
255
91
0
0
0
0
0
0
0
0
0
0
11
32
0
0
0
0
0
153
233
48
0
0
0
0
0
0
0
0
0
0
0
0
0
0
0
0
94
255
137
0
0
0
0
0
0
0
0
0
0
0
0
0
0
0
0
17
196
216
35
0
0
0
0
0
0
0
0
0
0
0
0
0
0
0
0
68
255
116
0
0
0
0
0
0
0
0
0
0
0
0
0
0
0
0
10
184
204
24
0
0
0
0
0
0
0
0
0
0
0
0
0
0
0
0
67
255
105
0
0
0
0
0
0
0
0
0
0
0
0
0
0
0
0
31
200
193
15
0
0
0
0
0
0
0
0
0
0
0
0
0
0
0
2
156
238
56
0
0
0
0
0
0
0
0
0
0
0
0
0
0
0
0
92
248
99
0
0
0
0
0
0
0
0
0
0
0
0
0
0
0
0
0
212
220
26
0
0
0
0
0
0
0
0
0
0
0
0
0
0
0
0
0
53
58
8
0
0
0
0
0
0
0
0
0
0