0
0
0
0
0
0
0
0
0
0
0
0
0
0
0
0
0
0
0
0
0
0
0
0
0
0
0
0
0
0
0
0
0
0
0
0
0
0
0
0
0
0
0
0
0
0
0
12
32
31
15
0
0
0
0
0
0
0
0
0
0
0
0
0
0
0
32
180
252
246
196
151
32
0
0
0
0
0
0
0
0
0
0
0
0
0
60
235
219
206
216
255
193
20
0
0
0
0
0
0
0
0
0
0
0
0
2
43
16
4
2
120
246
77
0
0
0
0
0
0
0
0
0
0
0
0
0
0
0
0
0
118
239
68
0
0
0
0
0
0
0
0
0
0
0
0
0
16
114
193
213
247
221
24
0
0
0
0
0
0
0
0
0
0
0
0
0
161
255
255
255
255
246
81
0
0
0
0
0
0
0
0
0
0
0
0
0
157
229
210
197
100
185
199
23
0
0
0
0
0
0
0
0
0
0
0
0
4
28
11
4
0
73
249
65
0
0
0
0
0
0
0
0
0
0
0
0
0
0
0
0
0
54
251
75
0
0
0
0
0
0
0
0
0
0
0
0
0
0
0
0
0
116
240
48
0
0
0
0
0
0
0
0
0
0
0
0
0
0
0
0
68
245
208
28
0
0
0
0
0
0
0
0
7
123
109
25
3
3
34
132
227
252
89
0
0
0
0
0
0
0
0
0
9
186
255
227
205
205
234
255
255
140
1
0
0
0
0
0
0
0
0
0
0
49
183
246
255
255
221
151
99
9
0
0
0
0
0
0
0
0
0
0
0
0
11
31
36
37
23
0
0
0
0
0
0
0
0
0
0
0
0
0
0
0
0
0
0
0
0
0
0
0
0
0
0
0
0
0
0
0
0
0
0
0
0
0
0
0
0
0
0
0
0
0
0
0
0
0
0