0
0
0
0
0
0
0
0
0
0
0
0
0
0
0
0
0
0
0
0
0
0
0
0
0
0
0
0
0
0
0
0
0
0
0
0
0
0
0
0
0
0
0
0
0
0
0
0
0
22
16
0
0
0
0
0
0
0
0
0
0
0
0
0
0
0
0
33
126
220
180
14
0
0
0
0
0
0
0
0
0
0
0
0
0
0
17
173
176
83
189
118
0
0
0
0
0
0
0
0
0
0
0
0
0
10
166
145
10
0
84
154
0
0
0
0
0
0
0
0
0
0
0
0
0
62
187
15
0
0
79
152
0
0
0
0
0
0
0
0
0
0
0
0
0
13
26
0
0
0
89
151
0
0
0
0
0
0
0
0
0
0
0
0
0
0
0
0
0
0
159
145
0
0
0
0
0
0
0
0
0
0
0
0
0
0
0
0
0
8
208
109
0
0
0
0
0
0
0
0
0
0
0
0
0
0
0
0
0
91
214
31
0
0
0
0
0
0
0
0
0
0
0
0
0
0
0
0
0
145
158
0
0
0
0
0
0
0
0
0
0
0
0
0
0
0
0
0
18
196
70
0
0
0
0
0
0
0
0
0
0
0
0
0
0
0
0
0
111
235
138
126
96
60
15
0
0
0
0
0
0
0
0
0
0
0
0
52
237
255
252
248
242
232
186
41
0
0
0
0
0
0
0
0
0
0
19
204
210
95
22
7
25
78
124
78
0
0
0
0
0
0
0
0
0
0
90
215
40
0
0
0
0
0
0
0
0
0
0
0
0
0
0
0
0
0
15
24
0
0
0
0
0
0
0
0
0
0
0
0
0
0
0
0
0
0
0
0
0
0
0
0
0
0
0
0
0
0
0
0
0
0
0
0
0
0
0
0
0
0
0
0
0
0
0
0
0
0
0
0