0
0
0
0
0
0
0
0
0
0
0
0
0
0
0
0
0
0
0
0
0
0
0
0
0
0
0
0
0
0
0
0
0
0
0
0
0
0
0
0
0
0
0
0
0
0
0
0
0
0
0
0
0
0
0
0
0
0
0
0
0
0
0
0
0
0
0
0
0
0
0
0
0
0
0
0
0
0
0
0
0
0
0
0
0
0
0
0
0
0
11
15
7
0
0
0
0
0
0
0
0
0
0
0
0
0
0
0
33
122
207
214
207
14
0
0
0
0
0
0
0
0
0
0
0
0
3
105
228
209
61
126
228
18
0
0
0
0
0
0
0
0
0
0
0
36
183
245
148
17
0
174
181
0
0
0
0
0
0
0
0
0
0
0
0
98
211
77
0
0
50
241
92
0
0
0
0
0
0
0
0
0
0
0
0
21
24
0
0
0
65
255
60
0
0
0
0
0
0
0
0
0
0
0
0
0
0
0
0
0
67
255
55
0
0
0
0
0
0
0
0
0
0
0
0
0
0
0
0
0
131
226
26
0
0
0
0
0
0
0
0
0
0
0
0
0
0
0
0
2
187
184
10
0
0
0
0
0
0
0
0
0
0
0
0
0
0
0
0
5
217
148
0
0
0
0
0
0
0
0
0
0
0
0
0
0
0
0
0
8
243
124
0
0
0
0
0
0
0
0
0
0
0
0
0
0
0
0
0
9
250
125
0
0
0
0
0
0
0
0
0
0
0
0
0
0
0
0
0
9
252
124
0
0
0
0
0
0
0
0
0
0
0
0
0
0
0
0
0
8
239
131
0
0
0
0
0
0
0
0
0
0
0
0
0
0
0
0
0
0
129
183
11
0
0
0
0
0
0
0
0
0
0
0
0
0
0
0
0
0
17
52
5
0
0
0
0
0
0
0