0
0
0
0
0
0
0
0
0
0
0
0
0
0
0
0
0
0
0
0
0
0
0
0
0
0
0
0
0
0
0
0
0
0
0
0
0
0
0
0
0
0
0
0
0
0
0
0
0
0
20
28
7
0
0
0
0
0
0
0
0
0
0
0
0
0
0
0
0
8
193
236
163
51
5
0
0
0
0
0
0
0
0
0
0
0
0
0
0
119
253
255
255
234
172
27
0
0
0
0
0
0
0
0
0
0
0
3
92
229
255
233
162
233
255
150
4
0
0
0
0
0
0
0
0
0
0
9
192
255
150
62
0
61
220
230
46
0
0
0
0
0
0
0
0
0
0
101
254
204
18
0
0
0
113
252
87
0
0
0
0
0
0
0
0
0
52
241
253
67
0
0
0
0
64
248
90
0
0
0
0
0
0
0
0
30
200
252
127
8
0
0
0
0
87
251
89
0
0
0
0
0
0
0
0
106
255
227
34
0
0
0
0
6
182
255
90
0
0
0
0
0
0
0
1
181
255
207
0
0
0
0
0
105
252
243
68
0
0
0
0
0
0
0
16
225
250
83
0
0
0
11
99
253
248
98
0
0
0
0
0
0
0
0
75
251
238
22
0
12
71
196
255
233
99
0
0
0
0
0
0
0
0
0
77
253
242
74
61
174
242
255
190
52
1
0
0
0
0
0
0
0
0
0
65
249
254
252
255
255
217
122
11
0
0
0
0
0
0
0
0
0
0
0
7
120
249
214
179
125
33
0
0
0
0
0
0
0
0
0
0
0
0
0
0
0
33
21
10
0
0
0
0
0
0
0
0
0
0
0
0
0
0
0
0
0
0
0
0
0
0
0
0
0
0
0
0
0
0
0
0
0
0
0
0
0
0
0
0
0
0
0
0
0
0
0
0
0
0
0