0
0
0
0
0
0
0
0
0
0
0
0
0
0
0
0
0
0
0
0
0
0
0
0
0
0
0
0
0
0
0
0
4
107
67
0
0
0
0
0
0
0
0
0
0
0
0
0
0
0
0
0
20
191
80
0
0
0
0
0
0
0
0
0
0
0
0
0
0
0
0
7
155
190
15
0
0
0
0
0
0
0
0
0
0
0
0
0
0
0
2
134
239
76
0
0
0
0
0
0
0
0
0
0
0
0
0
0
0
0
124
248
86
0
0
0
0
0
0
0
0
0
0
0
0
0
0
0
2
125
249
126
0
0
0
0
0
0
0
0
0
0
0
0
0
0
0
12
156
243
102
2
0
0
0
0
0
0
0
0
0
0
0
0
0
0
0
154
220
80
0
0
20
61
25
0
0
0
0
0
0
0
0
0
0
0
73
254
123
0
0
21
185
239
206
52
0
0
0
0
0
0
0
0
0
0
143
226
17
0
41
176
218
205
255
47
0
0
0
0
0
0
0
0
0
5
174
175
0
45
211
183
72
194
171
1
0
0
0
0
0
0
0
0
0
39
225
123
10
198
210
127
211
167
16
0
0
0
0
0
0
0
0
0
0
43
231
166
149
255
239
198
125
12
0
0
0
0
0
0
0
0
0
0
0
0
131
253
255
232
99
26
0
0
0
0
0
0
0
0
0
0
0
0
0
0
0
55
170
79
0
0
0
0
0
0
0
0
0
0
0
0
0
0
0
0
0
0
0
0
0
0
0
0
0
0
0
0
0
0
0
0
0
0
0
0
0
0
0
0
0
0
0
0
0
0
0
0
0
0
0
0
0
0
0
0
0
0
0
0
0
0
0
0
0
0
0
0
0
0
0
0
0
0
0
0
0
0
0
0
0
0
0
0
0
0
0
0
0
0