0
0
0
0
0
0
0
0
0
0
0
0
0
0
0
0
0
0
0
0
0
0
0
0
0
0
0
0
0
0
0
0
0
31
131
15
0
0
0
0
0
0
0
0
0
0
0
0
0
0
0
0
29
203
231
18
0
0
0
0
0
0
0
0
0
0
0
0
0
0
0
1
167
167
50
0
0
0
0
0
0
0
0
0
0
0
0
0
0
0
0
105
219
30
0
0
0
0
0
0
0
0
0
0
0
0
0
0
0
0
103
236
102
0
0
0
0
0
0
0
0
0
0
0
0
0
0
0
0
82
237
101
0
0
0
0
0
0
0
0
0
0
0
0
0
0
0
0
65
228
148
0
0
0
0
0
0
0
0
0
0
0
0
0
0
0
0
32
199
164
4
0
0
0
0
0
0
0
0
0
0
0
0
0
0
0
3
170
216
36
0
5
71
105
2
0
0
0
0
0
0
0
0
0
0
0
93
240
78
0
1
144
255
184
10
0
0
0
0
0
0
0
0
0
0
0
160
236
11
0
44
233
255
172
6
0
0
0
0
0
0
0
0
0
0
0
102
246
90
0
140
253
245
87
0
0
0
0
0
0
0
0
0
0
0
0
7
203
227
161
250
255
168
5
0
0
0
0
0
0
0
0
0
0
0
0
0
89
233
255
252
254
108
9
0
0
0
0
0
0
0
0
0
0
0
0
0
0
35
58
82
135
32
0
0
0
0
0
0
0
0
0
0
0
0
0
0
0
0
0
0
0
0
0
0
0
0
0
0
0
0
0
0
0
0
0
0
0
0
0
0
0
0
0
0
0
0
0
0
0
0
0
0
0
0
0
0
0
0
0
0
0
0
0
0
0
0
0
0
0
0
0
0
0
0
0
0
0
0
0
0
0
0
0
0
0
0
0
0
0