0
0
0
0
0
0
0
0
0
0
0
0
0
0
0
0
0
0
0
0
0
0
0
0
0
0
0
0
0
0
0
0
0
0
0
0
0
0
0
0
0
0
0
0
0
0
0
0
0
0
0
17
38
22
0
0
0
0
0
0
0
0
0
0
0
0
0
0
0
0
69
203
255
215
140
63
0
0
0
0
0
0
0
0
0
0
0
0
5
81
226
255
255
242
251
234
125
8
0
0
0
0
0
0
0
0
0
20
138
251
255
223
147
62
115
251
255
118
0
0
0
0
0
0
0
0
0
157
255
255
197
51
0
0
1
151
255
207
0
0
0
0
0
0
0
0
124
254
254
135
15
0
0
0
0
108
255
218
0
0
0
0
0
0
0
97
227
255
160
0
0
0
0
0
0
111
255
218
0
0
0
0
0
0
70
243
255
205
35
0
0
0
0
0
0
134
255
197
0
0
0
0
0
31
209
255
225
70
0
0
0
0
0
0
88
247
225
74
0
0
0
0
0
85
252
250
100
0
0
0
0
0
0
64
217
252
116
0
0
0
0
0
0
111
255
206
18
0
0
0
0
0
86
220
255
137
1
0
0
0
0
0
0
109
255
218
56
0
0
6
57
149
254
244
118
10
0
0
0
0
0
0
0
96
255
254
220
149
160
175
232
255
209
100
0
0
0
0
0
0
0
0
0
37
201
255
255
255
255
255
242
166
20
0
0
0
0
0
0
0
0
0
0
4
46
114
171
181
144
96
67
3
0
0
0
0
0
0
0
0
0
0
0
0
0
0
8
11
0
0
0
0
0
0
0
0
0
0
0
0
0
0
0
0
0
0
0
0
0
0
0
0
0
0
0
0
0
0
0
0
0
0
0
0
0
0
0
0
0
0
0
0
0
0
0
0
0
0
0
0