0
0
0
0
0
0
0
0
0
0
0
0
0
0
0
0
0
0
0
0
0
0
0
0
0
0
0
0
0
0
0
0
0
0
0
0
0
0
0
0
0
0
0
0
0
0
0
0
0
36
152
211
127
12
0
0
0
0
0
0
0
0
0
0
0
0
0
0
49
206
182
127
231
157
12
0
0
0
0
0
0
0
0
0
0
0
0
14
155
103
8
0
92
231
41
0
0
0
0
0
0
0
0
0
0
0
0
19
71
0
0
0
52
228
41
0
0
0
0
0
0
0
0
0
0
0
0
1
2
0
0
0
55
227
41
0
0
0
0
0
0
0
0
0
0
0
0
0
0
0
0
0
62
230
43
0
0
0
0
0
0
0
0
0
0
56
99
70
13
0
0
0
140
211
28
0
0
0
0
0
0
0
0
0
96
223
230
220
195
98
8
0
204
143
0
0
0
0
0
0
0
0
0
45
201
70
15
34
114
226
177
71
209
48
0
0
0
0
0
0
0
0
0
80
171
0
0
0
0
55
209
255
167
3
0
0
0
0
0
0
0
0
0
39
203
89
0
0
0
18
188
247
209
38
0
0
0
0
0
0
0
0
0
0
102
203
107
99
135
193
115
56
212
205
46
0
0
0
0
0
0
0
0
0
2
92
214
223
201
86
0
0
63
225
211
32
1
0
0
0
0
0
0
0
0
0
6
7
4
0
0
0
0
68
236
215
38
0
0
0
0
0
0
0
0
0
0
0
0
0
0
0
0
2
67
80
4
0
0
0
0
0
0
0
0
0
0
0
0
0
0
0
0
0
0
0
0
0
0
0
0
0
0
0
0
0
0
0
0
0
0
0
0
0
0
0
0
0
0
0
0
0
0
0
0
0
0
0
0
0
0
0
0
0
0
0
0
0
0
0