0
0
0
0
0
0
0
0
0
0
0
0
0
0
0
0
0
0
0
0
0
0
0
0
0
0
0
0
0
0
0
0
0
0
0
0
0
0
0
0
0
0
0
0
0
0
0
0
0
0
0
0
0
0
24
21
0
0
0
0
0
0
0
0
0
0
0
0
0
0
0
0
0
0
186
195
9
0
0
0
0
0
0
0
0
0
0
0
0
0
0
0
0
32
218
227
39
0
0
0
0
0
0
0
0
0
0
6
0
0
0
0
0
125
255
131
0
0
0
0
0
0
0
0
0
0
42
157
38
0
0
0
33
215
248
36
0
0
0
0
0
0
0
0
0
0
152
255
117
0
0
0
92
255
152
1
0
0
0
0
0
0
0
0
0
107
248
252
92
0
39
73
204
244
56
0
0
0
0
0
0
0
0
0
53
241
255
232
202
189
220
244
255
165
4
0
0
0
0
0
0
0
0
0
178
255
255
255
255
250
253
255
255
131
0
0
0
0
0
0
0
0
0
28
167
245
211
151
95
67
149
255
214
53
0
0
0
0
0
0
0
0
0
10
17
38
32
0
0
0
189
255
143
0
0
0
0
0
0
0
0
0
0
0
0
0
0
0
0
13
224
248
61
0
0
0
0
0
0
0
0
0
0
0
0
0
0
0
0
115
255
207
16
0
0
0
0
0
0
0
0
0
0
0
0
0
0
0
0
183
255
151
3
0
0
0
0
0
0
0
0
0
0
0
0
0
0
0
0
188
242
56
0
0
0
0
0
0
0
0
0
0
0
0
0
0
0
0
0
26
30
1
0
0
0
0
0
0
0
0
0
0
0
0
0
0
0
0
0
0
0
0
0
0
0
0
0
0
0
0
0
0
0
0
0
0
0
0
0
0
0
0
0
0
0
0
0
0
0
0