0
0
0
0
0
0
0
0
0
0
0
0
0
0
0
0
0
0
0
0
0
0
0
0
0
0
0
0
0
0
0
0
0
0
0
0
0
0
0
0
0
0
0
0
0
0
0
7
28
37
36
37
30
0
0
0
0
0
0
0
0
0
0
0
0
11
124
173
239
255
255
255
244
127
16
0
0
0
0
0
0
0
0
0
51
197
255
255
191
166
136
152
229
255
126
0
0
0
0
0
0
0
0
52
218
255
190
70
11
0
0
1
178
255
157
0
0
0
0
0
0
0
0
114
255
169
13
0
0
0
0
38
222
255
155
0
0
0
0
0
0
0
0
95
239
52
0
0
0
0
0
105
253
255
143
0
0
0
0
0
0
0
0
1
50
2
0
0
0
0
39
204
255
230
47
0
0
0
0
0
0
0
0
0
0
0
0
0
0
0
151
255
253
108
0
0
0
0
0
0
0
0
0
0
0
0
0
0
0
113
252
254
169
11
0
0
0
0
0
0
0
0
0
0
0
0
0
0
59
232
255
212
26
0
0
0
0
0
0
0
0
0
0
0
0
0
0
72
238
255
201
57
0
0
0
0
0
0
0
0
0
0
0
0
0
0
48
211
255
253
89
14
53
50
50
50
54
21
0
0
0
0
0
0
0
30
203
255
253
250
175
197
230
228
233
235
203
67
0
0
0
0
0
0
1
140
255
253
252
252
255
255
253
243
206
178
61
0
0
0
0
0
0
0
3
144
255
255
255
255
209
159
102
68
13
0
0
0
0
0
0
0
0
0
0
5
34
36
36
36
20
3
0
0
0
0
0
0
0
0
0
0
0
0
0
0
0
0
0
0
0
0
0
0
0
0
0
0
0
0
0
0
0
0
0
0
0
0
0
0
0
0
0
0
0
0
0
0
0
0