0
0
0
0
0
0
0
0
0
0
0
0
0
0
0
0
0
0
0
0
0
0
0
0
0
0
0
0
0
0
0
0
0
0
0
0
0
0
0
0
0
0
0
0
0
0
0
0
0
0
0
0
0
0
0
0
0
0
0
0
0
0
0
0
0
0
0
0
0
0
0
0
0
0
0
0
0
0
0
0
0
0
0
0
0
0
0
0
0
0
0
0
0
0
0
0
0
0
0
0
0
0
0
0
0
0
0
0
0
0
0
0
0
0
0
0
0
0
0
0
0
0
0
0
0
0
0
0
0
0
0
0
0
0
28
61
41
2
0
0
0
0
0
49
107
103
104
54
41
138
186
182
210
196
212
242
202
20
0
0
0
0
11
184
255
255
255
246
244
252
241
206
165
103
150
255
151
3
0
0
0
0
26
227
251
250
231
207
211
112
47
25
0
28
190
228
52
0
0
0
0
0
4
49
65
66
40
5
5
0
0
0
10
152
233
82
5
0
0
0
0
0
0
0
0
0
0
0
0
0
0
0
82
245
113
0
0
0
0
0
0
0
0
0
0
0
0
0
0
0
0
30
216
192
13
0
0
0
0
0
0
0
0
0
0
0
0
0
0
0
20
172
247
88
0
0
0
0
0
0
0
0
0
0
0
0
0
0
0
0
162
255
140
0
0
0
0
0
0
0
0
0
0
0
0
0
0
0
0
73
255
197
18
0
0
0
0
0
0
0
0
0
0
0
0
0
0
0
0
185
255
121
0
0
0
0
0
0
0
0
0
0
0
0
0
0
0
0
13
211
237
47
0
0
0
0
0
0
0
0
0
0
0
0
0
0
0
0
31
123
96
0
0
0
0
0
0
0
0
0
0
0
0
0
0
0
0
0
0
0
0
0
0
0
0
0
0
0
0
0