0
0
0
0
0
0
0
0
0
0
0
0
0
0
0
0
0
0
0
0
0
0
0
0
0
0
0
0
0
0
0
0
0
0
0
0
0
0
0
0
0
0
0
0
0
0
0
0
0
0
0
0
0
0
0
0
0
0
0
0
0
0
0
0
0
0
0
0
11
42
33
81
77
82
86
37
0
0
0
0
0
0
0
0
0
0
91
171
193
221
219
254
252
255
255
198
37
0
0
0
0
0
0
0
0
37
228
255
255
255
224
206
199
203
232
248
86
0
0
0
0
0
0
0
0
10
85
105
159
227
49
19
13
17
182
146
9
0
0
0
0
0
0
0
0
0
0
0
142
207
1
0
0
0
40
15
0
0
0
0
0
0
0
0
0
0
0
9
183
173
0
23
8
0
0
0
0
0
0
0
0
0
0
0
0
0
0
21
191
118
162
217
192
111
45
0
0
0
0
0
0
0
0
0
0
0
0
65
252
242
196
162
249
229
60
0
0
0
0
0
0
0
0
0
0
0
0
83
255
221
24
0
116
255
91
0
0
0
0
0
0
0
0
0
3
10
0
128
243
87
0
0
13
196
200
4
0
0
0
0
0
0
0
0
28
171
60
42
63
0
0
0
0
104
251
11
0
0
0
0
0
0
0
0
9
207
216
44
0
0
0
0
39
212
164
0
0
0
0
0
0
0
0
0
0
39
220
233
74
30
42
109
243
208
46
0
0
0
0
0
0
0
0
0
0
0
62
222
250
216
232
255
177
34
0
0
0
0
0
0
0
0
0
0
0
0
0
58
184
203
186
99
15
0
0
0
0
0
0
0
0
0
0
0
0
0
0
0
0
0
0
0
0
0
0
0
0
0
0
0
0
0
0
0
0
0
0
0
0
0
0
0
0
0
0
0
0
0
0
0