0
0
0
0
0
0
0
0
0
0
0
0
0
0
0
0
0
0
0
0
0
0
0
0
0
0
0
0
0
0
0
21
120
20
0
0
0
0
0
0
0
0
0
0
0
0
0
0
0
3
69
188
238
47
0
0
0
0
0
0
0
0
0
0
0
0
0
0
0
117
253
241
85
0
0
0
0
0
0
0
0
0
0
0
0
0
0
0
75
242
255
109
0
0
0
0
0
0
0
0
0
0
0
0
0
0
0
26
220
255
185
11
0
0
0
0
0
0
0
0
0
0
0
0
0
0
0
131
255
225
52
0
0
0
0
0
0
0
0
0
0
0
0
0
0
0
32
227
255
145
0
0
0
18
118
121
96
12
0
0
0
0
0
0
0
5
154
255
185
15
0
0
12
190
255
255
255
136
0
0
0
0
0
0
0
40
221
255
96
0
0
5
150
255
181
152
239
236
43
0
0
0
0
0
5
180
255
188
4
0
55
194
249
106
8
107
250
190
21
0
0
0
0
0
91
248
251
67
0
20
199
255
176
48
141
255
238
49
0
0
0
0
0
0
186
255
221
59
76
189
255
236
202
239
240
135
32
0
0
0
0
0
0
0
148
255
255
244
255
255
253
255
180
154
67
0
0
0
0
0
0
0
0
0
19
138
214
244
249
255
255
143
4
0
0
0
0
0
0
0
0
0
0
0
0
0
12
35
66
169
153
15
0
0
0
0
0
0
0
0
0
0
0
0
0
0
0
0
0
0
0
0
0
0
0
0
0
0
0
0
0
0
0
0
0
0
0
0
0
0
0
0
0
0
0
0
0
0
0
0
0
0
0
0
0
0
0
0
0
0
0
0
0
0
0
0
0
0
0
0
0
0
0
0
0
0
0
0
0
0
0
0
0
0
0
0
0
0
0
0