0
0
0
0
0
0
0
0
0
0
0
0
0
0
0
0
0
0
0
0
0
0
0
0
0
0
0
0
0
0
0
0
0
0
0
0
0
0
0
0
0
0
0
0
0
0
0
0
0
0
0
0
0
0
0
0
0
0
0
0
0
0
0
0
0
0
0
0
0
0
0
0
0
0
0
0
0
0
0
0
0
0
0
0
0
0
0
6
75
140
189
116
9
0
0
0
0
0
0
0
0
0
0
0
0
0
47
190
252
252
226
253
153
68
105
1
0
0
0
0
0
0
0
0
0
53
219
213
170
126
36
198
227
175
239
8
0
0
0
0
0
0
0
0
1
169
241
68
30
2
0
62
135
200
226
7
0
0
0
0
0
0
0
0
7
228
184
4
0
0
0
0
91
252
143
0
0
0
0
0
0
0
0
0
2
185
234
77
9
15
56
147
237
248
63
0
0
0
0
0
0
0
0
0
0
76
227
255
231
241
228
232
255
209
28
0
0
0
0
0
0
0
0
0
0
0
48
115
142
111
59
160
255
132
3
0
0
0
0
0
0
0
0
0
0
0
0
0
0
0
29
219
205
9
0
0
0
0
0
0
0
0
0
0
0
0
0
0
0
0
129
255
104
0
0
0
0
0
0
0
0
0
0
0
0
0
0
0
0
29
232
232
28
0
0
0
0
0
0
0
0
0
0
0
0
0
0
0
2
133
255
146
2
0
0
0
0
0
0
0
0
0
0
0
0
0
0
0
33
218
255
170
11
0
0
0
0
0
0
0
0
0
0
0
0
0
0
0
74
253
250
143
9
0
0
0
0
0
0
0
0
0
0
0
0
0
0
0
44
142
88
0
0
0
0
0
0
0
0
0
0
0
0
0
0
0
0
0
0
0
0
0
0
0
0
0
0
0
0
0