0
0
0
0
0
0
0
0
0
0
0
0
0
0
0
0
0
0
0
0
0
0
0
0
0
0
0
0
0
0
0
0
0
0
0
0
0
0
0
0
0
0
0
0
0
0
0
0
0
10
35
37
7
0
0
0
0
0
0
0
0
0
0
0
0
0
0
19
91
185
242
255
68
8
75
15
0
0
0
0
0
0
0
0
0
0
9
158
238
146
55
75
24
50
225
61
0
0
0
0
0
0
0
0
0
0
70
241
104
0
0
0
0
113
251
49
0
0
0
0
0
0
0
0
0
0
14
188
186
25
0
0
16
208
193
3
0
0
0
0
0
0
0
0
0
0
0
62
243
177
1
0
118
237
63
0
0
0
0
0
0
0
0
0
0
0
0
0
103
248
134
89
234
137
0
0
0
0
0
0
0
0
0
0
0
0
0
0
2
92
238
251
221
35
0
0
0
0
0
0
0
0
0
0
0
0
0
0
0
69
243
255
127
0
0
0
0
0
0
0
0
0
0
0
0
0
0
0
94
231
150
174
220
6
0
0
0
0
0
0
0
0
0
0
0
0
0
103
229
83
0
104
232
42
0
0
0
0
0
0
0
0
0
0
0
0
91
254
156
0
0
102
234
48
0
0
0
0
0
0
0
0
0
0
0
31
212
186
21
0
34
210
206
18
0
0
0
0
0
0
0
0
0
0
0
45
227
86
41
113
229
195
37
0
0
0
0
0
0
0
0
0
0
0
0
18
189
226
232
216
111
20
0
0
0
0
0
0
0
0
0
0
0
0
0
0
20
42
39
19
0
0
0
0
0
0
0
0
0
0
0
0
0
0
0
0
0
0
0
0
0
0
0
0
0
0
0
0
0
0
0
0
0
0
0
0
0
0
0
0
0
0
0
0
0
0
0
0
0
0