0
0
0
0
0
0
0
0
0
0
0
0
0
0
0
0
0
0
0
0
0
0
0
0
0
0
0
0
0
0
0
0
0
0
0
0
0
0
0
0
0
0
0
0
0
0
0
0
0
0
0
0
0
0
0
0
0
0
0
0
0
0
0
0
0
0
0
0
0
0
0
0
0
0
0
0
0
0
0
0
0
0
0
0
0
0
0
97
188
189
171
101
12
0
0
0
0
0
0
0
0
0
0
0
0
6
133
249
255
240
241
255
169
0
0
0
0
0
0
0
0
0
0
0
0
128
255
231
94
52
89
234
252
93
0
0
0
0
0
0
0
0
0
0
10
210
232
68
0
0
35
221
255
165
0
0
0
0
0
0
0
0
0
0
39
235
121
0
0
0
33
221
255
141
0
0
0
0
0
0
0
0
0
0
12
209
225
57
0
54
175
248
255
148
0
0
0
0
0
0
0
0
0
0
0
93
250
249
233
247
241
239
255
162
0
0
0
0
0
0
0
0
0
0
0
3
99
185
153
134
62
171
255
159
0
0
0
0
0
0
0
0
0
0
0
0
0
10
1
0
0
139
255
175
8
0
0
0
0
0
0
0
0
0
0
0
0
0
0
0
0
78
248
227
42
0
0
0
0
0
0
0
0
0
0
0
0
0
0
0
0
81
247
239
62
0
0
0
0
0
0
0
0
0
0
0
0
0
0
0
0
39
231
255
109
0
0
0
0
0
0
0
0
0
0
0
0
0
0
0
0
0
219
255
173
2
0
0
0
0
0
0
0
0
0
0
0
0
0
0
0
0
169
255
204
4
0
0
0
0
0
0
0
0
0
0
0
0
0
0
0
0
69
151
85
0
0
0
0
0
0
0
0
0
0
0
0
0
0
0
0
0
0
0
0
0
0
0
0
0