0
0
0
0
0
0
0
0
0
0
0
0
0
0
0
0
0
0
0
0
0
0
0
0
0
0
0
0
0
0
0
0
0
0
0
0
0
0
0
0
0
0
0
0
0
0
0
0
0
0
0
0
0
0
0
0
0
0
0
0
0
0
0
0
0
1
6
40
72
107
101
64
7
0
0
0
0
0
0
0
0
0
0
0
1
136
198
222
247
255
255
242
147
6
0
0
0
0
0
0
0
0
0
0
5
212
255
244
162
106
130
237
251
78
0
0
0
0
0
0
0
0
0
0
2
115
152
80
0
0
2
178
255
110
0
0
0
0
0
0
0
0
0
0
0
0
0
0
0
0
77
253
242
72
0
0
0
0
0
0
0
0
0
0
0
0
0
0
0
6
187
255
159
1
0
0
0
0
0
0
0
0
0
0
0
0
0
0
3
135
255
255
160
14
0
0
0
0
0
0
0
0
0
0
0
0
5
64
160
254
255
246
255
139
1
0
0
0
0
0
0
0
0
0
0
0
106
252
255
255
182
72
180
234
46
0
0
0
0
0
0
0
0
0
0
0
126
240
184
82
11
0
179
252
61
0
0
0
0
0
0
0
0
0
0
0
6
23
10
0
0
72
249
219
36
0
0
0
0
0
0
0
0
0
0
0
0
0
0
0
26
197
255
148
4
0
0
0
0
0
0
0
0
0
0
0
0
0
0
2
149
255
217
37
0
0
0
0
0
0
0
0
0
5
81
58
41
39
68
160
255
244
76
0
0
0
0
0
0
0
0
0
0
16
172
204
193
193
203
224
204
77
0
0
0
0
0
0
0
0
0
0
0
0
0
0
0
0
0
0
0
0
0
0
0
0
0
0
0
0
0
0
0
0
0
0
0
0
0
0
0
0
0
0
0
0
0
0
0
0