0
0
0
0
0
0
0
0
0
0
0
0
0
0
0
0
0
0
0
0
0
0
0
0
0
0
0
0
0
0
0
0
0
0
0
0
0
0
0
0
0
0
0
0
0
0
0
0
0
0
0
0
0
0
0
0
0
0
0
0
0
0
0
0
0
0
0
0
0
2
40
85
111
98
35
0
0
0
0
0
0
0
0
0
0
0
0
9
99
181
226
255
255
255
208
17
0
0
0
0
0
0
0
0
0
0
44
200
253
241
213
179
167
224
252
25
0
0
0
0
0
0
0
0
0
11
179
255
210
72
24
0
2
198
252
24
0
0
0
0
0
0
0
0
0
0
98
195
134
3
0
0
121
255
204
11
0
0
0
0
0
0
0
0
0
0
0
0
0
0
0
40
228
255
86
0
0
0
0
0
0
0
0
0
0
0
0
0
0
0
0
155
255
149
13
0
0
0
0
0
0
0
0
0
0
0
0
0
0
4
104
250
180
11
0
0
0
0
0
0
0
0
0
0
0
0
0
0
22
152
255
217
36
0
0
0
0
0
0
0
0
0
0
0
0
0
0
3
154
255
213
52
0
0
0
0
0
0
0
0
0
0
0
0
0
0
0
130
255
213
40
0
5
41
56
6
0
0
0
0
0
0
0
0
0
4
115
255
219
85
98
134
192
209
148
9
0
0
0
0
0
0
0
0
0
121
243
255
220
221
255
233
118
45
10
0
0
0
0
0
0
0
0
0
50
245
255
255
255
235
151
62
0
0
0
0
0
0
0
0
0
0
0
0
39
212
212
145
86
38
0
0
0
0
0
0
0
0
0
0
0
0
0
0
0
0
0
0
0
0
0
0
0
0
0
0
0
0
0
0
0
0
0
0
0
0
0
0
0
0
0
0
0
0
0
0
0
0
0
0