0
0
0
0
0
0
0
0
0
0
0
0
0
0
0
0
0
0
0
0
0
0
0
0
0
0
0
0
0
0
0
0
0
0
0
0
0
0
0
0
0
0
0
0
0
0
0
0
32
91
163
207
130
0
0
0
0
0
0
0
0
0
0
0
0
0
0
55
220
210
140
100
63
0
0
0
0
0
0
0
0
0
0
0
0
0
30
206
172
25
0
0
0
0
0
0
0
0
0
0
0
0
0
0
0
0
113
199
13
0
0
0
0
0
0
0
0
0
0
0
0
0
0
0
0
0
165
136
0
0
0
0
0
0
0
0
0
0
0
0
0
0
0
0
0
0
150
148
0
0
0
0
0
0
0
0
0
0
0
0
0
0
0
0
0
0
105
190
11
0
0
0
0
0
0
0
0
0
0
0
0
0
0
0
0
0
28
203
131
0
0
0
0
0
0
0
0
0
0
0
0
0
0
0
0
0
0
64
217
99
12
0
0
0
0
0
0
0
0
0
0
0
0
0
0
0
0
0
78
237
194
114
25
0
0
0
0
0
0
0
0
0
0
0
0
0
0
0
0
26
93
194
215
126
14
0
0
0
0
0
0
0
0
0
0
0
0
0
0
0
0
5
78
208
181
20
0
0
0
0
0
0
0
0
0
0
56
146
102
53
10
0
0
98
255
73
0
0
0
0
0
0
0
0
0
0
84
159
145
187
209
179
180
210
132
6
0
0
0
0
0
0
0
0
0
0
0
0
0
14
69
107
74
38
0
0
0
0
0
0
0
0
0
0
0
0
0
0
0
0
0
0
0
0
0
0
0
0
0
0
0
0
0
0
0
0
0
0
0
0
0
0
0
0
0
0
0
0
0
0
0
0
0
0
0
0
0
0
0
0
0
0
0
0
0
0
0
0
0
0