0
0
0
0
0
0
0
0
0
0
0
0
0
0
0
0
0
0
0
0
0
0
0
0
0
0
0
0
0
0
0
0
0
0
0
0
0
0
0
0
0
0
0
0
0
0
0
0
0
0
0
0
0
0
0
0
0
0
0
0
0
0
0
0
0
0
38
70
0
0
0
0
0
0
0
0
0
0
0
0
0
0
0
0
0
1
156
234
42
0
0
0
0
0
3
0
0
0
0
0
0
0
0
0
0
8
182
239
39
0
0
0
0
96
134
1
0
0
0
0
0
0
0
0
0
50
233
212
0
0
0
0
36
234
164
0
0
0
0
0
0
0
0
0
0
95
255
177
0
0
0
0
52
255
159
0
0
0
0
0
0
0
0
0
0
158
255
126
0
0
0
0
69
255
162
0
0
0
0
0
0
0
0
0
0
162
255
149
0
0
5
0
145
255
119
0
0
0
0
0
0
0
0
0
0
152
255
232
143
150
208
207
248
255
84
0
0
0
0
0
0
0
0
0
0
75
242
255
255
255
247
227
253
238
58
0
0
0
0
0
0
0
0
0
0
3
50
93
67
68
46
70
245
184
12
0
0
0
0
0
0
0
0
0
0
0
0
0
0
0
0
51
244
172
4
0
0
0
0
0
0
0
0
0
0
0
0
0
0
0
0
54
244
175
6
0
0
0
0
0
0
0
0
0
0
0
0
0
0
0
0
54
237
244
64
0
0
0
0
0
0
0
0
0
0
0
0
0
0
0
0
55
239
255
87
0
0
0
0
0
0
0
0
0
0
0
0
0
0
0
0
9
164
187
34
0
0
0
0
0
0
0
0
0
0
0
0
0
0
0
0
0
0
0
0
0
0
0
0
0
0
0
0
0
0
0
0
0
0
0
0
0
0
0
0
0
0
0
0
0