0
0
0
0
0
0
0
0
0
0
0
0
0
0
0
0
0
0
0
0
0
0
0
0
0
0
0
0
0
0
0
0
0
0
0
0
0
0
0
0
0
0
0
0
0
0
0
0
121
151
7
0
0
0
0
0
0
0
0
0
0
0
0
0
0
0
0
0
114
255
146
7
0
0
0
0
0
0
0
0
0
0
0
0
0
0
0
0
47
222
255
187
100
82
21
0
0
0
0
0
0
0
0
0
0
0
74
122
32
35
196
255
255
255
219
62
0
0
0
0
0
0
0
0
0
38
222
194
22
0
32
108
170
188
250
197
15
0
0
0
0
0
0
0
0
79
249
65
0
0
0
0
7
7
148
255
119
0
0
0
0
0
0
0
0
136
221
19
0
0
0
0
0
0
129
244
77
0
0
0
0
0
0
0
38
238
216
21
0
0
0
0
0
15
191
241
63
0
0
0
0
0
0
0
52
254
214
21
0
0
0
0
0
122
255
201
6
0
0
0
0
0
0
0
51
252
214
20
0
0
0
0
7
182
255
107
0
0
0
0
0
0
0
0
47
248
219
22
0
0
0
0
54
246
191
3
0
0
0
0
0
0
0
0
8
172
255
146
23
0
0
56
209
255
105
0
0
0
0
0
0
0
0
0
0
88
255
255
204
170
177
220
255
162
18
0
0
0
0
0
0
0
0
0
0
8
112
226
255
255
255
255
203
40
0
0
0
0
0
0
0
0
0
0
0
0
0
49
110
108
109
100
36
0
0
0
0
0
0
0
0
0
0
0
0
0
0
0
0
0
0
0
0
0
0
0
0
0
0
0
0
0
0
0
0
0
0
0
0
0
0
0
0
0
0
0
0
0
0
0
0
0
0
0
0
0
0
0
0
0
0
0
0
0
0
0
0
0
0
0