0
0
0
0
0
0
0
0
0
0
0
0
0
0
0
0
0
0
0
0
0
0
0
0
0
0
0
0
0
0
0
0
0
0
0
0
0
0
0
0
0
0
0
0
0
0
0
0
0
0
0
0
28
133
190
26
0
0
0
0
0
0
0
0
0
0
0
0
0
0
0
39
221
248
110
0
0
0
0
0
0
0
0
0
0
0
0
0
0
0
27
198
250
94
0
0
0
0
0
0
0
0
0
0
0
0
0
0
0
0
159
255
113
0
0
0
0
0
0
0
0
0
0
0
0
0
0
0
0
59
255
170
4
0
0
0
0
0
0
0
0
0
0
0
0
0
0
0
19
202
206
16
0
0
0
0
0
0
0
0
0
0
0
0
0
0
0
0
108
255
67
0
0
0
0
0
0
0
0
0
0
0
0
0
0
0
0
32
229
178
0
41
19
0
0
0
0
0
0
0
0
0
0
0
0
0
0
116
247
116
204
254
215
55
0
0
0
0
0
0
0
0
0
0
0
0
20
227
230
236
226
107
234
153
0
0
0
0
0
0
0
0
0
0
0
0
119
255
255
194
50
0
185
202
19
0
0
0
0
0
0
0
0
0
0
4
176
255
164
21
0
6
212
154
5
0
0
0
0
0
0
0
0
0
0
0
141
255
96
3
71
170
226
29
0
0
0
0
0
0
0
0
0
0
0
0
29
207
240
236
233
163
72
0
0
0
0
0
0
0
0
0
0
0
0
0
0
44
99
111
60
6
0
0
0
0
0
0
0
0
0
0
0
0
0
0
0
0
0
0
0
0
0
0
0
0
0
0
0
0
0
0
0
0
0
0
0
0
0
0
0
0
0
0
0
0
0
0
0
0
0
0
0
0
0
0
0
0
0
0
0
0
0
0
0
0
0
0
0
0