0
0
0
0
0
0
0
0
0
0
0
0
0
0
0
0
0
0
0
0
0
0
0
0
0
0
0
0
0
0
0
0
0
13
118
9
0
0
0
0
0
0
0
0
0
0
0
0
0
0
0
0
0
148
191
4
0
0
0
0
0
0
0
0
0
0
0
0
0
0
0
0
46
253
59
0
0
0
0
0
0
0
0
0
0
0
0
0
0
0
0
8
196
158
2
0
0
0
0
0
0
0
0
0
0
0
0
0
0
0
0
156
225
31
0
0
0
0
0
0
0
0
0
0
0
0
0
0
0
0
107
232
68
0
0
0
0
0
0
0
0
0
0
0
0
0
0
0
0
43
232
90
0
0
0
0
0
0
0
0
0
0
0
0
0
0
0
0
30
211
128
0
0
0
0
0
0
0
0
0
0
0
0
0
0
0
0
48
220
137
0
0
1
0
0
0
0
0
0
0
0
0
0
0
0
0
11
220
143
9
46
117
182
69
0
0
0
0
0
0
0
0
0
0
0
0
109
216
37
168
211
138
187
185
6
0
0
0
0
0
0
0
0
0
0
0
129
198
146
228
39
48
214
111
0
0
0
0
0
0
0
0
0
0
0
0
32
211
255
200
176
224
127
1
0
0
0
0
0
0
0
0
0
0
0
0
0
165
222
145
110
50
0
0
0
0
0
0
0
0
0
0
0
0
0
0
0
58
184
136
0
0
0
0
0
0
0
0
0
0
0
0
0
0
0
0
0
0
0
0
0
0
0
0
0
0
0
0
0
0
0
0
0
0
0
0
0
0
0
0
0
0
0
0
0
0
0
0
0
0
0
0
0
0
0
0
0
0
0
0
0
0
0
0
0
0
0
0
0
0
0
0
0
0
0
0
0
0
0
0
0
0
0
0
0
0
0
0
0
0