0
0
0
0
0
0
0
0
0
0
0
0
0
0
0
0
0
0
0
0
0
0
0
0
0
0
0
0
0
0
0
0
0
0
0
0
0
0
0
0
0
0
0
0
0
0
0
0
0
0
0
0
0
0
0
0
0
0
0
0
0
0
0
0
0
0
0
0
0
0
0
0
0
0
0
0
0
0
0
0
0
0
0
0
0
0
0
0
0
0
4
9
3
0
0
0
0
0
0
0
0
0
0
0
0
0
0
0
46
111
198
237
192
58
0
0
0
0
0
0
0
0
0
0
0
0
6
134
181
203
134
156
255
149
0
0
0
0
0
0
0
0
0
0
0
0
134
242
71
10
0
76
228
199
22
0
0
0
0
0
0
0
0
0
0
50
211
78
0
0
8
86
160
244
53
0
0
0
0
0
0
0
0
0
0
82
159
0
0
0
0
0
162
194
20
0
0
0
0
0
0
0
0
0
0
81
158
0
0
0
15
75
222
112
0
0
0
0
0
0
0
0
0
0
0
66
232
145
116
122
176
202
229
36
0
0
0
0
0
0
0
0
0
0
0
8
143
246
239
195
87
123
152
0
0
0
0
0
0
0
0
0
0
0
0
0
0
56
47
12
0
172
155
0
0
0
0
0
0
0
0
0
0
0
0
0
0
0
0
0
50
239
103
0
0
0
0
0
0
0
0
0
0
0
0
0
0
0
0
0
104
214
18
0
0
0
0
0
0
0
0
0
0
0
0
0
0
0
0
0
160
175
6
0
0
0
0
0
0
0
0
0
0
0
0
0
0
0
0
9
249
124
0
0
0
0
0
0
0
0
0
0
0
0
0
0
0
0
0
16
221
45
0
0
0
0
0
0
0
0
0
0
0
0
0
0
0
0
0
5
50
0
0
0
0
0
0
0
0
0