0
0
0
0
0
0
0
0
0
0
0
0
0
0
0
0
0
0
0
0
0
0
0
0
0
0
0
0
0
0
0
0
0
0
0
0
0
0
0
0
0
0
0
0
0
0
0
0
0
0
0
0
0
0
0
0
0
0
0
0
0
0
0
0
0
0
0
0
0
0
0
0
0
0
0
0
0
0
0
0
0
0
0
0
0
0
0
2
8
10
10
6
0
0
0
0
0
0
0
0
0
0
0
0
0
4
112
177
233
247
250
215
103
32
3
0
0
0
0
0
0
0
0
0
0
27
209
255
245
218
217
226
255
215
104
0
0
0
0
0
0
0
0
0
0
6
54
72
52
23
21
25
81
255
208
5
0
0
0
0
0
0
0
0
0
0
0
0
0
0
0
0
75
255
143
0
0
0
0
0
0
0
0
0
0
0
0
0
0
0
0
34
223
220
38
0
0
0
0
0
0
0
0
0
0
0
0
0
0
0
11
163
253
109
0
0
0
0
0
0
0
0
0
0
0
0
0
0
0
0
136
255
207
4
0
0
0
0
0
0
0
0
0
0
0
0
0
0
0
97
255
217
54
0
0
0
0
0
0
0
0
0
0
0
0
0
0
0
63
233
210
39
0
0
0
0
0
0
0
0
0
0
0
0
0
0
0
31
210
250
56
0
0
0
0
0
0
0
0
0
0
0
0
0
0
0
8
189
255
113
0
0
0
0
0
0
0
0
0
0
0
0
0
0
0
13
147
252
140
9
0
0
0
0
0
0
0
0
0
0
0
0
0
0
0
137
255
152
8
0
0
0
0
0
0
0
0
0
0
0
0
0
0
0
33
231
176
12
0
0
0
0
0
0
0
0
0
0
0
0
0
0
0
0
11
57
11
0
0
0
0
0
0
0
0
0
0
0
0
0