0
0
0
0
0
0
0
0
0
0
0
0
0
0
0
0
0
0
0
0
0
0
0
0
0
0
0
0
0
0
0
0
0
0
0
0
0
0
0
0
0
0
0
0
0
0
0
0
0
0
0
9
0
25
105
152
103
0
0
0
0
0
0
0
0
0
0
0
0
0
10
147
117
178
156
112
102
0
0
0
0
0
0
0
0
0
0
0
0
0
74
255
238
119
4
108
77
0
0
0
0
0
0
0
0
0
0
0
0
77
224
235
57
0
33
182
26
0
0
0
0
0
0
0
0
0
0
0
65
242
222
64
0
0
130
126
0
0
0
0
0
0
0
0
0
0
0
13
200
247
37
0
0
65
188
22
0
0
0
0
0
0
0
0
0
0
0
27
186
83
0
0
27
201
109
0
0
0
0
0
0
0
0
0
0
0
0
0
6
0
0
0
166
192
21
0
0
0
0
0
0
0
0
0
0
0
0
22
59
87
128
139
183
27
0
0
0
0
0
0
0
0
0
0
0
52
155
205
240
252
255
255
77
0
0
0
0
0
0
0
0
0
0
14
142
237
214
163
61
98
229
235
65
0
0
0
0
0
0
0
0
0
0
84
255
182
56
61
124
228
118
183
83
0
0
0
0
0
0
0
0
0
0
110
255
229
224
245
247
134
46
222
61
0
0
0
0
0
0
0
0
0
0
49
176
200
195
133
49
0
70
245
31
0
0
0
0
0
0
0
0
0
0
0
0
4
0
0
0
0
20
92
15
0
0
0
0
0
0
0
0
0
0
0
0
0
0
0
0
0
0
0
0
0
0
0
0
0
0
0
0
0
0
0
0
0
0
0
0
0
0
0
0
0
0
0
0
0
0
0
0
0
0
0
0
0
0
0
0
0
0
0
0
0
0
0
0
0
0
0