0
0
0
0
0
0
0
0
0
0
0
0
0
0
0
0
0
0
0
0
0
0
0
0
0
0
0
0
0
0
0
0
0
0
0
0
0
0
0
0
0
0
0
0
0
0
0
0
0
0
0
0
0
0
0
0
0
0
0
0
0
0
0
0
0
0
0
0
0
0
0
0
0
0
0
0
0
0
0
0
0
0
0
0
0
0
0
0
0
0
0
4
10
8
2
0
0
0
0
0
0
0
0
0
0
0
0
0
0
13
124
199
243
239
90
0
0
0
0
0
0
0
0
0
0
0
0
0
42
183
238
137
203
238
69
0
0
0
0
0
0
0
0
0
0
0
0
58
227
154
27
95
221
98
0
0
0
0
0
0
0
0
0
0
0
0
0
196
181
1
0
158
209
164
70
0
0
0
0
0
0
0
0
0
0
0
0
217
165
41
93
214
255
231
52
0
0
0
0
0
0
0
0
0
0
0
0
126
216
210
173
187
253
112
0
0
0
0
0
0
0
0
0
0
0
0
0
0
34
29
94
236
146
0
0
0
0
0
0
0
0
0
0
0
0
0
0
0
0
61
248
169
8
0
0
0
0
0
0
0
0
0
0
0
0
0
0
0
61
235
185
25
0
0
0
0
0
0
0
0
0
0
0
0
0
0
0
53
228
166
20
0
0
0
0
0
0
0
0
0
0
0
0
0
0
0
56
229
161
11
0
0
0
0
0
0
0
0
0
0
0
0
0
0
0
40
222
165
11
0
0
0
0
0
0
0
0
0
0
0
0
0
0
0
35
211
153
7
0
0
0
0
0
0
0
0
0
0
0
0
0
0
0
2
183
172
11
0
0
0
0
0
0
0
0
0
0
0
0
0
0
0
0
5
57
20
0
0
0
0
0
0
0
0
0
0
0
0
0
0