0
0
0
0
0
0
0
0
0
0
0
0
0
0
0
0
0
0
0
0
0
0
0
0
0
0
0
0
0
0
0
0
0
0
0
0
0
0
0
0
0
0
0
0
0
0
0
0
0
0
0
0
0
0
0
0
0
0
0
0
0
0
0
0
0
0
0
0
0
0
0
0
0
0
0
0
0
0
0
0
0
0
0
0
0
0
2
0
0
0
1
2
3
10
10
4
0
0
0
0
0
0
0
0
2
132
184
137
107
115
179
180
194
252
244
110
0
0
0
0
0
0
0
0
1
134
200
232
223
182
173
174
141
172
255
92
0
0
0
0
0
0
0
0
0
2
15
25
22
8
6
2
19
201
227
28
0
0
0
0
0
0
0
0
0
0
0
0
0
0
0
0
148
255
90
0
0
0
0
0
0
0
0
0
0
0
0
0
0
0
0
103
255
174
7
0
0
0
0
0
0
0
0
0
0
0
0
0
0
0
68
231
224
31
0
0
0
0
0
0
0
0
0
0
0
0
0
0
0
18
215
254
85
0
0
0
0
0
0
0
0
0
0
0
0
0
0
0
0
152
255
128
0
0
0
0
0
0
0
0
0
0
0
0
0
0
0
0
93
251
177
16
0
0
0
0
0
0
0
0
0
0
0
0
0
0
0
49
237
230
37
0
0
0
0
0
0
0
0
0
0
0
0
0
0
0
34
212
245
71
0
0
0
0
0
0
0
0
0
0
0
0
0
0
0
19
190
253
91
0
0
0
0
0
0
0
0
0
0
0
0
0
0
0
1
152
255
144
0
0
0
0
0
0
0
0
0
0
0
0
0
0
0
0
80
254
180
9
0
0
0
0
0
0
0
0
0
0
0
0
0
0
0
0
36
68
24
0
0
0
0
0
0
0
0
0
0
0
0
0