0
0
0
0
0
0
0
0
0
0
0
0
0
0
0
0
0
0
0
0
0
0
0
0
0
0
0
0
0
0
0
0
0
0
0
0
0
0
0
0
0
0
0
0
0
0
0
0
0
0
0
0
0
0
0
0
0
0
0
0
0
0
0
0
0
0
0
0
0
0
0
0
0
0
0
0
0
0
0
0
0
0
0
0
2
0
0
0
0
2
16
52
88
114
114
109
45
0
0
0
0
0
0
10
148
97
17
56
125
187
221
234
224
200
202
202
100
0
0
0
0
0
0
27
215
229
194
247
252
171
111
70
52
14
16
14
1
0
0
0
0
0
0
78
243
248
201
117
34
5
0
0
0
0
0
0
0
0
0
0
0
0
4
163
255
116
0
0
0
0
0
0
0
0
0
0
0
0
0
0
0
0
28
231
255
201
168
116
54
7
7
1
0
0
0
0
0
0
0
0
0
0
8
51
122
213
223
245
242
247
235
172
102
53
2
0
0
0
0
0
0
0
0
0
0
23
34
76
81
112
142
167
230
238
160
71
0
0
0
0
0
0
0
0
0
0
0
0
0
0
0
3
29
123
222
241
89
0
0
0
0
0
0
0
0
0
0
0
0
0
0
0
0
0
7
184
205
16
0
0
0
0
0
0
0
0
0
0
0
0
0
0
0
0
0
128
237
26
0
0
0
0
0
0
0
0
0
5
36
6
0
0
0
32
108
249
170
8
0
0
0
0
0
0
0
0
0
16
157
169
111
96
122
220
255
192
32
0
0
0
0
0
0
0
0
0
0
1
21
114
211
219
222
172
85
24
0
0
0
0
0
0
0
0
0
0
0
0
0
0
9
13
12
1
0
0
0
0
0
0
0
0
0
0
0
0
0
0
0
0
0
0
0
0
0
0
0
0
0
0