0
0
0
0
0
0
0
0
0
0
0
0
0
0
0
0
0
0
0
0
0
0
0
0
0
0
0
0
0
0
0
0
0
0
0
0
0
0
0
0
0
0
0
0
0
0
0
0
0
0
0
0
0
0
0
0
0
0
0
0
0
0
0
0
0
0
0
0
0
0
0
0
0
0
0
0
0
0
0
0
0
0
0
0
0
0
0
0
0
73
75
34
115
157
30
0
0
0
0
0
0
0
0
0
0
0
0
9
105
239
255
203
222
242
240
10
0
0
0
0
0
0
0
0
0
0
56
188
255
210
120
28
42
59
150
7
0
0
0
0
0
0
0
0
0
105
253
243
113
11
0
0
0
0
2
53
137
18
0
0
0
0
0
0
40
232
219
43
0
0
0
0
0
0
0
226
255
33
0
0
0
0
0
0
167
255
110
0
0
0
0
0
0
0
111
250
113
0
0
0
0
0
0
0
167
255
124
0
0
16
29
40
78
197
255
79
0
0
0
0
0
0
0
0
40
230
235
184
165
193
214
201
255
255
172
0
0
0
0
0
0
0
0
0
0
21
91
159
192
134
102
101
252
208
28
0
0
0
0
0
0
0
0
0
0
0
0
0
0
0
27
217
251
56
0
0
0
0
0
0
0
0
0
0
0
0
0
0
0
0
107
255
115
0
0
0
0
0
0
0
0
0
0
0
0
0
0
0
0
25
225
174
2
0
0
0
0
0
0
0
0
0
0
0
0
0
0
0
0
154
242
54
0
0
0
0
0
0
0
0
0
0
0
0
0
0
0
0
36
240
191
0
0
0
0
0
0
0
0
0
0
0
0
0
0
0
0
0
11
120
83
0
0
0
0
0
0
0
0
0
0
0
0
0
0
0
0
0
0
0
0
0
0
0
0
0
0
0
0
0