0
0
0
0
0
0
0
0
0
0
0
0
0
0
0
0
0
0
0
0
0
0
0
0
0
0
0
0
0
0
0
0
0
0
0
0
0
0
0
0
0
0
0
0
0
0
0
0
0
0
0
0
0
0
0
0
0
0
0
0
0
0
0
0
0
0
0
0
0
0
0
0
0
0
0
0
0
0
0
0
0
0
0
0
0
0
0
0
0
4
84
178
182
64
0
0
0
0
0
0
0
0
0
0
0
0
0
0
55
174
252
236
243
228
52
0
0
0
0
0
0
0
0
0
0
0
0
74
227
223
104
48
87
255
98
0
0
0
0
0
0
0
0
0
0
0
51
237
204
51
0
0
88
255
130
0
0
0
0
0
0
0
0
0
0
36
202
199
33
0
0
0
143
255
154
0
0
0
0
0
0
0
0
0
7
201
220
39
0
0
0
55
235
244
65
0
0
0
0
0
0
0
0
0
13
251
130
0
0
0
37
203
255
159
6
0
0
0
0
0
0
0
0
0
0
158
189
54
48
99
203
255
243
71
0
0
0
0
0
0
0
0
0
0
0
48
217
239
236
239
219
252
226
30
0
0
0
0
0
0
0
0
0
0
0
0
48
111
116
73
83
251
137
0
0
0
0
0
0
0
0
0
0
0
0
0
0
0
0
0
141
253
52
0
0
0
0
0
0
0
0
0
0
0
0
0
0
0
0
11
220
165
5
0
0
0
0
0
0
0
0
0
0
0
0
0
0
0
0
88
255
100
0
0
0
0
0
0
0
0
0
0
0
0
0
0
0
0
0
125
255
94
0
0
0
0
0
0
0
0
0
0
0
0
0
0
0
0
0
53
129
30
0
0
0
0
0
0
0
0
0
0
0
0
0
0
0
0
0
0
0
0
0
0
0
0
0
0
0
0