0
0
0
0
0
0
0
0
0
0
0
0
0
0
0
0
0
0
0
0
0
0
0
0
0
0
0
0
0
0
0
0
0
0
0
0
0
0
0
0
0
0
0
0
0
0
0
0
0
0
0
0
0
0
0
0
0
0
0
0
0
0
0
0
0
0
0
0
0
0
0
0
0
0
0
0
0
0
0
0
0
0
0
0
0
0
23
72
114
111
129
185
168
80
17
0
0
0
0
0
0
0
0
0
0
99
235
255
237
228
231
237
236
251
231
111
0
0
0
0
0
0
0
0
60
229
254
131
62
54
54
53
55
88
171
239
130
9
0
0
0
0
0
0
159
255
113
0
0
0
0
0
0
0
35
235
255
59
0
0
0
0
0
7
202
225
36
0
0
0
0
0
0
11
163
255
244
52
0
0
0
0
0
6
200
223
35
0
0
0
0
0
0
91
255
248
106
1
0
0
0
0
0
0
163
227
40
0
0
0
0
5
88
219
255
132
0
0
0
0
0
0
0
0
138
255
130
1
0
0
57
154
246
255
185
19
0
0
0
0
0
0
0
0
45
219
255
218
209
213
245
255
255
236
76
0
0
0
0
0
0
0
0
0
0
51
163
213
225
216
188
249
255
104
0
0
0
0
0
0
0
0
0
0
0
0
0
31
39
28
78
254
186
10
0
0
0
0
0
0
0
0
0
0
0
0
0
0
0
0
189
252
66
0
0
0
0
0
0
0
0
0
0
0
0
0
0
0
0
88
255
200
13
0
0
0
0
0
0
0
0
0
0
0
0
0
0
0
26
219
255
113
0
0
0
0
0
0
0
0
0
0
0
0
0
0
0
0
17
126
106
3
0
0
0
0
0
0
0
0
0
0
0
0
0
0
0
0
0
0
0
0
0
0
0
0
0
0
0
0