0
0
0
0
0
0
0
0
0
0
0
0
0
0
0
0
0
0
0
0
0
0
0
0
0
0
0
0
0
0
0
0
0
0
0
0
0
0
0
0
0
0
0
0
0
0
0
0
0
0
0
0
0
0
0
0
0
0
0
0
0
0
0
0
0
0
0
0
0
0
0
0
0
0
0
0
0
0
0
0
0
0
0
0
0
0
0
0
0
0
9
10
5
0
0
0
0
0
0
0
0
0
0
0
0
0
0
39
94
162
245
250
204
109
15
0
0
0
0
0
0
0
0
0
0
69
165
223
254
252
209
207
228
251
115
0
0
0
0
0
0
0
0
4
34
213
255
220
143
71
20
13
126
255
219
7
0
0
0
0
0
0
0
73
250
232
113
0
0
0
0
75
243
240
74
0
0
0
0
0
0
0
32
198
255
96
0
0
0
18
156
238
255
222
39
0
0
0
0
0
0
0
93
255
245
49
10
16
43
179
253
240
254
223
42
0
0
0
0
0
0
0
28
186
255
228
186
190
244
192
88
62
230
227
42
0
0
0
0
0
0
0
0
29
137
163
167
90
38
12
0
0
220
228
41
0
0
0
0
0
0
0
0
0
0
0
0
0
0
0
0
0
220
233
52
0
0
0
0
0
0
0
0
0
0
0
0
0
0
0
0
0
220
255
113
0
0
0
0
0
0
0
0
0
0
0
0
0
0
0
0
0
196
255
127
0
0
0
0
0
0
0
0
0
0
0
0
0
0
0
0
0
109
255
147
0
0
0
0
0
0
0
0
0
0
0
0
0
0
0
0
0
97
255
233
14
0
0
0
0
0
0
0
0
0
0
0
0
0
0
0
0
76
255
255
51
0
0
0
0
0
0
0
0
0
0
0
0
0
0
0
0
9
61
69
13
0
0
0
0