0
0
0
0
0
0
0
0
0
0
0
0
0
0
0
0
0
0
0
0
0
0
0
0
0
0
0
0
0
0
0
0
0
0
0
0
0
0
0
0
0
0
0
0
0
0
0
0
0
0
0
8
25
0
0
0
0
0
0
0
0
0
0
0
0
0
0
7
48
53
71
169
149
0
0
0
0
0
0
0
0
0
0
0
0
0
0
45
229
226
236
227
55
0
0
0
0
0
0
0
0
0
0
0
0
0
0
52
248
122
47
27
0
0
0
0
0
0
0
0
0
0
0
0
0
0
0
30
196
46
0
0
0
0
0
0
0
0
0
0
0
0
0
0
0
0
0
55
228
45
0
0
0
0
0
0
0
0
0
0
0
0
0
0
0
0
0
77
242
72
41
119
133
47
0
0
0
0
0
0
0
0
0
0
0
0
0
45
235
221
209
182
163
169
81
0
0
0
0
0
0
0
0
0
0
0
0
6
72
98
70
0
0
70
183
8
0
0
0
0
0
0
0
0
0
0
0
0
0
0
0
0
0
105
226
10
0
0
0
0
0
0
0
0
0
0
0
0
0
0
0
0
10
197
200
4
0
0
0
0
0
0
0
0
0
0
28
83
0
0
0
0
122
214
58
0
0
0
0
0
0
0
0
0
0
0
93
211
26
0
3
113
255
139
0
0
0
0
0
0
0
0
0
0
0
0
34
204
207
134
196
255
135
3
0
0
0
0
0
0
0
0
0
0
0
0
0
39
158
255
237
122
10
0
0
0
0
0
0
0
0
0
0
0
0
0
0
0
5
34
27
0
0
0
0
0
0
0
0
0
0
0
0
0
0
0
0
0
0
0
0
0
0
0
0
0
0
0
0
0
0
0
0
0
0
0
0
0
0
0
0
0
0
0
0
0
0
0
0
0