0
0
0
0
0
0
0
0
0
0
0
0
0
0
0
0
0
0
0
0
0
0
0
0
0
0
0
0
0
0
0
0
0
0
0
0
0
0
0
0
0
0
0
0
0
0
0
0
0
3
10
28
35
1
0
0
0
0
0
0
0
0
0
0
0
0
0
0
29
142
183
234
255
145
95
101
75
4
0
0
0
0
0
0
0
0
0
55
209
255
255
250
247
255
255
255
241
49
0
0
0
0
0
0
0
0
62
221
255
241
135
57
50
127
135
164
255
97
0
0
0
0
0
0
0
0
135
255
255
165
1
0
0
14
0
48
236
110
0
0
0
0
0
0
0
118
234
255
193
18
0
0
0
0
0
139
255
93
0
0
0
0
0
0
8
193
255
248
87
0
0
0
0
0
21
195
255
85
0
0
0
0
0
0
120
254
251
120
0
0
0
0
0
7
142
255
216
20
0
0
0
0
0
0
171
255
255
92
0
0
0
0
0
17
195
255
168
7
0
0
0
0
0
6
185
255
191
26
0
0
0
0
1
145
255
206
46
0
0
0
0
0
0
20
199
255
153
1
0
0
0
2
100
255
255
161
0
0
0
0
0
0
0
63
235
255
134
0
0
18
105
167
248
247
156
44
0
0
0
0
0
0
0
24
202
255
193
60
63
163
255
255
255
160
7
0
0
0
0
0
0
0
0
0
167
255
255
253
250
255
240
165
99
15
0
0
0
0
0
0
0
0
0
5
51
204
255
204
246
189
89
0
0
0
0
0
0
0
0
0
0
0
0
0
0
19
35
18
32
12
0
0
0
0
0
0
0
0
0
0
0
0
0
0
0
0
0
0
0
0
0
0
0
0
0
0
0
0
0
0
0
0
0
0
0
0
0
0
0
0
0
0
0
0
0
0
0
0
0
0