0
0
0
0
0
0
0
0
0
0
0
0
0
0
0
0
0
0
0
0
0
0
0
0
0
0
0
0
0
0
0
0
0
0
0
0
0
0
0
0
0
0
0
0
0
0
0
0
0
0
0
0
0
0
0
0
0
0
0
0
0
0
0
0
0
0
0
0
0
0
0
0
0
0
0
0
0
0
0
0
0
0
0
0
0
0
0
0
0
0
0
1
9
5
0
0
0
0
0
0
0
0
0
0
0
3
28
62
90
93
155
178
240
198
28
0
0
0
0
0
0
0
0
0
68
171
209
246
255
244
216
177
239
240
51
0
0
0
0
0
0
0
0
0
146
207
140
82
53
39
16
54
234
143
2
0
0
0
0
0
0
0
0
0
0
0
0
0
0
0
0
128
255
94
0
0
0
0
0
0
0
0
0
0
0
0
0
0
0
0
0
163
245
54
0
0
0
0
0
0
0
0
0
0
0
0
0
0
0
19
81
232
231
152
150
68
0
0
0
0
0
0
0
0
0
0
42
124
165
202
238
255
231
219
169
59
0
0
0
0
0
0
0
0
0
37
195
218
171
137
216
216
44
18
4
0
0
0
0
0
0
0
0
0
0
35
74
9
0
6
220
132
0
0
0
0
0
0
0
0
0
0
0
0
0
0
0
0
0
83
243
79
0
0
0
0
0
0
0
0
0
0
0
0
0
0
0
0
0
138
185
9
0
0
0
0
0
0
0
0
0
0
0
0
0
0
0
0
19
193
131
0
0
0
0
0
0
0
0
0
0
0
0
0
0
0
0
0
100
255
103
0
0
0
0
0
0
0
0
0
0
0
0
0
0
0
0
0
117
237
28
0
0
0
0
0
0
0
0
0
0
0
0
0
0
0
0
0
31
48
0
0
0
0
0
0
0
0
0
0