0
0
0
0
0
0
0
0
0
0
0
0
0
0
0
0
0
0
0
0
0
0
0
0
0
0
0
0
0
0
0
0
0
0
0
0
0
0
0
0
0
0
0
0
0
0
0
0
0
0
0
0
0
0
0
0
0
0
0
0
0
0
0
0
0
0
0
0
0
0
0
0
0
0
0
0
0
0
0
0
0
0
0
0
0
0
0
0
0
0
0
0
0
0
0
0
0
0
0
0
0
0
0
0
0
0
0
0
22
40
70
71
70
72
41
0
0
0
0
0
0
0
0
0
46
92
135
160
197
224
255
255
255
255
219
26
0
0
0
0
0
0
0
4
190
255
255
255
252
238
188
177
118
216
255
75
0
0
0
0
0
0
0
3
132
193
152
101
80
49
0
0
11
195
255
101
0
0
0
0
0
0
0
0
3
15
0
0
0
0
0
0
10
197
220
20
0
0
0
0
0
0
0
0
0
0
0
0
0
0
0
0
61
218
109
0
0
0
0
0
0
0
0
0
0
0
0
0
0
0
0
0
211
232
37
0
0
0
0
0
0
0
0
0
0
0
0
0
0
0
0
93
238
106
3
0
0
0
0
0
0
0
0
0
0
0
0
0
0
0
27
217
218
16
0
0
0
0
0
0
0
0
0
0
0
0
0
0
0
0
129
255
81
0
0
0
0
0
0
0
0
0
0
0
0
0
0
0
0
45
234
160
4
0
0
0
0
0
0
0
0
0
0
0
0
0
0
0
5
169
221
35
0
0
0
0
0
0
0
0
0
0
0
0
0
0
0
0
121
252
86
0
0
0
0
0
0
0
0
0
0
0
0
0
0
0
0
15
199
216
18
0
0
0
0
0
0
0
0
0
0
0
0
0
0
0
0
15
194
116
0
0
0
0
0
0
0
0
0
0