0
0
0
0
0
0
0
0
0
0
0
0
0
0
0
0
0
0
0
0
0
0
0
0
0
0
0
0
0
0
0
0
0
0
0
0
0
0
0
0
0
0
0
0
0
0
0
0
0
0
0
0
0
0
0
0
0
0
0
0
0
0
0
0
0
0
0
0
0
0
0
0
60
108
29
0
0
0
0
0
0
0
0
0
0
0
0
0
0
0
0
0
174
255
85
0
0
0
0
0
0
0
0
0
0
0
0
0
0
0
0
58
240
242
57
0
0
0
0
0
0
0
0
0
0
0
0
0
0
0
13
166
255
206
33
0
0
0
0
0
0
0
0
0
0
0
0
0
0
0
72
251
244
83
0
0
0
0
0
0
0
0
0
0
0
0
0
0
0
2
188
255
177
0
0
0
0
0
0
0
0
0
0
0
0
0
0
0
0
60
254
251
89
0
0
0
0
0
0
0
0
0
0
0
0
0
0
0
0
173
255
187
11
0
0
0
0
0
0
0
0
0
0
0
0
0
0
0
32
216
255
117
0
0
0
0
0
0
0
0
0
0
0
0
0
0
0
0
122
255
208
20
0
0
0
0
0
0
0
0
0
0
0
0
0
0
0
34
218
255
132
0
0
0
0
0
0
0
0
0
0
0
0
0
0
0
0
135
255
215
20
0
0
0
0
0
0
0
0
0
0
0
0
0
0
0
6
211
249
91
0
0
0
0
0
0
0
0
0
0
0
0
0
0
0
0
11
235
204
20
0
0
0
0
0
0
0
0
0
0
0
0
0
0
0
0
5
174
115
0
0
0
0
0
0
0
0
0
0
0
0
0
0
0
0
0
0
0
0
0
0
0
0
0
0
0
0
0
0
0
0
0
0
0
0
0
0
0
0
0
0
0
0
0
0
0
0
0
0
0