0
0
0
0
0
0
0
0
0
0
0
0
0
0
0
0
0
0
0
0
0
0
0
0
0
0
0
0
0
0
0
0
0
0
0
0
0
0
0
0
0
0
0
0
0
0
0
0
0
0
0
0
0
0
0
0
0
0
0
0
0
0
0
0
0
0
0
0
0
0
0
0
0
0
0
0
0
0
0
0
0
0
0
0
0
0
0
0
0
2
23
76
118
188
181
56
0
0
0
0
0
0
0
0
0
0
0
0
79
176
252
255
245
186
155
27
0
0
0
0
0
0
0
0
0
0
0
89
231
255
170
137
80
2
0
0
0
0
0
0
0
0
0
0
0
0
0
182
255
221
13
0
0
0
0
0
0
0
0
0
0
0
0
0
0
0
0
127
255
135
0
0
0
0
0
0
0
0
0
0
0
0
0
0
0
0
0
97
255
77
0
0
0
0
0
0
0
0
0
0
0
0
0
0
0
0
0
102
255
65
0
0
0
0
0
0
0
0
0
0
0
0
0
0
0
0
0
70
255
79
0
0
0
0
0
0
0
0
0
0
0
0
0
0
0
0
0
30
246
229
196
154
40
0
0
0
0
0
0
0
0
0
0
0
0
0
0
8
144
192
217
255
213
50
0
0
0
0
0
0
0
0
0
0
0
0
0
0
6
15
31
164
255
111
0
0
0
0
0
0
0
0
0
0
0
0
0
0
0
0
0
37
232
151
0
0
0
0
0
0
0
0
0
0
0
0
0
0
0
0
0
0
206
154
0
0
0
0
0
0
0
0
0
0
0
0
0
0
0
0
0
63
248
118
0
0
0
0
0
0
0
0
0
0
0
0
0
0
0
0
0
26
121
26
0
0
0
0
0
0
0
0
0
0
0
0
0
0
0
0
0
0
0
0
0
0
0
0
0
0