0
0
0
0
0
0
0
0
0
0
0
0
0
0
0
0
0
0
0
0
0
0
0
0
0
0
0
0
0
0
0
0
0
0
0
0
0
0
0
0
0
0
0
0
0
0
0
0
2
15
30
37
32
7
0
0
0
0
0
0
0
0
0
0
0
0
82
156
161
203
249
255
248
173
35
0
0
0
0
0
0
0
0
0
0
0
110
191
185
132
104
127
220
255
80
0
0
0
0
0
0
0
0
0
0
0
1
2
2
0
0
77
239
246
55
0
0
0
0
0
0
0
0
0
0
0
0
0
0
0
108
240
246
109
3
0
0
0
0
0
0
0
0
0
0
0
0
0
42
172
252
227
103
0
0
0
0
0
0
0
0
0
0
0
0
0
44
145
238
255
247
99
0
0
0
0
0
0
0
0
0
0
0
0
0
0
143
255
248
247
251
222
111
0
0
0
0
0
0
0
0
0
0
0
0
0
19
67
27
35
94
226
251
74
0
0
0
0
0
0
0
0
0
0
0
0
0
0
0
0
0
119
255
136
0
0
0
0
0
0
0
0
0
0
0
0
0
0
0
0
0
65
251
151
0
0
0
0
0
0
0
0
0
4
96
81
0
0
0
0
9
168
255
126
0
0
0
0
0
0
0
0
0
30
226
205
30
0
1
19
154
255
210
29
0
0
0
0
0
0
0
0
0
0
142
255
250
182
180
235
255
219
55
0
0
0
0
0
0
0
0
0
0
0
10
116
205
255
255
222
139
44
0
0
0
0
0
0
0
0
0
0
0
0
0
0
17
35
37
22
0
0
0
0
0
0
0
0
0
0
0
0
0
0
0
0
0
0
0
0
0
0
0
0
0
0
0
0
0
0
0
0
0
0
0
0
0
0
0
0
0
0
0
0
0
0
0
0
0
0