0
0
0
0
0
0
0
0
0
0
0
0
0
0
0
0
0
0
0
0
0
0
0
0
0
0
0
0
0
0
0
0
0
0
0
0
0
0
0
0
0
0
0
0
0
0
0
1
19
5
0
0
0
0
0
0
0
0
0
0
0
0
0
0
0
0
0
83
213
91
0
0
0
0
0
0
0
0
0
0
0
0
0
0
0
0
74
227
255
201
68
13
0
0
0
0
0
0
0
0
0
0
0
0
0
25
184
255
253
255
255
214
131
44
0
0
0
0
0
0
0
0
0
0
0
89
255
254
255
243
214
244
255
227
113
0
0
0
0
0
0
0
0
0
7
181
255
236
143
129
21
77
160
225
243
100
0
0
0
0
0
0
0
0
41
249
255
187
0
1
0
0
0
28
174
193
2
0
0
0
0
0
0
0
94
252
255
129
0
0
0
0
0
0
70
219
46
0
0
0
0
0
0
0
32
249
225
26
0
0
0
0
0
0
6
223
147
0
0
0
0
0
0
0
25
245
226
25
0
0
0
0
0
0
4
208
200
16
0
0
0
0
0
0
2
163
255
96
0
0
0
0
0
0
0
170
199
15
0
0
0
0
0
0
0
89
255
218
94
29
22
21
0
37
111
251
195
15
0
0
0
0
0
0
0
25
178
255
250
211
206
204
170
218
247
255
194
14
0
0
0
0
0
0
0
0
20
162
244
255
255
255
255
255
255
237
84
0
0
0
0
0
0
0
0
0
0
1
70
160
211
239
189
181
131
69
0
0
0
0
0
0
0
0
0
0
0
0
0
4
20
29
13
11
0
0
0
0
0
0
0
0
0
0
0
0
0
0
0
0
0
0
0
0
0
0
0
0
0
0
0
0
0
0
0
0
0
0
0
0
0
0
0
0
0
0
0
0
0
0