0
0
0
0
0
0
0
0
0
0
0
0
0
0
0
0
0
0
0
0
0
0
0
0
0
0
0
0
0
0
0
0
0
0
0
0
0
0
0
0
0
0
0
0
0
0
0
0
0
0
0
0
0
0
0
0
0
0
0
0
0
0
0
0
0
0
0
0
0
0
0
0
0
0
0
0
0
0
0
0
0
0
0
0
0
0
0
7
31
35
36
16
0
0
0
0
0
0
0
0
0
0
0
0
58
108
159
201
249
255
255
213
58
0
0
0
0
0
0
0
0
0
0
0
155
244
222
196
143
138
182
255
165
0
0
0
0
0
0
0
0
0
0
0
20
37
21
14
0
41
211
254
111
0
0
0
0
0
0
0
0
0
0
0
0
0
0
0
74
223
236
107
3
0
0
0
0
0
0
0
0
0
0
0
0
0
0
18
211
233
84
0
0
0
0
0
0
0
0
0
0
0
0
0
0
0
0
146
228
52
0
0
0
0
0
0
0
0
0
0
0
0
0
0
0
0
26
225
124
0
0
0
0
0
0
0
0
0
0
0
0
0
0
0
0
0
65
239
188
68
67
43
19
47
74
80
137
174
95
0
0
0
0
0
0
0
0
106
249
255
255
240
222
248
252
234
236
218
101
0
0
0
0
0
0
0
0
2
74
136
182
164
110
106
73
45
47
28
3
0
0
0
0
0
0
0
0
0
0
0
3
0
0
0
0
0
0
0
0
0
0
0
0
0
0
0
0
0
0
0
0
0
0
0
0
0
0
0
0
0
0
0
0
0
0
0
0
0
0
0
0
0
0
0
0
0
0
0
0
0
0
0
0
0
0
0
0
0
0
0
0
0
0
0
0
0
0
0
0
0
0
0
0
0
0
0
0
0
0
0
0
0
0
0
0
0
0
0
0
0