0
0
0
0
0
0
0
0
0
0
0
0
0
0
0
0
0
0
0
0
0
0
0
0
0
0
0
0
0
0
0
0
0
0
0
0
0
0
0
0
0
0
0
0
0
0
0
0
0
0
0
0
0
0
0
0
0
0
0
0
0
0
0
0
0
0
0
0
0
0
0
0
0
0
0
0
0
0
0
0
0
0
0
0
0
0
0
0
0
0
85
106
6
0
0
0
0
0
0
0
0
0
0
0
0
0
0
15
44
39
221
254
73
0
0
0
0
0
0
0
0
0
0
0
0
0
19
169
232
215
248
249
111
0
0
0
0
0
0
0
0
0
0
0
0
2
137
237
192
251
103
220
154
0
0
0
0
0
0
0
0
0
0
0
0
54
242
189
191
203
50
219
187
0
0
0
0
0
0
0
0
0
0
0
0
96
255
243
218
53
32
221
185
0
0
0
0
0
0
0
0
0
0
0
0
80
244
222
80
0
36
221
186
0
0
0
0
0
0
0
0
0
0
0
0
10
69
42
0
0
37
221
186
0
0
0
0
0
0
0
0
0
0
0
0
0
0
0
0
0
37
221
185
0
0
0
0
0
0
0
0
0
0
0
0
0
0
0
0
0
37
221
186
0
0
0
0
0
0
0
0
0
0
0
0
0
0
0
0
0
37
221
185
0
0
0
0
0
0
0
0
0
0
0
0
0
0
0
0
0
37
221
186
0
0
0
0
0
0
0
0
0
0
0
0
0
0
0
0
0
38
223
186
0
0
0
0
0
0
0
0
0
0
0
0
0
0
0
0
0
7
185
194
0
0
0
0
0
0
0
0
0
0
0
0
0
0
0
0
0
0
85
90
0
0
0
0
0
0
0
0
0
0
0
0
0
0
0
0
0
0
0
0
0
0
0
0
0
0
0