0
0
0
0
0
0
0
0
0
0
0
0
0
0
0
0
0
0
0
0
0
0
0
0
0
0
0
0
0
0
0
0
0
0
0
0
0
0
0
0
0
0
0
0
0
0
0
0
0
5
65
129
128
83
4
0
0
0
0
0
0
0
0
0
0
0
0
0
0
83
248
255
255
255
161
0
0
0
0
0
0
0
0
0
0
0
0
0
0
30
84
80
152
255
244
10
0
0
0
0
0
0
0
0
0
0
0
0
0
0
0
0
48
255
239
9
0
0
0
0
0
0
0
0
0
0
0
0
0
0
0
0
97
255
240
9
0
0
0
0
0
0
0
0
0
0
0
0
0
0
0
35
214
255
230
8
0
0
0
0
0
0
0
0
0
0
0
0
0
0
12
159
255
255
144
0
0
0
0
0
0
0
0
0
0
0
0
0
0
3
118
254
254
254
216
73
0
0
0
0
0
0
0
0
0
0
0
0
42
162
252
255
253
255
255
166
0
0
0
0
0
0
0
0
0
10
70
144
214
255
255
255
253
236
175
41
0
0
0
0
0
0
0
23
53
161
241
255
255
255
237
165
86
27
9
0
0
0
0
0
0
13
96
210
250
255
255
255
221
157
60
0
0
0
0
0
0
0
0
0
0
121
255
255
255
252
194
115
38
2
0
0
0
0
0
0
0
0
0
0
0
79
181
179
178
82
5
0
0
0
0
0
0
0
0
0
0
0
0
0
0
0
0
0
0
0
0
0
0
0
0
0
0
0
0
0
0
0
0
0
0
0
0
0
0
0
0
0
0
0
0
0
0
0
0
0
0
0
0
0
0
0
0
0
0
0
0
0
0
0
0
0
0
0
0
0
0
0
0
0
0
0
0
0
0
0
0
0
0
0
0
0
0
0
0
0
0
0
0
0