0
0
0
0
0
0
0
0
0
0
0
0
0
0
0
0
0
0
0
0
0
0
0
0
0
0
0
0
0
0
0
0
0
0
0
0
0
0
0
0
0
0
0
0
0
0
0
0
0
0
0
0
0
0
0
0
0
0
0
0
0
0
0
0
0
0
0
0
0
0
0
0
0
0
0
0
0
0
0
0
0
0
0
0
0
0
0
0
0
0
27
91
178
144
51
2
0
0
0
0
0
0
0
0
0
0
0
3
62
148
250
253
251
255
251
97
0
0
0
0
0
0
0
0
0
0
0
71
247
246
156
100
69
89
186
118
0
0
0
0
0
0
0
0
0
0
0
172
234
60
0
0
16
125
92
10
0
0
0
0
0
0
0
0
0
0
0
182
220
95
54
74
198
235
60
0
0
0
0
0
0
0
0
0
0
0
0
168
254
255
229
239
255
196
20
0
0
0
0
0
0
0
0
0
0
0
0
14
55
138
81
156
255
119
0
0
0
0
0
0
0
0
0
0
0
0
0
0
0
0
19
205
222
29
0
0
0
0
0
0
0
0
0
0
0
0
0
0
0
0
149
255
97
0
0
0
0
0
0
0
0
0
0
0
0
0
0
0
0
65
242
156
0
0
0
0
0
0
0
0
0
0
0
0
0
0
0
0
55
219
224
57
0
0
0
0
0
0
0
0
0
0
0
0
0
0
0
58
211
237
59
0
0
0
0
0
0
0
0
0
0
0
0
0
0
0
60
220
238
80
0
0
0
0
0
0
0
0
0
0
0
0
0
0
0
18
200
243
76
0
0
0
0
0
0
0
0
0
0
0
0
0
0
0
0
14
118
74
0
0
0
0
0
0
0
0
0
0
0
0
0
0
0
0
0
0
0
0
0
0
0
0
0
0
0
0
0
0
0
0