0
0
0
0
0
0
0
0
0
0
0
0
0
0
0
0
0
0
0
0
0
0
0
0
0
0
0
0
0
0
0
0
0
0
0
0
0
0
0
0
0
0
0
0
0
0
0
0
0
0
0
0
0
0
0
0
0
0
0
0
0
0
0
0
0
0
0
0
0
0
0
0
0
0
0
0
0
0
0
0
0
0
0
0
0
0
0
0
0
0
0
0
0
0
0
0
0
0
0
0
0
0
0
0
0
0
0
0
0
0
0
11
33
40
11
0
0
0
0
0
0
0
3
31
34
34
33
42
96
101
134
185
214
226
91
0
0
0
0
0
0
0
65
234
232
232
232
239
255
249
245
235
236
255
119
0
0
0
0
0
0
0
34
203
245
242
237
197
177
105
67
20
97
255
104
0
0
0
0
0
0
0
0
28
54
52
49
20
9
0
0
0
100
255
90
0
0
0
0
0
0
0
0
0
0
0
0
0
0
0
0
0
102
248
57
0
0
0
0
0
0
0
0
0
0
0
0
0
0
0
0
0
157
215
32
0
0
0
0
0
0
0
0
0
0
0
0
0
0
0
0
0
189
154
0
0
0
0
0
0
0
0
0
0
0
0
0
0
0
0
0
3
203
142
0
0
0
0
0
0
0
0
0
0
0
0
0
0
0
0
0
45
242
143
0
0
0
0
0
0
0
0
0
0
0
0
0
0
0
0
0
104
255
120
0
0
0
0
0
0
0
0
0
0
0
0
0
0
0
0
0
151
241
41
0
0
0
0
0
0
0
0
0
0
0
0
0
0
0
0
23
203
229
7
0
0
0
0
0
0
0
0
0
0
0
0
0
0
0
0
33
217
222
6
0
0
0
0
0
0
0
0
0
0
0
0
0
0
0
0
7
150
130
0
0
0
0
0
0
0