0
0
0
0
0
0
0
0
0
0
0
0
0
0
0
0
0
0
0
0
0
0
0
0
0
0
0
0
0
0
0
0
0
0
0
0
0
0
0
0
0
0
0
0
0
0
0
0
0
0
0
0
0
0
0
0
0
0
0
0
0
0
0
0
0
0
0
0
0
0
0
0
0
0
0
0
0
0
0
0
0
0
0
0
0
0
0
0
0
0
0
0
0
0
0
0
69
87
0
0
0
0
0
0
0
0
0
0
0
0
0
0
0
0
0
21
195
176
0
0
0
0
0
0
0
0
0
0
83
107
0
0
0
0
19
179
224
39
0
0
0
0
0
0
0
0
0
62
234
131
0
0
0
8
175
236
67
0
0
0
0
0
0
0
0
0
75
237
154
6
0
0
3
172
246
73
0
0
0
0
0
0
0
0
0
84
234
247
79
0
0
0
135
243
91
0
0
0
0
0
0
0
0
9
117
255
252
231
242
162
62
103
252
187
42
1
0
0
0
0
0
0
0
87
255
185
79
55
121
195
238
255
226
131
72
5
0
0
0
0
0
0
0
56
117
14
0
0
0
51
237
187
36
1
0
0
0
0
0
0
0
0
0
0
0
0
0
0
19
195
217
32
0
0
0
0
0
0
0
0
0
0
0
0
0
0
0
2
151
246
72
0
0
0
0
0
0
0
0
0
0
0
0
0
0
0
0
93
255
140
0
0
0
0
0
0
0
0
0
0
0
0
0
0
0
0
35
174
189
44
0
0
0
0
0
0
0
0
0
0
0
0
0
0
0
0
12
24
11
0
0
0
0
0
0
0
0
0
0
0
0
0
0
0
0
0
0
0
0
0
0
0
0
0
0
0
0
0
0
0
0
0
0
0
0
0
0
0
0
0
0
0
0
0
0
0
0
0
0
0