0
0
0
0
0
0
0
0
0
0
0
0
0
0
0
0
0
0
0
0
0
0
0
0
0
0
0
0
0
0
0
0
0
0
0
0
0
0
0
0
0
0
0
0
0
0
0
0
0
0
0
0
0
0
0
0
0
0
0
0
0
0
0
0
0
0
0
0
0
12
50
32
0
0
0
0
0
0
0
0
3
4
0
0
0
0
0
19
116
195
238
221
142
101
28
0
0
0
0
0
28
41
0
0
0
0
0
97
255
223
180
211
255
254
61
0
0
0
0
0
0
0
0
0
0
0
0
7
80
23
20
192
255
149
4
0
0
0
0
0
0
0
0
0
0
0
0
0
6
131
236
255
175
13
0
0
0
0
0
0
0
0
0
0
0
0
0
80
222
255
255
255
197
168
92
0
0
0
0
0
0
0
0
0
0
0
0
205
255
211
158
154
173
255
247
9
0
0
0
0
0
0
0
0
0
0
0
10
10
6
0
0
120
255
215
6
0
0
0
0
0
0
0
0
0
0
0
0
0
0
9
132
255
219
48
0
0
0
0
0
0
0
0
0
0
0
0
0
0
20
187
255
218
43
0
0
0
0
0
0
0
0
35
100
55
10
0
35
88
210
255
183
37
0
0
0
0
0
0
0
0
0
115
255
237
203
186
225
249
255
162
21
0
0
0
0
0
0
0
0
0
0
6
109
225
235
236
215
150
59
1
0
0
0
0
0
0
0
0
0
0
0
0
0
31
51
50
18
0
0
0
0
0
0
0
0
0
0
0
0
0
0
0
0
0
0
0
0
0
0
0
0
0
0
0
0
0
0
0
0
0
0
0
0
0
0
0
0
0
0
0
0
0
0
0
0
0
0
0
0
0
0
0
0
0
0
0
0
0
0
0
0
0
0
0
0
0
0
0
0