0
0
0
0
0
0
0
0
0
0
0
0
0
0
0
0
0
0
0
0
0
0
0
0
0
0
0
0
0
0
0
0
0
0
0
0
0
0
0
0
0
0
0
0
0
0
0
0
0
0
0
0
0
0
0
0
0
0
0
0
0
0
0
0
0
0
0
0
0
0
0
0
0
0
0
0
0
0
0
0
0
0
0
0
0
0
0
0
2
27
33
39
5
0
0
0
0
0
0
0
0
0
0
0
0
8
53
140
186
217
225
235
181
83
10
0
0
0
0
0
0
0
0
0
107
186
237
255
255
255
255
255
255
249
55
0
0
0
0
0
0
0
0
0
175
230
163
155
151
156
232
254
255
199
34
0
0
0
0
0
0
0
0
0
21
21
0
0
12
122
244
255
220
52
0
0
0
0
0
0
0
0
0
0
0
0
0
16
159
255
255
190
54
0
0
0
0
0
0
0
0
0
0
0
0
0
81
238
255
186
73
0
0
0
0
0
0
0
0
0
0
0
0
0
0
83
234
232
98
4
0
0
0
3
23
49
111
120
66
0
0
0
0
0
77
237
237
103
50
54
54
81
148
176
223
242
255
249
122
0
0
0
0
0
190
255
228
225
255
255
255
255
255
255
247
199
137
66
12
0
0
0
0
0
133
192
228
254
223
183
186
162
94
89
67
21
0
0
0
0
0
0
0
0
2
4
33
51
31
2
3
0
0
0
0
0
0
0
0
0
0
0
0
0
0
0
0
0
0
0
0
0
0
0
0
0
0
0
0
0
0
0
0
0
0
0
0
0
0
0
0
0
0
0
0
0
0
0
0
0
0
0
0
0
0
0
0
0
0
0
0
0
0
0
0
0
0
0
0
0
0
0
0
0
0
0
0
0
0
0
0
0
0
0
0
0
0
0
0
0