0
0
0
0
0
0
0
0
0
0
0
0
0
0
0
0
0
0
0
0
0
0
0
0
0
0
0
0
0
0
0
0
0
0
0
0
0
0
0
0
0
0
0
0
0
0
0
0
0
0
0
13
27
0
0
0
0
0
0
0
0
0
0
0
0
0
0
0
0
0
0
151
235
54
0
0
0
0
0
0
0
0
0
0
0
0
0
0
0
0
51
240
249
81
0
0
0
0
0
0
0
0
0
0
0
0
0
0
0
0
60
255
214
19
0
0
0
0
0
0
0
0
0
0
0
0
0
0
0
0
84
255
176
0
0
0
0
0
0
0
0
0
0
0
0
0
0
0
0
6
185
255
124
0
0
0
0
0
0
0
0
0
0
0
0
0
0
0
0
61
250
238
62
0
0
0
0
0
0
0
0
0
0
0
0
0
0
0
5
157
255
170
3
0
0
0
0
0
0
0
0
0
0
0
0
0
0
0
70
241
242
68
0
0
0
0
0
0
0
0
0
0
0
0
0
0
0
14
199
255
167
0
0
0
0
0
0
0
0
0
0
0
0
0
0
0
0
58
253
239
47
0
0
0
0
0
0
0
0
0
0
0
0
0
0
0
6
187
255
178
0
0
0
0
0
0
0
0
0
0
0
0
0
0
0
0
38
235
236
64
0
0
0
0
0
0
0
0
0
0
0
0
0
0
0
0
79
251
188
13
0
0
0
0
0
0
0
0
0
0
0
0
0
0
0
0
33
245
154
0
0
0
0
0
0
0
0
0
0
0
0
0
0
0
0
0
3
34
20
0
0
0
0
0
0
0
0
0
0
0
0
0
0
0
0
0
0
0
0
0
0
0
0
0
0
0
0
0
0
0
0
0
0
0
0
0
0
0
0
0
0
0
0
0
0
0
0
0
0
0