0
0
0
0
0
0
0
0
0
0
0
0
0
0
0
0
0
0
0
0
0
0
0
0
0
0
0
0
0
0
0
0
0
0
0
0
0
0
0
0
0
0
0
0
0
0
0
0
0
0
0
0
0
0
0
0
0
0
0
0
0
0
0
0
0
0
0
0
0
0
0
0
0
0
0
0
0
0
0
0
0
0
0
0
0
0
0
0
0
60
177
179
154
48
0
0
0
0
0
0
0
0
0
0
0
0
0
0
73
227
196
171
192
197
60
0
0
0
0
0
0
0
0
0
0
0
0
20
213
191
11
0
61
179
110
0
0
0
0
0
0
0
0
0
0
0
0
51
233
53
0
20
213
255
100
0
0
0
0
0
0
0
0
0
0
0
0
59
197
8
0
134
244
133
35
0
0
0
0
0
0
0
0
0
0
0
0
31
213
149
135
249
181
0
0
0
0
0
0
0
0
0
0
0
0
0
0
0
95
187
250
239
52
0
0
0
0
0
0
0
0
0
0
0
0
0
0
0
0
44
247
160
3
0
0
0
0
0
0
0
0
0
0
0
0
0
0
0
0
130
251
80
0
0
0
0
0
0
0
0
0
0
0
0
0
0
0
0
29
216
192
18
0
0
0
0
0
0
0
0
0
0
0
0
0
0
0
0
102
255
109
0
0
0
0
0
0
0
0
0
0
0
0
0
0
0
0
16
215
187
10
0
0
0
0
0
0
0
0
0
0
0
0
0
0
0
0
75
229
67
0
0
0
0
0
0
0
0
0
0
0
0
0
0
0
0
7
212
193
11
0
0
0
0
0
0
0
0
0
0
0
0
0
0
0
0
7
125
74
0
0
0
0
0
0
0
0
0
0
0
0
0
0
0
0
0
0
0
0
0
0
0
0
0
0
0
0
0
0
0