0
0
0
0
0
0
0
0
0
0
0
0
0
0
0
0
0
0
0
0
0
0
0
0
0
0
0
0
0
0
0
0
0
0
0
0
0
0
0
0
0
0
0
0
0
0
0
0
0
0
0
43
138
136
4
0
0
0
0
0
0
0
0
0
0
0
0
0
0
0
30
192
255
200
22
0
0
0
0
0
0
0
0
0
0
0
0
0
0
64
200
255
255
186
15
0
0
0
0
0
0
0
0
0
0
0
0
0
79
237
255
211
144
153
6
0
0
0
0
0
0
0
0
0
0
0
0
29
210
255
187
36
7
61
3
0
0
0
0
0
0
0
0
0
0
0
0
125
255
185
23
0
0
0
0
0
0
0
0
0
0
0
0
0
0
0
25
212
170
0
0
0
5
0
0
0
0
0
0
0
0
0
0
0
0
2
140
245
139
139
177
195
192
113
15
0
0
0
0
0
0
0
0
0
0
24
201
215
229
255
250
225
255
255
151
4
0
0
0
0
0
0
0
0
0
25
199
255
255
223
109
38
101
213
251
30
0
0
0
0
0
0
0
0
0
25
201
255
160
22
0
0
0
134
255
32
0
0
0
0
0
0
0
0
0
8
167
255
184
26
0
0
24
199
230
17
0
0
0
0
0
0
0
0
0
0
61
223
255
207
126
108
197
255
116
0
0
0
0
0
0
0
0
0
0
0
0
88
211
242
255
255
226
112
4
0
0
0
0
0
0
0
0
0
0
0
0
0
43
63
97
103
42
0
0
0
0
0
0
0
0
0
0
0
0
0
0
0
0
0
0
0
0
0
0
0
0
0
0
0
0
0
0
0
0
0
0
0
0
0
0
0
0
0
0
0
0
0
0
0
0
0
0
0
0
0
0
0
0
0
0
0
0
0
0
0
0
0
0
0