0
0
0
0
0
0
0
0
0
0
0
0
0
0
0
0
0
0
0
0
0
0
0
0
0
0
0
0
0
0
0
0
0
0
0
0
0
0
0
0
0
0
0
0
0
0
0
0
0
0
0
0
0
0
0
0
0
0
0
0
0
0
0
0
0
0
0
0
0
0
0
0
8
92
93
9
0
0
0
0
0
0
0
0
0
0
0
0
0
0
0
0
67
255
245
40
0
0
0
0
0
0
0
0
0
0
0
0
0
35
107
28
180
227
68
3
0
0
0
0
0
0
0
0
0
0
0
0
0
81
234
69
222
221
34
0
0
0
0
0
0
0
0
0
0
0
0
2
74
217
198
32
226
208
28
0
0
0
0
0
0
0
0
0
0
0
0
120
246
253
81
60
254
154
0
0
0
0
0
0
0
0
0
0
0
19
132
245
233
94
0
146
255
100
0
4
6
3
0
0
0
0
0
0
17
195
255
233
99
17
99
236
255
184
123
202
224
99
0
0
0
0
0
12
153
255
255
216
170
213
247
255
255
234
181
163
164
51
0
0
0
0
0
40
221
255
255
247
229
214
246
255
150
22
8
4
3
0
0
0
0
0
0
11
89
176
145
76
11
25
227
247
27
0
0
0
0
0
0
0
0
0
0
0
0
7
0
0
0
75
255
194
14
0
0
0
0
0
0
0
0
0
0
0
0
0
0
0
0
149
253
113
0
0
0
0
0
0
0
0
0
0
0
0
0
0
0
0
23
212
219
24
0
0
0
0
0
0
0
0
0
0
0
0
0
0
0
0
37
194
152
5
0
0
0
0
0
0
0
0
0
0
0
0
0
0
0
0
0
0
0
0
0
0
0
0
0
0
0
0
0
0
0
0
0
0
0
0
0
0
0
0
0
0
0
0
0
0
0
0