0
0
0
0
0
0
0
0
0
0
0
0
0
0
0
0
0
0
0
0
0
0
0
0
0
0
0
0
0
0
0
0
0
0
0
0
0
0
0
0
0
0
0
0
0
0
0
0
0
0
0
0
0
0
0
0
0
0
0
0
0
0
0
0
0
0
0
0
0
0
0
0
12
7
0
0
0
0
0
0
0
0
0
0
0
0
0
76
151
153
162
173
205
191
151
105
39
0
0
0
0
0
0
0
0
0
44
219
242
215
229
223
228
252
255
255
204
18
0
0
0
0
0
0
0
0
18
67
62
27
46
34
37
147
251
255
168
8
0
0
0
0
0
0
0
0
0
0
0
0
0
2
117
228
255
203
48
0
0
0
0
0
0
0
0
0
0
0
0
0
56
189
255
235
151
21
0
0
0
0
0
0
0
0
0
0
0
0
13
115
233
245
155
48
0
0
0
0
0
0
0
0
0
0
0
0
0
14
179
255
255
146
0
0
0
0
0
0
0
0
0
0
0
5
3
0
0
26
201
243
255
226
80
0
0
0
0
0
0
0
0
0
7
146
85
0
0
2
20
30
132
255
208
11
0
0
0
0
0
0
0
0
27
219
72
0
0
0
0
9
167
255
195
14
0
0
0
0
0
0
0
0
26
230
135
0
0
0
55
185
252
225
65
0
0
0
0
0
0
0
0
0
11
188
238
132
113
156
248
255
163
24
0
0
0
0
0
0
0
0
0
0
0
84
225
255
255
255
194
95
18
0
0
0
0
0
0
0
0
0
0
0
0
0
27
68
70
61
13
0
0
0
0
0
0
0
0
0
0
0
0
0
0
0
0
0
0
0
0
0
0
0
0
0
0
0
0
0
0
0
0
0
0
0
0
0
0
0
0
0
0
0
0
0
0
0
0
0
0
0