0
0
0
0
0
0
0
0
0
0
0
0
0
0
0
0
0
0
0
0
0
0
0
0
0
0
0
0
0
0
0
0
0
0
0
0
0
0
0
0
0
0
0
0
0
0
0
0
0
0
0
0
0
0
0
0
0
0
0
0
0
0
0
0
0
0
0
0
0
0
0
0
0
0
0
0
0
0
0
0
0
0
0
0
0
0
0
0
0
0
0
0
0
0
0
0
0
0
20
11
0
0
0
0
0
0
0
0
0
0
0
0
24
45
66
83
114
144
170
47
0
0
0
0
0
0
0
8
66
98
137
159
178
203
182
179
142
101
41
0
0
0
0
0
0
0
39
175
243
223
150
104
38
31
16
6
0
0
0
0
0
0
0
0
0
0
158
234
116
40
0
0
0
0
0
0
0
0
0
0
0
0
0
0
0
0
119
229
72
0
0
0
0
0
0
0
0
0
0
0
0
0
0
0
0
0
8
122
237
136
3
0
0
0
0
0
0
0
0
0
0
0
0
0
0
2
0
0
101
215
119
0
0
0
0
0
0
0
0
0
0
0
0
0
12
108
0
0
0
77
220
45
0
0
0
0
0
0
0
0
0
0
0
0
14
160
10
0
0
0
202
101
0
0
0
0
0
0
0
0
0
0
0
0
1
146
158
50
21
46
223
99
0
0
0
0
0
0
0
0
0
0
0
0
0
31
154
210
236
247
203
46
0
0
0
0
0
0
0
0
0
0
0
0
0
0
0
34
82
90
31
0
0
0
0
0
0
0
0
0
0
0
0
0
0
0
0
0
0
0
0
0
0
0
0
0
0
0
0
0
0
0
0
0
0
0
0
0
0
0
0
0
0
0
0
0
0
0
0
0
0
0
0
0
0
0
0
0
0
0
0
0
0
0
0
0
0
0
0
0