0
0
0
0
0
0
0
0
0
0
0
0
0
0
0
0
0
0
0
0
0
0
0
0
0
0
0
0
0
0
0
0
0
0
0
0
0
0
0
0
0
0
0
0
0
0
0
0
0
0
0
9
29
0
0
0
0
0
0
0
0
0
0
0
0
0
0
0
0
0
0
86
232
58
0
0
0
0
0
0
0
0
0
0
0
0
0
0
0
0
0
152
253
85
0
0
0
0
0
0
0
0
0
0
0
0
0
0
0
0
30
212
227
21
0
0
0
0
0
0
0
0
0
0
0
0
0
0
0
0
54
246
168
0
0
0
0
0
0
0
0
0
0
0
0
0
0
0
0
0
134
255
115
0
0
0
0
0
0
0
0
0
0
0
0
0
0
0
0
11
218
239
45
0
0
0
0
0
0
0
0
0
0
0
0
0
0
0
0
65
255
187
10
0
0
0
0
0
0
0
0
0
0
0
0
0
0
0
0
140
255
141
0
0
0
0
0
0
0
0
0
0
0
0
0
0
0
0
0
158
255
93
0
0
0
0
0
0
0
0
0
0
0
0
0
0
0
0
14
195
225
38
0
0
0
0
0
0
0
0
0
0
0
0
0
0
0
0
91
255
187
9
0
0
0
0
0
0
0
0
0
0
0
0
0
0
0
4
162
255
76
0
0
0
0
0
0
0
0
0
0
0
0
0
0
0
0
42
252
192
3
0
0
0
0
0
0
0
0
0
0
0
0
0
0
0
0
41
246
100
0
0
0
0
0
0
0
0
0
0
0
0
0
0
0
0
0
4
29
9
0
0
0
0
0
0
0
0
0
0
0
0
0
0
0
0
0
0
0
0
0
0
0
0
0
0
0
0
0
0
0
0
0
0
0
0
0
0
0
0
0
0
0
0
0
0
0
0
0
0