0
0
0
0
0
0
0
0
0
0
0
0
0
0
0
0
0
0
0
0
0
0
0
0
0
0
0
0
0
0
0
0
0
0
0
0
0
0
0
0
0
0
0
0
0
0
0
0
0
0
0
0
30
23
0
0
0
0
0
0
0
0
0
0
0
0
0
0
0
0
0
43
235
202
22
0
0
0
0
0
0
0
0
0
0
0
0
0
0
0
0
73
248
191
21
0
0
0
0
0
0
0
0
0
0
0
0
0
0
0
3
161
247
65
0
0
0
0
0
0
0
0
0
0
0
0
0
0
0
0
60
235
203
17
0
0
0
0
0
0
0
0
0
0
0
0
0
0
0
0
125
255
88
0
0
0
0
0
0
0
0
0
0
0
0
0
0
0
0
8
181
208
22
0
0
0
0
0
0
0
0
0
0
0
0
0
0
0
5
136
255
179
9
0
0
0
0
0
0
0
0
0
0
0
0
0
0
0
18
209
255
82
0
0
0
0
0
0
0
0
0
0
0
0
0
0
0
0
62
240
188
15
0
0
0
0
0
0
0
0
0
0
0
0
0
0
0
21
190
255
87
0
0
0
0
0
0
0
0
0
0
0
0
0
0
0
0
56
255
184
0
0
0
0
0
0
0
0
0
0
0
0
0
0
0
0
1
131
245
58
0
0
0
0
0
0
0
0
0
0
0
0
0
0
0
0
110
255
214
34
0
0
0
0
0
0
0
0
0
0
0
0
0
0
0
23
206
242
71
0
0
0
0
0
0
0
0
0
0
0
0
0
0
0
0
7
35
28
0
0
0
0
0
0
0
0
0
0
0
0
0
0
0
0
0
0
0
0
0
0
0
0
0
0
0
0
0
0
0
0
0
0
0
0
0
0
0
0
0
0
0
0
0
0
0
0
0
0
0
0