0
0
0
0
0
0
0
0
0
0
0
0
0
0
0
0
0
0
0
0
0
0
0
0
0
0
0
0
0
0
0
0
0
0
0
0
0
0
0
0
0
0
0
0
0
0
0
0
0
0
0
29
139
143
43
0
0
0
0
0
0
0
0
0
0
0
0
0
0
20
117
172
145
202
119
0
0
0
0
0
0
0
0
0
0
0
0
0
34
156
124
35
0
163
75
0
0
0
0
0
0
0
0
0
0
0
0
5
81
50
0
0
30
220
50
0
0
0
0
0
0
0
0
0
0
0
0
0
0
0
0
0
76
196
17
0
0
0
0
0
0
0
0
0
0
0
0
0
0
0
0
4
198
145
0
0
0
0
0
0
0
0
0
0
0
0
0
0
0
0
0
89
214
36
0
0
7
1
0
0
0
0
0
0
0
0
0
0
0
0
18
199
122
0
0
51
61
0
0
0
0
0
0
0
0
0
0
0
27
14
106
206
15
0
39
120
12
0
0
0
0
0
0
0
0
0
6
121
209
191
240
178
57
78
136
27
0
0
0
0
0
0
0
0
0
2
141
252
164
217
235
191
207
161
41
0
0
0
0
0
0
0
0
0
0
35
205
95
74
220
59
4
24
3
0
0
0
0
0
0
0
0
0
0
0
42
166
69
190
89
0
0
0
0
0
0
0
0
0
0
0
0
0
0
0
35
220
255
106
0
0
0
0
0
0
0
0
0
0
0
0
0
0
0
0
9
85
83
0
0
0
0
0
0
0
0
0
0
0
0
0
0
0
0
0
0
0
0
0
0
0
0
0
0
0
0
0
0
0
0
0
0
0
0
0
0
0
0
0
0
0
0
0
0
0
0
0
0
0
0
0
0
0
0
0
0
0
0
0
0
0
0
0
0
0
0
0
0
0
0