0
0
0
0
0
0
0
0
0
0
0
0
0
0
0
0
0
0
0
0
0
0
0
0
0
0
0
0
0
0
0
0
0
0
0
0
0
0
0
0
0
0
0
0
0
7
155
225
121
19
0
0
0
0
0
0
0
0
0
0
0
0
0
0
0
70
241
255
245
212
113
12
0
0
0
0
0
0
0
0
0
0
0
0
0
59
225
255
255
255
254
132
8
0
0
0
0
0
0
0
0
0
0
0
0
0
26
170
245
255
255
255
189
19
0
0
0
0
0
0
0
0
0
0
0
0
0
12
104
218
254
255
235
43
0
0
0
0
0
0
0
0
0
0
0
0
0
0
0
38
208
255
253
106
0
0
0
0
0
0
0
0
0
0
0
0
0
0
0
11
201
255
255
151
0
0
0
0
0
0
0
0
0
0
0
0
0
0
5
161
253
255
242
71
0
0
0
0
0
0
0
0
0
0
0
0
0
8
120
246
255
255
167
0
10
16
2
0
0
0
0
0
0
0
0
0
9
154
255
253
252
255
69
81
170
193
116
3
0
0
0
0
0
0
0
51
174
255
253
253
252
253
220
244
255
255
169
5
0
0
0
0
0
0
18
226
255
253
252
252
252
252
255
255
255
255
157
7
0
0
0
0
0
12
150
255
255
253
252
255
255
255
254
245
239
120
21
0
0
0
0
0
0
22
206
255
243
255
255
226
203
149
112
30
7
0
0
0
0
0
0
0
0
0
62
112
75
97
112
50
23
1
0
0
0
0
0
0
0
0
0
0
0
0
0
0
0
0
0
0
0
0
0
0
0
0
0
0
0
0
0
0
0
0
0
0
0
0
0
0
0
0
0
0
0
0
0
0
0
0
0
0
0
0
0
0
0
0
0
0
0
0
0
0
0
0
0
0
0
0