0
0
0
0
0
0
0
0
0
0
0
0
0
0
0
0
0
0
0
0
0
0
0
0
0
0
0
0
0
0
0
0
0
0
0
0
0
0
0
0
0
0
0
0
0
0
0
0
0
0
0
17
35
8
0
0
0
0
0
0
0
0
0
0
0
0
0
0
0
0
0
152
251
59
0
0
0
0
0
0
0
0
0
0
0
0
0
0
0
0
15
188
245
58
0
0
0
0
0
0
0
0
0
0
0
0
0
0
0
0
17
192
245
53
0
0
0
0
0
0
0
0
0
0
0
0
0
0
0
0
24
206
205
11
0
0
0
0
0
0
0
0
0
0
0
0
0
0
0
0
126
255
89
0
0
0
0
0
0
0
0
0
0
0
0
0
0
0
0
13
219
248
31
0
0
0
0
0
0
0
0
0
0
0
0
0
0
0
0
101
253
150
4
0
0
0
0
0
0
0
0
0
0
0
0
0
0
0
16
208
243
59
0
0
0
0
0
0
0
0
0
0
0
0
0
0
0
0
108
254
175
13
0
0
0
0
0
0
0
0
0
0
0
0
0
0
0
13
204
252
51
0
0
0
0
0
0
0
0
0
0
0
0
0
0
0
0
106
255
144
0
0
0
0
0
0
0
0
0
0
0
0
0
0
0
0
0
209
252
58
0
0
0
0
0
0
0
0
0
0
0
0
0
0
0
0
64
245
216
33
0
0
0
0
0
0
0
0
0
0
0
0
0
0
0
0
111
255
127
0
0
0
0
0
0
0
0
0
0
0
0
0
0
0
0
0
12
34
10
0
0
0
0
0
0
0
0
0
0
0
0
0
0
0
0
0
0
0
0
0
0
0
0
0
0
0
0
0
0
0
0
0
0
0
0
0
0
0
0
0
0
0
0
0
0
0
0
0
0
0