0
0
0
0
0
0
0
0
0
0
0
0
0
0
0
0
0
0
0
0
0
0
0
0
0
0
0
0
0
0
0
0
0
0
0
0
0
0
0
0
0
0
0
0
0
0
0
0
0
0
0
0
0
0
0
0
0
0
0
0
0
0
0
0
0
0
0
0
0
0
0
0
0
0
0
0
0
0
0
0
0
0
0
0
0
0
4
10
4
1
1
1
1
0
0
0
0
0
0
0
0
0
0
0
0
25
194
248
199
168
171
168
166
125
68
0
0
0
0
0
0
0
0
0
0
64
255
254
216
213
210
238
255
255
244
45
0
0
0
0
0
0
0
0
0
51
230
142
20
19
18
31
174
255
253
52
0
0
0
0
0
0
0
0
0
0
30
6
0
0
0
25
228
255
182
2
0
0
0
0
0
0
0
0
0
0
0
0
0
0
2
151
255
216
42
0
0
0
0
0
0
0
0
0
0
0
0
0
0
0
102
249
249
79
0
0
0
0
0
0
0
0
0
0
0
0
0
0
0
56
232
255
171
10
0
0
0
0
0
0
0
0
0
0
0
0
0
0
11
190
255
221
32
0
0
0
0
0
0
0
0
0
0
0
0
0
0
3
138
253
250
87
0
0
0
0
0
0
0
0
0
0
0
0
0
0
0
101
246
255
164
15
0
0
0
0
0
0
0
0
0
0
0
0
0
0
38
222
255
173
12
0
0
0
0
0
0
0
0
0
0
0
0
0
0
10
177
255
229
45
0
0
0
0
0
0
0
0
0
0
0
0
0
0
0
58
249
253
100
0
0
0
0
0
0
0
0
0
0
0
0
0
0
0
0
64
255
201
20
0
0
0
0
0
0
0
0
0
0
0
0
0
0
0
0
17
71
36
0
0
0
0
0
0
0
0
0
0
0
0