0
0
0
0
0
0
0
0
0
0
0
0
0
0
0
0
0
0
0
0
0
0
0
0
0
0
0
0
0
0
0
0
0
0
0
0
0
0
0
0
0
0
0
0
0
0
0
0
0
0
0
0
0
0
0
0
0
0
0
0
0
0
0
0
0
0
0
5
82
111
109
109
109
109
106
26
0
0
0
0
0
0
0
0
0
0
60
167
255
255
255
255
255
255
255
156
0
0
0
0
0
0
0
0
0
29
203
255
196
123
84
85
62
158
255
169
0
0
0
0
0
0
0
0
0
77
255
145
6
0
0
0
9
186
255
165
0
0
0
0
0
0
0
0
0
114
255
107
0
0
0
0
110
255
236
56
0
0
0
0
0
0
0
0
0
82
255
223
82
4
20
105
241
237
103
0
0
0
0
0
0
0
0
0
0
25
167
248
226
195
206
247
255
131
0
0
0
0
0
0
0
0
0
0
0
0
0
93
232
255
255
255
255
188
56
0
0
0
0
0
0
0
0
0
0
0
48
204
255
210
138
172
219
255
225
29
0
0
0
0
0
0
0
0
0
51
214
255
163
29
0
7
27
57
194
165
0
0
0
0
0
0
0
0
0
165
248
109
2
0
0
0
0
7
194
201
0
0
0
0
0
0
0
0
1
174
227
20
0
0
0
0
0
85
247
139
0
0
0
0
0
0
0
0
0
152
227
148
77
74
95
136
148
188
77
0
0
0
0
0
0
0
0
0
0
57
242
255
255
255
255
255
255
142
6
0
0
0
0
0
0
0
0
0
0
0
62
157
179
175
127
130
93
7
0
0
0
0
0
0
0
0
0
0
0
0
0
0
0
0
0
0
0
0
0
0
0
0
0
0
0
0
0
0
0
0
0
0
0
0
0
0
0
0
0
0
0
0
0
0