0
0
0
0
0
0
0
0
0
0
0
0
0
0
0
0
0
0
0
0
0
0
0
0
0
0
0
0
0
0
0
0
0
0
0
0
0
0
0
0
0
0
0
0
0
0
0
0
0
0
0
0
0
0
0
0
0
0
0
0
0
0
0
0
0
0
0
0
0
0
0
0
0
0
0
0
0
0
0
0
0
0
0
0
0
0
0
0
0
0
0
0
0
0
3
22
1
25
10
0
0
0
0
0
0
0
0
0
24
19
0
0
0
75
170
228
175
197
111
4
0
0
0
0
0
0
0
73
204
171
0
59
148
244
255
255
248
190
118
19
0
0
0
0
0
0
18
213
255
170
0
127
255
233
216
124
46
10
13
7
0
0
0
0
0
0
125
255
234
73
0
53
119
33
8
0
0
0
0
0
0
0
0
0
0
32
212
255
132
0
0
0
0
0
0
0
0
0
0
0
0
0
0
0
0
84
255
255
171
81
82
73
57
2
0
0
0
0
0
0
0
0
0
0
0
34
167
253
255
255
255
255
242
58
0
0
0
0
0
0
0
0
0
0
0
0
31
133
144
143
180
245
255
109
0
0
0
0
0
0
0
0
0
0
0
0
0
8
9
9
109
247
234
62
0
0
0
0
0
0
0
0
0
0
5
139
164
199
202
204
246
255
87
0
0
0
0
0
0
0
0
0
0
0
0
138
225
252
255
255
255
188
9
0
0
0
0
0
0
0
0
0
0
0
0
9
36
78
88
87
90
52
0
0
0
0
0
0
0
0
0
0
0
0
0
0
0
0
0
0
0
0
0
0
0
0
0
0
0
0
0
0
0
0
0
0
0
0
0
0
0
0
0
0
0
0
0
0
0
0
0
0
0
0
0
0
0
0
0
0
0
0
0
0
0
0
0
0
0
0