0
0
0
0
0
0
0
0
0
0
0
0
0
0
0
0
0
0
0
0
0
0
0
0
0
0
0
0
0
0
0
0
0
0
0
0
0
0
0
0
0
0
0
0
0
0
0
0
19
25
12
0
0
0
0
0
0
0
0
0
0
0
0
0
0
0
0
9
187
229
188
110
44
0
0
0
0
0
0
0
0
0
0
0
0
0
0
86
246
227
238
255
207
38
0
0
0
0
0
0
0
0
0
0
0
0
0
140
201
30
20
83
230
152
1
0
0
0
0
0
0
0
0
0
0
0
5
215
99
0
0
0
154
173
4
0
0
0
0
0
0
0
0
0
0
0
12
208
110
2
0
0
139
186
11
0
0
0
0
0
0
0
0
0
0
0
4
53
5
0
0
84
243
111
0
0
0
0
0
0
0
0
0
0
0
0
0
0
0
0
44
209
228
37
0
0
0
0
0
0
0
0
0
0
0
0
0
0
0
34
207
238
62
0
0
0
0
0
0
0
0
0
0
0
0
44
101
71
65
148
249
117
0
0
0
0
0
0
0
0
0
0
0
0
0
149
255
242
241
255
161
1
0
0
0
0
0
0
0
0
0
0
0
0
0
117
255
255
255
248
242
98
0
0
0
0
0
0
0
0
0
0
0
0
0
34
179
203
103
65
215
241
161
45
0
0
0
0
0
0
0
0
0
0
0
0
2
5
0
0
24
141
252
236
125
21
0
0
0
0
0
0
0
0
0
0
0
0
0
0
0
2
85
218
255
135
1
0
0
0
0
0
0
0
0
0
0
0
0
0
0
0
0
21
39
25
0
0
0
0
0
0
0
0
0
0
0
0
0
0
0
0
0
0
0
0
0
0
0
0
0
0
0
0
0
0
0
0
0
0
0
0
0
0
0
0
0
0
0
0