0
0
0
0
0
0
0
0
0
0
0
0
0
0
0
0
0
0
0
0
0
0
0
0
0
0
0
0
0
0
0
0
0
0
0
0
0
0
0
0
0
0
0
0
0
0
0
0
0
0
0
0
0
0
0
0
0
0
0
0
0
0
0
0
0
2
18
55
31
31
58
80
109
109
111
91
13
0
0
0
0
0
0
0
0
51
212
236
219
219
237
253
255
255
255
255
141
6
0
0
0
0
0
0
0
65
214
209
184
162
161
161
118
85
197
255
175
8
0
0
0
0
0
0
0
12
21
20
3
0
0
0
0
100
243
247
78
0
0
0
0
0
0
0
0
0
0
0
0
0
0
42
167
255
244
86
0
0
0
0
0
0
0
0
0
0
0
0
4
63
132
214
255
211
84
0
0
0
0
0
0
0
0
0
0
0
0
10
125
235
255
230
125
25
0
0
0
0
0
0
0
0
0
0
0
0
55
203
255
255
201
75
0
0
0
0
0
0
0
0
0
0
0
0
0
0
154
255
255
255
252
231
115
0
0
0
0
0
0
0
0
0
0
0
0
4
73
129
112
68
129
255
186
0
0
0
0
0
0
0
0
0
7
39
6
0
0
0
0
26
173
255
182
0
0
0
0
0
0
0
0
0
22
153
34
0
0
1
74
200
255
249
148
0
0
0
0
0
0
0
0
0
23
197
158
58
64
156
255
255
210
74
0
0
0
0
0
0
0
0
0
0
12
186
255
253
255
255
211
151
35
0
0
0
0
0
0
0
0
0
0
0
0
43
141
221
191
84
24
1
0
0
0
0
0
0
0
0
0
0
0
0
0
0
0
0
0
0
0
0
0
0
0
0
0
0
0
0
0
0
0
0
0
0
0
0
0
0
0
0
0
0
0
0
0
0
0
0
0
0