0
0
0
0
0
0
0
0
0
0
0
0
0
0
0
0
0
0
0
0
0
0
0
0
0
0
0
0
0
0
0
0
0
0
0
0
0
0
0
0
0
0
0
0
0
0
0
0
0
0
0
0
0
0
0
0
0
0
0
0
0
0
0
0
0
0
0
0
0
0
0
0
0
0
0
0
0
0
0
0
0
0
0
0
0
0
0
0
0
0
0
0
0
0
0
0
0
0
0
0
0
0
0
0
0
0
0
0
0
0
0
0
1
35
62
17
0
0
0
0
0
0
23
52
12
0
0
0
14
35
142
154
169
216
255
159
11
0
0
0
0
0
168
243
221
168
156
172
225
235
255
255
241
243
255
199
1
0
0
0
0
0
90
241
255
255
255
255
255
216
152
100
46
173
255
116
0
0
0
0
0
0
2
55
88
126
111
89
77
34
0
0
24
223
251
32
0
0
0
0
0
0
0
0
0
0
0
0
0
0
0
4
135
255
191
13
0
0
0
0
0
0
0
0
0
0
0
0
0
0
0
83
255
238
67
0
0
0
0
0
0
0
0
0
0
0
0
0
0
0
13
184
255
138
0
0
0
0
0
0
0
0
0
0
0
0
0
0
0
0
65
253
238
45
0
0
0
0
0
0
0
0
0
0
0
0
0
0
0
2
177
255
120
2
0
0
0
0
0
0
0
0
0
0
0
0
0
0
0
39
247
201
13
0
0
0
0
0
0
0
0
0
0
0
0
0
0
0
0
136
255
101
0
0
0
0
0
0
0
0
0
0
0
0
0
0
0
0
20
215
226
36
0
0
0
0
0
0
0
0
0
0
0
0
0
0
0
2
129
252
117
0
0
0
0
0
0
0
0
0
0
0
0
0
0
0
0
30
227
231
23
0
0
0
0
0
0
0
0
0