0
0
0
0
0
0
0
0
0
0
0
0
0
0
0
0
0
0
0
0
0
0
0
0
0
0
0
0
0
0
0
0
0
0
0
0
0
0
0
0
0
0
0
0
0
0
0
0
0
5
30
17
0
0
0
0
0
0
0
0
0
0
0
0
0
0
0
0
14
145
252
209
102
0
0
0
0
0
0
0
0
0
0
0
0
0
0
0
129
255
143
175
239
44
0
0
0
0
0
0
0
0
0
0
0
0
0
0
93
199
25
94
235
56
0
0
0
0
0
0
0
0
0
0
0
0
0
0
0
13
4
155
228
6
0
0
0
0
0
0
0
0
0
0
0
0
0
0
0
0
44
227
140
0
0
0
0
0
0
0
0
0
0
0
0
0
0
0
0
7
186
233
34
0
0
0
0
0
0
0
0
0
0
0
0
0
0
0
7
158
242
94
0
0
0
0
0
0
0
0
0
0
0
0
0
0
0
0
61
251
185
2
0
0
0
0
0
0
0
0
0
0
0
0
0
0
0
0
17
150
230
87
0
0
0
0
0
0
0
0
0
0
0
0
0
0
0
15
0
0
107
228
47
0
0
0
0
0
0
0
0
0
0
0
0
0
28
99
0
0
24
219
137
0
0
0
0
0
0
0
0
0
0
0
0
0
120
102
0
2
128
255
126
0
0
0
0
0
0
0
0
0
0
0
0
0
136
168
102
199
254
170
15
0
0
0
0
0
0
0
0
0
0
0
0
0
51
229
255
216
106
11
0
0
0
0
0
0
0
0
0
0
0
0
0
0
0
24
37
20
0
0
0
0
0
0
0
0
0
0
0
0
0
0
0
0
0
0
0
0
0
0
0
0
0
0
0
0
0
0
0
0
0
0
0
0
0
0
0
0
0
0
0
0
0
0
0
0
0
0