0
0
0
0
0
0
0
0
0
0
0
0
0
0
0
0
0
0
0
0
0
0
0
0
0
0
0
0
0
0
0
0
0
0
0
0
0
0
0
0
0
0
0
0
0
0
0
0
0
0
0
0
0
0
0
0
0
0
0
0
0
0
0
0
0
0
0
0
0
0
0
0
0
0
0
0
0
5
0
0
0
0
0
0
0
0
0
13
111
32
0
0
0
0
0
9
135
117
0
0
0
0
0
0
0
0
0
97
250
66
0
0
0
0
0
51
231
170
0
0
0
0
0
0
0
0
21
199
227
40
0
0
0
0
7
183
249
66
0
0
0
0
0
0
0
0
131
255
152
0
0
0
0
0
110
255
160
2
0
0
0
0
0
0
0
61
235
237
45
0
0
0
0
58
230
225
40
0
0
0
0
0
0
0
27
203
255
124
0
0
0
0
14
192
255
103
0
0
0
0
0
0
0
23
181
255
252
142
78
51
53
54
176
255
149
0
0
0
0
0
0
0
0
101
255
255
255
255
255
244
241
242
255
196
24
0
0
0
0
0
0
0
0
56
111
79
80
80
81
79
157
255
233
57
0
0
0
0
0
0
0
0
0
0
0
0
0
0
0
0
189
255
102
0
0
0
0
0
0
0
0
0
0
0
0
0
0
0
0
48
255
192
11
0
0
0
0
0
0
0
0
0
0
0
0
0
0
0
11
190
255
95
0
0
0
0
0
0
0
0
0
0
0
0
0
0
0
0
16
199
211
21
0
0
0
0
0
0
0
0
0
0
0
0
0
0
0
0
0
36
44
0
0
0
0
0
0
0
0
0
0
0
0
0
0
0
0
0
0
0
0
0
0
0
0
0
0
0
0
0
0
0
0
0
0
0
0
0
0
0
0
0
0
0
0
0
0
0
0
0