0
0
0
0
0
0
0
0
0
0
0
0
0
0
0
0
0
0
0
0
0
0
0
0
0
0
0
0
0
0
0
0
0
0
0
0
0
0
0
0
0
0
0
0
0
0
0
0
0
0
0
0
0
0
0
0
0
0
0
0
0
0
0
0
0
0
0
0
0
0
0
0
0
0
0
0
0
0
0
0
0
0
0
0
0
0
0
2
7
10
9
1
0
0
0
0
0
0
0
0
0
0
0
0
13
78
130
183
217
247
241
173
69
0
0
0
0
0
0
0
0
0
0
0
146
255
255
219
251
255
243
245
252
146
26
0
0
0
0
0
0
0
0
37
225
251
113
15
134
255
203
61
213
255
120
0
0
0
0
0
0
0
0
74
247
157
0
0
81
255
224
36
68
254
242
23
0
0
0
0
0
0
0
79
245
99
0
0
84
254
237
60
8
209
255
139
0
0
0
0
0
0
0
73
246
136
0
0
84
255
224
43
0
110
255
203
10
0
0
0
0
0
0
61
244
200
8
0
86
255
193
9
0
80
249
255
90
0
0
0
0
0
0
4
163
255
105
11
165
255
81
0
0
39
218
255
113
0
0
0
0
0
0
0
43
242
245
206
252
160
6
0
0
19
204
255
110
0
0
0
0
0
0
0
0
84
154
152
96
11
0
0
0
18
203
255
109
0
0
0
0
0
0
0
0
0
0
0
0
0
0
0
0
0
184
255
104
0
0
0
0
0
0
0
0
0
0
0
0
0
0
0
0
20
206
255
90
0
0
0
0
0
0
0
0
0
0
0
0
0
0
0
0
20
208
245
68
0
0
0
0
0
0
0
0
0
0
0
0
0
0
0
0
21
216
255
86
0
0
0
0
0
0
0
0
0
0
0
0
0
0
0
0
5
57
74
28
0
0
0