0
0
0
0
0
0
0
0
0
0
0
0
0
0
0
0
0
0
0
0
0
0
0
0
0
0
0
0
0
0
0
0
0
0
0
0
0
0
0
0
0
0
0
0
0
0
0
0
0
0
0
0
0
0
0
0
0
0
0
0
0
0
0
0
0
0
0
0
0
0
0
0
0
0
0
0
0
0
0
0
0
0
0
0
0
0
0
0
0
0
26
85
175
192
187
106
8
0
0
0
0
0
0
0
0
0
0
6
87
148
234
255
254
211
245
234
55
0
0
0
0
0
0
0
0
0
5
149
255
249
174
125
69
49
209
241
58
0
0
0
0
0
0
0
0
0
4
186
199
55
0
0
58
198
255
168
18
0
0
0
0
0
0
0
0
0
0
25
22
19
93
172
251
236
118
3
0
0
0
0
0
0
0
0
0
0
0
29
134
209
255
255
255
144
0
0
0
0
0
0
0
0
0
0
0
0
44
225
255
255
243
216
234
237
54
0
0
0
0
0
0
0
0
0
0
0
58
195
146
86
73
30
161
255
76
0
0
0
0
0
0
0
0
0
0
0
1
15
2
0
0
10
216
255
63
0
0
0
0
0
0
0
0
0
0
0
0
0
0
0
32
184
241
112
3
0
0
0
0
0
0
0
0
0
0
0
0
0
0
67
214
255
125
0
0
0
0
0
0
0
0
0
0
0
0
0
8
98
175
250
223
98
2
0
0
0
0
0
0
0
0
0
11
58
31
90
181
255
236
162
43
0
0
0
0
0
0
0
0
0
0
0
99
251
242
249
233
141
39
2
0
0
0
0
0
0
0
0
0
0
0
0
33
141
151
108
26
0
0
0
0
0
0
0
0
0
0
0
0
0
0
0
0
0
0
0
0
0
0
0
0
0
0
0
0
0
0
0
0
0