0
0
0
0
0
0
0
0
0
0
0
0
0
0
0
0
0
0
0
0
0
0
0
0
0
0
0
0
0
0
0
0
0
0
0
0
0
0
0
0
0
0
0
0
0
0
0
0
0
0
0
0
0
0
0
0
0
0
0
0
0
0
0
0
0
0
0
0
0
0
0
0
0
0
0
0
0
0
0
0
0
0
0
0
0
0
0
0
0
4
8
10
10
10
2
0
0
0
0
0
0
0
0
0
0
0
0
55
121
191
228
245
244
244
162
2
0
0
0
0
0
0
0
0
0
5
114
247
255
255
255
254
254
255
237
9
0
0
0
0
0
0
0
0
0
101
250
250
235
164
169
247
253
255
191
3
0
0
0
0
0
0
0
0
8
232
255
154
96
84
183
255
255
234
72
0
0
0
0
0
0
0
0
0
5
205
255
216
209
248
255
253
255
153
0
0
0
0
0
0
0
0
0
0
0
54
214
255
255
253
246
254
244
95
0
0
0
0
0
0
0
0
0
0
0
3
52
127
146
100
149
255
194
1
0
0
0
0
0
0
0
0
0
0
0
0
0
0
0
0
164
255
161
0
0
0
0
0
0
0
0
0
0
0
0
0
0
0
0
57
234
224
49
0
0
0
0
0
0
0
0
0
0
0
0
0
0
0
0
141
255
146
0
0
0
0
0
0
0
0
0
0
0
0
0
0
0
0
22
201
224
41
0
0
0
0
0
0
0
0
0
0
0
0
0
0
0
0
119
255
207
21
0
0
0
0
0
0
0
0
0
0
0
0
0
0
0
5
165
255
173
5
0
0
0
0
0
0
0
0
0
0
0
0
0
0
0
16
204
255
125
0
0
0
0
0
0
0
0
0
0
0
0
0
0
0
0
4
53
71
24
0
0
0
0
0
0
0
0
0