0
0
0
0
0
0
0
0
0
0
0
0
0
0
0
0
0
0
0
0
0
0
0
0
0
0
0
0
0
0
0
0
0
0
0
0
0
0
0
0
0
0
0
0
0
0
0
0
0
0
0
0
0
0
0
0
0
0
0
0
0
0
0
0
0
0
0
0
0
0
0
0
17
75
10
0
0
0
0
0
0
0
0
25
43
0
0
0
0
0
0
0
80
205
24
0
0
0
0
0
0
0
0
122
227
9
0
0
0
0
0
0
68
237
56
0
0
0
0
0
0
0
0
63
221
51
0
0
0
0
0
0
26
236
97
0
0
0
0
0
0
0
0
27
213
138
0
0
0
0
0
0
28
240
179
2
0
0
0
0
0
0
0
28
216
182
2
0
0
0
0
0
28
239
188
3
0
0
0
0
0
0
0
30
219
202
7
0
0
0
0
0
12
204
190
3
0
0
0
0
0
0
0
17
208
206
10
0
0
22
36
33
45
195
191
3
0
0
0
0
0
0
0
0
140
241
150
136
168
199
220
218
224
255
184
2
0
0
0
0
0
0
0
0
34
219
235
212
175
129
131
130
130
203
238
16
0
0
0
0
0
0
0
0
0
31
42
1
0
0
0
0
0
89
249
47
0
0
0
0
0
0
0
0
0
0
0
0
0
0
0
0
0
58
236
151
0
0
0
0
0
0
0
0
0
0
0
0
0
0
0
0
0
19
212
175
0
0
0
0
0
0
0
0
0
0
0
0
0
0
0
0
0
0
169
217
33
0
0
0
0
0
0
0
0
0
0
0
0
0
0
0
0
0
98
201
53
0
0
0
0
0
0
0
0
0
0
0
0
0
0
0
0
0
0
0
0
0
0
0
0
0
0
0
0
0
0
0
0
0
0
0
0
0
0
0
0
0
0
0