0
0
0
0
0
0
0
0
0
0
0
0
0
0
0
0
0
0
0
0
0
0
0
0
0
0
0
0
0
0
0
0
0
0
0
0
0
0
0
0
0
0
0
0
0
0
0
0
0
0
0
0
0
0
0
0
0
0
0
0
0
0
0
0
0
0
0
95
96
35
0
0
0
0
0
0
0
0
0
0
0
0
0
0
0
0
0
234
255
173
0
0
0
0
0
0
0
0
0
0
0
0
0
0
0
0
0
186
255
236
75
0
0
0
0
0
0
0
0
0
0
0
0
0
0
0
0
51
233
255
216
39
0
0
0
0
0
0
0
0
0
0
0
0
0
0
0
0
140
255
239
71
0
0
0
0
0
0
0
0
0
0
0
0
0
0
0
0
109
255
255
152
2
0
0
0
0
0
0
0
0
0
0
0
0
0
0
0
56
226
255
233
46
0
0
0
0
0
0
0
0
0
0
0
0
0
0
0
5
182
255
255
124
0
0
0
0
0
0
0
0
0
0
0
0
0
0
0
0
114
254
255
126
0
0
0
0
0
0
0
0
0
0
0
0
0
0
0
0
53
246
255
125
0
0
0
0
0
0
0
0
0
0
0
0
0
0
0
0
24
212
255
121
0
0
0
0
0
0
0
0
0
0
0
0
0
0
0
0
0
99
255
194
5
0
0
0
0
0
0
0
0
0
0
0
0
0
0
0
0
48
240
238
44
0
0
0
0
0
0
0
0
0
0
0
0
0
0
0
0
12
178
255
155
4
0
0
0
0
0
0
0
0
0
0
0
0
0
0
0
0
57
209
165
16
0
0
0
0
0
0
0
0
0
0
0
0
0
0
0
0
0
0
0
0
0
0
0
0
0
0
0
0
0
0
0
0
0
0
0
0
0
0
0
0
0
0
0
0
0