0
0
0
0
0
0
0
0
0
0
0
0
0
0
0
0
0
0
0
0
0
0
0
0
0
0
0
0
0
0
0
0
0
0
0
0
0
0
0
0
0
0
0
0
0
0
0
0
0
11
32
37
18
0
0
0
0
0
0
0
0
0
0
0
0
0
0
24
98
185
247
255
127
0
0
0
0
0
0
0
0
0
0
0
0
0
8
187
251
255
255
255
158
5
0
0
0
0
0
0
0
0
0
0
0
10
167
255
255
245
207
237
255
169
17
0
0
0
0
0
0
0
0
0
4
152
255
208
109
78
23
70
205
255
158
0
0
0
0
0
0
0
0
0
48
250
239
63
0
0
0
0
34
192
255
110
0
0
0
0
0
0
0
2
149
255
127
0
0
0
0
0
0
34
210
231
46
0
0
0
0
0
0
23
212
243
62
0
0
0
0
0
0
0
95
255
159
5
0
0
0
0
0
54
235
174
0
0
0
0
0
0
0
0
3
192
252
30
0
0
0
0
0
67
244
161
0
0
0
0
0
0
0
0
0
138
255
60
0
0
0
0
0
47
229
222
41
0
0
0
0
0
0
0
0
105
255
120
0
0
0
0
0
13
202
255
92
0
0
0
0
0
0
0
0
166
255
51
0
0
0
0
0
0
119
255
224
50
0
0
0
0
0
10
137
248
125
0
0
0
0
0
0
0
17
187
255
231
94
24
0
27
55
159
240
130
0
0
0
0
0
0
0
0
0
21
155
255
255
206
164
209
248
243
94
0
0
0
0
0
0
0
0
0
0
0
7
35
37
42
47
42
39
29
0
0
0
0
0
0
0
0
0
0
0
0
0
0
0
0
0
0
0
0
0
0
0
0
0
0
0
0
0
0
0
0
0
0
0
0
0
0
0
0
0
0
0
0
0
0