0
0
0
0
0
0
0
0
0
0
0
0
0
0
0
0
0
0
0
0
0
0
0
0
0
0
0
0
0
0
0
0
0
0
0
0
0
0
0
0
0
0
0
0
0
0
0
0
11
23
0
0
0
0
0
0
0
0
0
0
0
0
0
0
0
0
0
0
108
224
45
0
0
0
0
0
0
0
0
0
0
0
0
0
0
0
0
0
126
255
103
0
0
0
0
0
0
0
0
0
0
0
0
0
0
0
0
0
121
255
141
0
0
0
0
0
0
0
0
0
0
0
0
0
0
0
0
0
78
248
210
21
0
0
0
0
0
0
0
0
0
0
0
0
0
0
0
0
50
229
233
55
0
0
0
0
0
0
0
0
0
0
0
0
0
0
0
0
6
195
255
89
0
0
0
0
0
0
0
0
0
0
0
0
0
0
0
0
19
202
255
126
0
0
0
0
0
0
0
0
0
0
0
0
0
0
0
0
59
231
255
123
0
0
0
0
0
0
0
0
0
0
0
0
0
0
0
0
45
221
255
124
0
0
0
0
0
0
0
0
0
0
0
0
0
0
0
0
0
192
246
71
0
0
0
0
0
0
0
0
0
0
0
0
0
0
0
0
0
188
249
75
0
0
0
0
0
0
0
0
0
0
0
0
0
0
0
0
0
186
255
122
0
0
0
0
0
0
0
0
0
0
0
0
0
0
0
0
0
193
255
102
0
0
0
0
0
0
0
0
0
0
0
0
0
0
0
0
0
112
193
36
0
0
0
0
0
0
0
0
0
0
0
0
0
0
0
0
0
1
18
1
0
0
0
0
0
0
0
0
0
0
0
0
0
0
0
0
0
0
0
0
0
0
0
0
0
0
0
0
0
0
0
0
0
0
0
0
0
0
0
0
0
0
0
0
0
0
0
0