0
0
0
0
0
0
0
0
0
0
0
0
0
0
0
0
0
0
0
0
0
0
0
0
0
0
0
0
0
0
0
0
0
0
0
0
0
0
0
0
0
0
0
0
0
0
0
0
0
0
0
0
0
1
16
0
0
0
0
0
0
0
0
0
0
0
0
0
0
0
0
0
0
43
185
38
0
0
0
0
0
0
0
0
0
0
0
0
0
0
0
0
0
104
255
58
0
0
0
0
0
0
0
0
0
0
0
53
168
36
0
0
12
190
231
18
0
0
0
0
0
0
0
0
0
0
0
99
255
66
0
0
85
254
132
0
0
0
0
0
0
0
0
0
0
0
0
143
255
62
0
0
182
239
46
0
0
0
0
0
0
0
0
0
0
0
33
234
200
25
0
61
245
155
4
0
0
0
0
0
0
0
0
0
0
0
95
255
126
0
9
154
243
59
0
0
0
0
0
0
0
0
0
0
0
20
193
224
41
31
175
255
186
7
0
0
0
0
0
0
0
0
0
0
0
57
249
217
150
221
255
255
76
0
0
0
0
0
0
0
0
0
0
0
0
54
240
240
225
164
233
181
8
0
0
0
0
0
0
0
0
0
0
0
0
7
76
53
0
49
248
116
0
0
0
0
0
0
0
0
0
0
0
0
0
0
0
0
0
166
224
33
0
0
0
0
0
0
0
0
0
0
0
0
0
0
0
0
31
219
153
0
0
0
0
0
0
0
0
0
0
0
0
0
0
0
0
0
65
233
47
0
0
0
0
0
0
0
0
0
0
0
0
0
0
0
0
0
11
33
0
0
0
0
0
0
0
0
0
0
0
0
0
0
0
0
0
0
0
0
0
0
0
0
0
0
0
0
0
0
0
0
0
0
0
0
0
0
0
0
0
0
0
0
0
0
0
0
0
0