0
0
0
0
0
0
0
0
0
0
0
0
0
0
0
0
0
0
0
0
0
0
0
0
0
0
0
0
0
0
0
0
0
0
0
0
0
0
0
0
0
0
0
0
0
0
0
0
0
0
0
0
0
0
0
0
0
0
0
0
0
0
0
0
0
24
100
112
114
110
109
109
114
72
1
0
0
0
0
0
0
0
0
0
1
172
255
241
169
249
255
255
255
208
30
0
0
0
0
0
0
0
0
0
74
255
217
55
0
9
10
9
9
10
3
0
0
0
0
0
0
0
0
0
62
255
117
0
0
0
0
0
0
0
0
0
0
0
0
0
0
0
0
0
4
255
109
0
12
34
12
3
0
0
0
0
0
0
0
0
0
0
0
0
10
248
199
149
187
255
194
163
79
5
0
0
0
0
0
0
0
0
0
0
9
242
255
255
240
155
109
198
181
123
10
0
0
0
0
0
0
0
0
0
0
154
255
197
46
3
0
3
4
125
190
1
0
0
0
0
0
0
0
0
0
47
153
55
0
0
0
0
0
23
162
54
0
0
0
0
0
0
0
0
0
0
2
1
0
0
0
0
0
0
92
193
20
0
0
0
0
0
0
0
0
0
0
0
0
0
0
0
0
0
106
237
63
0
0
0
0
0
0
0
0
0
0
0
0
0
0
0
0
0
124
255
114
0
0
0
0
0
0
0
0
0
81
142
134
106
45
20
34
49
176
255
95
0
0
0
0
0
0
0
0
0
64
183
216
242
234
198
219
235
255
204
30
0
0
0
0
0
0
0
0
0
0
7
17
74
109
190
225
220
213
58
0
0
0
0
0
0
0
0
0
0
0
0
0
0
0
0
0
0
0
0
0
0
0
0
0
0
0
0
0
0
0
0
0
0
0
0
0
0
0
0
0
0
0
0