0
0
0
0
0
0
0
0
0
0
0
0
0
0
0
0
0
0
0
0
0
0
0
0
0
0
0
0
0
0
0
0
0
0
0
0
0
0
0
0
0
0
0
0
0
0
0
0
0
0
0
67
185
114
6
0
0
0
0
0
0
0
0
0
0
0
0
0
0
0
85
238
231
214
32
0
0
0
0
0
0
0
0
0
0
0
0
0
0
76
234
166
43
46
2
0
0
0
0
0
0
0
0
0
0
0
0
0
16
191
194
22
0
0
0
0
0
0
0
0
0
0
0
0
0
0
0
0
122
248
66
0
0
0
0
0
0
0
0
0
0
0
0
0
0
0
0
25
245
144
0
0
0
0
0
0
0
0
0
0
0
0
0
0
0
0
0
65
245
60
0
0
0
0
0
0
0
0
0
0
0
0
0
0
0
0
0
182
187
6
0
0
0
0
0
0
0
0
0
0
0
0
0
0
0
0
38
231
117
23
67
112
122
48
0
0
0
0
0
0
0
0
0
0
0
0
106
242
177
204
188
146
165
219
109
0
0
0
0
0
0
0
0
0
0
0
135
249
133
53
12
0
0
109
245
45
0
0
0
0
0
0
0
0
0
0
153
226
0
0
0
0
0
109
224
38
0
0
0
0
0
0
0
0
0
0
70
229
61
0
0
14
117
225
91
0
0
0
0
0
0
0
0
0
0
0
0
149
214
139
170
200
191
66
0
0
0
0
0
0
0
0
0
0
0
0
0
7
82
117
111
69
14
0
0
0
0
0
0
0
0
0
0
0
0
0
0
0
0
0
0
0
0
0
0
0
0
0
0
0
0
0
0
0
0
0
0
0
0
0
0
0
0
0
0
0
0
0
0
0
0
0
0
0
0
0
0
0
0
0
0
0
0
0
0
0
0
0
0
0