0
0
0
0
0
0
0
0
0
0
0
0
0
0
0
0
0
0
0
0
0
0
0
0
0
0
0
0
0
0
0
0
0
0
0
0
0
0
0
0
0
0
0
0
0
0
0
0
0
0
0
0
0
0
0
0
0
0
0
0
0
0
0
0
0
0
0
0
0
0
0
0
0
0
0
0
0
0
0
0
0
0
0
0
0
0
0
0
0
9
43
89
120
161
113
0
0
0
0
0
0
0
0
0
0
0
0
0
58
190
255
255
240
250
255
86
0
0
0
0
0
0
0
0
0
0
0
100
238
255
194
148
71
88
216
100
0
0
0
0
0
0
0
0
0
0
70
242
254
108
10
0
0
117
244
56
0
0
0
0
0
0
0
0
0
0
158
255
207
23
0
24
130
239
233
31
0
0
0
0
0
0
0
0
0
0
109
255
249
201
186
210
255
255
107
0
0
0
0
0
0
0
0
0
0
0
16
159
221
227
246
255
255
164
8
0
0
0
0
0
0
0
0
0
0
0
0
0
34
53
214
255
203
30
0
0
0
0
0
0
0
0
0
0
0
0
0
0
0
102
255
239
69
0
0
3
7
0
0
0
0
0
0
0
0
0
0
0
71
239
253
99
0
0
0
9
25
1
0
0
0
0
0
0
0
0
0
27
207
255
171
3
0
0
0
0
0
0
0
0
0
0
0
0
0
0
23
202
255
207
22
0
0
0
0
0
0
0
0
0
0
0
0
0
0
0
141
255
239
75
0
0
0
0
0
0
0
0
0
0
0
0
0
0
0
28
216
255
140
6
0
0
0
0
0
0
0
0
0
0
0
0
0
0
0
11
113
110
8
0
0
0
0
0
0
0
0
0
0
0
0
0
0
0
0
0
0
0
0
0
0
0
0
0
0
0
0
0
0
0