0
0
0
0
0
0
0
0
0
0
0
0
0
0
0
0
0
0
0
0
0
0
0
0
0
0
0
0
0
0
0
0
0
0
0
0
0
0
0
0
0
0
0
0
0
0
0
0
0
14
64
138
219
227
153
2
0
0
0
0
0
0
0
0
0
0
0
6
107
202
254
221
181
225
249
67
0
0
0
0
0
0
0
0
0
0
0
85
213
124
75
35
0
119
255
97
0
0
0
0
0
0
0
0
0
0
0
14
28
0
0
0
0
128
255
48
0
0
0
0
0
0
0
0
0
0
0
0
0
0
0
0
18
209
224
19
0
0
0
0
0
0
0
0
0
0
0
0
0
0
0
0
36
251
165
0
0
0
0
0
0
0
0
0
0
0
0
0
0
0
0
1
154
234
58
0
0
0
0
0
0
0
0
0
0
0
0
0
0
0
0
46
244
185
11
0
0
0
0
0
0
0
0
0
0
0
0
0
0
0
48
215
235
65
0
0
0
0
0
0
0
0
0
0
0
8
16
6
0
5
188
255
110
0
0
0
0
0
0
0
0
0
0
0
70
202
208
196
175
191
255
185
3
0
0
0
0
0
0
0
0
0
0
104
243
221
123
164
255
255
255
227
131
111
102
13
0
0
0
0
0
0
19
212
228
100
116
195
255
191
137
193
217
221
170
19
0
0
0
0
0
0
13
191
255
255
242
201
117
14
0
4
5
5
2
0
0
0
0
0
0
0
0
48
109
108
73
11
0
0
0
0
0
0
0
0
0
0
0
0
0
0
0
0
0
0
0
0
0
0
0
0
0
0
0
0
0
0
0
0
0
0
0
0
0
0
0
0
0
0
0
0
0
0
0
0
0
0
0
0
0
0
0
0
0
0
0
0
0
0
0
0
0
0
0
0
0
0
0
0