0
0
0
0
0
0
0
0
0
0
0
0
0
0
0
0
0
0
0
0
0
0
0
0
0
0
0
0
0
0
0
0
0
0
0
0
0
0
0
0
0
0
0
0
0
0
6
25
8
0
0
0
0
0
0
0
0
0
0
0
0
0
0
0
0
35
167
226
172
120
89
11
0
0
0
0
0
0
0
0
0
0
0
0
0
173
255
255
255
255
255
172
15
0
0
0
0
0
0
0
0
0
0
0
59
253
255
237
215
224
255
255
138
0
0
0
0
0
0
0
0
0
0
0
79
209
146
60
30
46
184
255
222
29
0
0
0
0
0
0
0
0
0
0
6
14
35
97
170
90
153
255
233
42
0
0
0
0
0
0
0
0
0
0
0
58
203
255
255
252
251
255
232
41
0
0
0
0
0
0
0
0
0
0
4
202
255
249
233
251
253
255
229
38
0
0
0
0
0
0
0
0
0
0
116
255
255
126
30
133
253
255
200
13
0
0
3
18
0
0
0
0
0
0
187
255
185
12
0
55
248
255
226
31
0
0
112
191
52
0
0
0
0
0
183
255
121
0
44
165
254
255
248
149
43
71
225
255
141
0
0
0
0
0
184
255
208
161
224
255
255
254
255
255
233
241
255
255
129
0
0
0
0
0
174
255
255
255
255
255
119
101
227
255
255
255
255
180
41
0
0
0
0
0
39
239
255
255
221
148
11
0
28
135
213
191
118
9
0
0
0
0
0
0
0
73
149
153
44
0
0
0
0
0
30
7
0
0
0
0
0
0
0
0
0
0
0
2
0
0
0
0
0
0
0
0
0
0
0
0
0
0
0
0
0
0
0
0
0
0
0
0
0
0
0
0
0
0
0
0
0
0
0
0
0
0
0
0
0
0
0
0
0
0
0
0
0
0
0
0