0
0
0
0
0
0
0
0
0
0
0
0
0
0
0
0
0
0
0
0
0
0
0
0
0
0
0
0
0
0
0
0
0
0
0
0
0
0
0
0
0
0
0
0
0
0
0
0
0
0
0
74
182
172
54
2
0
0
0
0
0
0
0
0
0
0
0
0
0
15
140
255
181
138
194
66
0
0
0
0
0
0
0
0
0
0
0
0
11
166
255
153
11
0
34
25
0
0
0
0
0
0
0
0
0
0
0
0
87
253
176
8
0
0
0
0
0
0
0
0
0
0
0
0
0
0
0
22
211
253
61
0
0
0
0
0
0
0
0
0
0
0
0
0
0
0
0
119
255
149
0
0
0
0
0
0
0
0
0
0
0
0
0
0
0
0
36
235
217
31
0
0
0
0
0
0
0
0
0
0
0
0
0
0
0
0
146
255
122
0
4
9
8
0
0
0
0
0
0
0
0
0
0
0
0
12
187
250
93
122
208
238
233
147
17
0
0
0
0
0
0
0
0
0
0
33
214
236
134
138
119
154
244
255
88
0
0
0
0
0
0
0
0
0
0
30
212
207
13
0
0
0
150
255
105
0
0
0
0
0
0
0
0
0
0
21
200
241
45
0
0
0
165
248
68
0
0
0
0
0
0
0
0
0
0
0
129
255
192
90
78
115
236
126
0
0
0
0
0
0
0
0
0
0
0
0
18
170
246
255
255
232
126
0
0
0
0
0
0
0
0
0
0
0
0
0
0
11
69
105
100
52
0
0
0
0
0
0
0
0
0
0
0
0
0
0
0
0
0
0
0
0
0
0
0
0
0
0
0
0
0
0
0
0
0
0
0
0
0
0
0
0
0
0
0
0
0
0
0
0
0
0
0
0
0
0
0
0
0
0
0
0
0
0
0
0
0
0
0
0