0
0
0
0
0
0
0
0
0
0
0
0
0
0
0
0
0
0
0
0
0
0
0
0
0
0
0
0
0
0
0
0
0
0
0
0
0
0
0
0
0
0
0
0
0
0
0
0
0
0
0
0
0
0
0
0
0
0
0
0
0
0
0
0
0
0
0
0
0
0
0
0
0
0
0
0
27
0
0
0
0
0
0
0
0
0
0
0
0
72
108
112
173
186
184
195
218
155
0
0
0
0
0
0
0
0
0
0
87
243
255
255
234
206
197
200
161
91
0
0
0
0
0
0
0
0
0
0
155
255
226
134
51
9
0
0
0
0
0
0
0
0
0
0
0
0
3
91
215
255
179
0
0
0
0
0
0
0
0
0
0
0
0
0
0
5
135
248
255
255
238
99
0
0
0
0
0
0
0
0
0
0
0
0
0
28
210
255
220
205
224
246
147
0
0
0
0
0
0
0
0
0
0
0
0
7
87
72
16
0
54
227
241
37
0
0
0
0
0
0
0
0
0
0
0
0
0
0
0
0
13
192
251
69
0
0
0
0
0
0
0
0
0
0
17
20
0
0
0
0
66
228
225
31
0
0
0
0
0
0
0
0
0
50
200
211
131
84
34
99
229
247
110
0
0
0
0
0
0
0
0
0
0
78
250
255
255
255
222
253
255
183
12
0
0
0
0
0
0
0
0
0
0
4
92
181
195
213
220
219
194
75
0
0
0
0
0
0
0
0
0
0
0
0
0
0
10
30
33
34
24
0
0
0
0
0
0
0
0
0
0
0
0
0
0
0
0
0
0
0
0
0
0
0
0
0
0
0
0
0
0
0
0
0
0
0
0
0
0
0
0
0
0
0
0
0
0
0
0
0
0
0
0
0
0
0
0
0
0
0
0
0
0
0
0
0
0
0
0
0