0
0
0
0
0
0
0
0
0
0
0
0
0
0
0
0
0
0
0
0
0
0
0
0
0
0
0
0
0
0
0
0
0
0
0
0
0
0
0
0
0
0
0
0
0
0
0
0
0
0
0
0
0
0
0
0
0
0
0
0
0
0
0
0
0
0
0
0
0
0
0
0
0
0
0
0
0
0
0
0
0
0
0
0
0
0
0
0
71
166
193
164
70
0
0
0
0
0
0
0
0
0
0
0
0
0
0
112
255
244
223
229
241
90
0
0
0
0
0
0
0
0
0
0
0
0
86
253
193
65
30
39
207
139
0
0
0
0
0
0
0
0
0
0
0
32
219
217
21
0
0
0
176
112
0
0
0
0
0
0
0
0
0
0
0
65
255
89
0
0
0
39
228
147
0
0
0
0
0
0
0
0
0
0
0
67
255
132
25
30
108
211
255
194
19
0
0
0
0
0
0
0
0
0
0
50
227
255
243
245
251
213
241
182
11
0
0
0
0
0
0
0
0
0
0
1
46
165
189
179
87
55
229
182
7
0
0
0
0
0
0
0
0
0
0
0
0
7
12
9
0
106
255
115
0
0
0
0
0
0
0
0
0
0
0
0
0
0
0
0
20
195
238
33
0
0
0
0
0
0
0
0
0
0
0
0
0
0
0
0
53
249
201
2
0
0
0
0
0
0
0
0
0
0
0
0
0
0
0
0
94
255
87
0
0
0
0
0
0
0
0
0
0
0
0
0
0
0
0
4
199
251
40
0
0
0
0
0
0
0
0
0
0
0
0
0
0
0
0
5
216
244
27
0
0
0
0
0
0
0
0
0
0
0
0
0
0
0
0
0
83
106
7
0
0
0
0
0
0
0
0
0
0
0
0
0
0
0
0
0
0
0
0
0
0
0
0
0
0
0