0
0
0
0
0
0
0
0
0
0
0
0
0
0
0
0
0
0
0
0
0
0
0
0
0
0
0
0
0
0
0
0
0
0
0
0
0
0
0
0
0
0
0
0
0
0
0
0
0
0
0
0
0
0
0
0
0
0
0
0
0
0
0
0
0
0
0
0
0
0
0
0
0
0
64
78
2
0
0
0
0
0
0
0
0
0
0
0
0
3
9
38
38
34
210
182
0
0
0
0
0
0
0
0
0
0
0
0
106
199
212
234
232
174
244
129
0
0
0
0
0
0
0
0
0
0
0
77
226
224
173
79
127
255
244
36
0
0
0
0
0
0
0
0
0
0
0
133
255
102
0
10
156
255
136
0
0
0
0
0
0
0
0
0
0
0
0
47
223
200
50
172
255
134
7
0
0
0
0
0
0
0
0
0
0
0
0
13
190
252
223
255
173
17
0
0
0
0
0
0
0
0
0
0
0
0
0
5
181
255
255
177
33
0
0
0
0
0
0
0
0
0
0
0
0
0
0
98
243
255
241
66
0
0
0
0
0
0
0
0
0
0
0
0
0
0
80
245
220
165
241
80
0
0
0
0
0
0
0
0
0
0
0
0
0
54
226
186
34
111
231
58
0
0
0
0
0
0
0
0
0
0
0
0
0
153
241
25
27
212
224
38
0
0
0
0
0
0
0
0
0
0
0
0
1
171
216
70
185
220
84
0
0
0
0
0
0
0
0
0
0
0
0
0
0
164
242
242
233
68
0
0
0
0
0
0
0
0
0
0
0
0
0
0
0
46
180
181
68
0
0
0
0
0
0
0
0
0
0
0
0
0
0
0
0
0
0
0
0
0
0
0
0
0
0
0
0
0
0
0
0
0
0
0
0
0
0
0
0
0
0
0
0
0
0
0
0
0
0
0