0
0
0
0
0
0
0
0
0
0
0
0
0
0
0
0
0
0
0
0
0
0
0
0
0
0
0
0
0
0
0
0
0
0
0
0
0
0
0
0
0
0
0
0
0
0
0
0
0
0
0
0
0
0
0
0
0
0
0
0
0
0
0
0
0
0
0
0
0
0
0
0
0
0
0
0
0
0
0
0
0
0
0
0
0
0
0
0
0
39
155
195
104
4
0
0
0
0
0
0
0
0
0
0
0
0
0
0
78
220
212
177
237
100
0
0
0
0
0
0
0
0
0
0
0
0
0
94
232
159
31
0
146
153
0
0
0
0
0
0
0
0
0
0
0
0
51
240
196
16
0
0
87
193
16
0
0
0
0
0
0
0
0
0
0
0
47
244
183
6
0
7
145
217
33
0
0
0
0
0
0
0
0
0
0
0
0
110
240
164
155
188
249
146
0
0
0
0
0
0
0
0
0
0
0
0
0
3
85
143
140
227
241
70
0
0
0
0
0
0
0
0
0
0
0
0
0
0
0
0
38
234
186
0
0
0
0
0
0
0
0
0
0
0
0
0
0
0
0
0
95
255
100
0
0
0
0
0
0
0
0
0
0
0
0
0
0
0
0
24
210
195
11
0
0
0
0
0
0
0
0
0
0
0
0
0
0
0
0
99
255
135
0
0
0
0
0
0
0
0
0
0
0
0
0
0
0
0
27
208
202
10
0
0
0
0
0
0
0
0
0
0
0
0
0
0
0
3
146
255
119
0
0
0
0
0
0
0
0
0
0
0
0
0
0
0
0
19
220
198
11
0
0
0
0
0
0
0
0
0
0
0
0
0
0
0
0
10
122
61
0
0
0
0
0
0
0
0
0
0
0
0
0
0
0
0
0
0
0
0
0
0
0
0
0
0
0
0
0
0