0
0
0
0
0
0
0
0
0
0
0
0
0
0
0
0
0
0
0
0
0
0
0
0
0
0
0
0
0
0
0
0
0
0
0
0
0
0
0
0
0
0
0
0
0
0
0
0
0
0
0
0
0
0
0
0
0
0
0
0
0
0
0
0
0
0
0
0
0
0
0
0
0
0
0
0
0
0
0
0
0
0
0
0
0
22
153
194
190
190
175
111
14
0
0
0
0
0
0
0
0
0
0
0
0
40
184
213
209
219
251
255
145
0
0
0
0
0
0
0
0
0
0
0
0
0
8
16
14
24
96
238
224
10
0
0
0
0
0
0
0
0
0
0
0
0
0
0
0
0
81
255
211
7
0
0
0
0
0
0
0
0
0
0
0
0
0
0
0
3
212
252
93
0
0
0
0
0
0
0
0
0
0
0
0
0
0
0
0
46
247
204
15
0
0
0
0
0
0
0
0
0
0
0
0
0
0
0
17
166
248
95
0
0
0
0
0
0
0
0
0
0
0
0
0
0
0
0
116
255
227
70
0
0
0
0
0
0
0
0
0
0
0
0
0
0
0
3
146
245
240
226
57
0
0
0
0
0
0
0
0
0
0
0
0
0
0
0
15
50
104
255
162
0
0
0
0
0
0
0
0
0
0
0
0
0
0
0
0
0
126
255
135
0
0
0
0
0
0
0
0
0
0
0
0
0
0
0
0
58
244
234
45
0
0
0
0
0
0
0
0
0
0
0
0
0
0
9
94
203
255
139
0
0
0
0
0
0
0
0
0
0
0
0
0
0
0
29
240
253
137
12
0
0
0
0
0
0
0
0
0
0
0
0
0
0
0
10
111
91
2
0
0
0
0
0
0
0
0
0
0
0
0
0
0
0
0
0
0
0
0
0
0
0
0
0
0
0
0
0