0
0
0
0
0
0
0
0
0
0
0
0
0
0
0
0
0
0
0
0
0
0
0
0
0
0
0
0
0
0
0
0
0
0
0
0
0
0
0
0
0
0
0
0
0
0
0
0
0
0
27
15
0
0
0
0
0
0
0
0
0
0
0
0
0
0
0
0
0
40
235
109
0
0
0
0
0
0
0
0
0
0
0
0
0
0
0
0
0
103
229
52
0
0
0
0
0
0
0
0
0
0
0
0
0
0
0
0
10
195
192
0
0
0
0
0
0
0
0
0
0
0
0
0
0
0
0
0
75
249
150
0
0
0
0
0
0
0
0
0
0
0
0
0
0
0
0
0
94
252
67
0
0
0
0
0
0
0
0
0
0
0
0
0
0
0
0
0
92
246
30
0
0
0
0
0
0
0
0
0
0
0
0
0
0
0
0
0
92
253
89
0
0
0
0
0
0
0
0
0
0
0
0
0
0
0
0
0
92
255
101
0
0
0
0
0
0
0
0
0
0
0
0
0
0
0
0
0
93
255
151
0
0
0
0
0
0
0
0
0
0
0
0
0
0
0
0
0
56
241
189
0
0
0
0
0
0
0
0
0
0
0
0
0
0
0
0
0
30
211
191
0
0
0
0
0
0
0
0
0
0
0
0
0
0
0
0
0
1
115
216
33
0
0
0
0
0
0
0
0
0
0
0
0
0
0
0
0
0
42
252
135
20
0
0
0
0
0
0
0
0
0
0
0
0
0
0
0
0
0
171
255
89
0
0
0
0
0
0
0
0
0
0
0
0
0
0
0
0
0
11
38
9
0
0
0
0
0
0
0
0
0
0
0
0
0
0
0
0
0
0
0
0
0
0
0
0
0
0
0
0
0
0
0
0
0
0
0
0
0
0
0
0
0
0
0
0
0
0
0