0
0
0
0
0
0
0
0
0
0
0
0
0
0
0
0
0
0
0
0
0
0
0
0
0
0
0
0
0
0
0
0
0
0
0
0
0
0
0
0
0
0
0
0
0
0
0
0
0
0
0
22
19
0
0
0
0
0
0
0
0
0
0
0
0
0
0
0
0
0
45
222
184
0
0
0
0
0
0
0
0
0
0
0
0
0
0
0
0
0
149
255
221
0
0
0
0
0
0
0
0
0
0
0
0
0
0
0
0
35
246
184
173
11
0
0
0
0
0
0
0
0
0
0
0
0
0
0
0
96
253
103
29
12
0
0
0
0
0
0
0
0
0
0
0
0
0
0
16
204
203
11
0
0
0
0
0
0
0
0
0
0
0
0
0
0
0
0
91
254
96
12
6
0
0
0
0
0
0
0
0
0
0
0
0
0
0
0
115
255
192
207
169
16
0
0
0
0
0
0
0
0
0
0
0
0
0
11
181
255
225
170
225
66
0
0
0
0
0
0
0
0
0
0
0
0
0
38
252
232
44
9
203
59
0
0
0
0
0
0
0
0
0
0
0
0
0
43
255
181
0
92
216
27
0
0
0
0
0
0
0
0
0
0
0
0
0
43
255
133
40
224
130
0
0
0
0
0
0
0
0
0
0
0
0
0
0
39
255
213
209
191
21
0
0
0
0
0
0
0
0
0
0
0
0
0
0
1
150
255
198
42
0
0
0
0
0
0
0
0
0
0
0
0
0
0
0
0
35
190
216
110
4
0
0
0
0
0
0
0
0
0
0
0
0
0
0
0
0
14
40
24
1
0
0
0
0
0
0
0
0
0
0
0
0
0
0
0
0
0
0
0
0
0
0
0
0
0
0
0
0
0
0
0
0
0
0
0
0
0
0
0
0
0
0
0
0
0
0
0