0
0
0
0
0
0
0
0
0
0
0
0
0
0
0
0
0
0
0
0
0
0
0
0
0
0
0
0
0
0
0
0
0
0
0
0
0
0
0
0
0
0
0
0
0
0
0
0
0
0
0
0
0
0
0
0
0
0
0
0
0
0
0
0
0
0
0
0
0
0
0
0
11
61
14
0
0
0
0
0
0
0
0
0
0
0
30
66
0
0
0
0
54
200
30
0
0
0
0
0
0
0
0
0
0
0
33
201
40
0
0
0
118
183
8
0
0
0
0
0
0
0
0
0
0
0
59
226
70
0
0
0
185
152
0
0
0
0
0
0
0
0
0
0
0
0
114
226
21
0
0
28
229
119
0
0
0
0
0
0
0
0
0
0
0
9
177
156
1
14
0
60
231
81
0
0
0
0
0
0
0
0
0
0
0
51
244
210
187
204
168
187
252
118
0
0
0
0
0
0
0
0
0
0
0
46
193
200
173
136
141
231
255
98
0
0
0
0
0
0
0
0
0
0
0
0
6
8
0
0
5
185
186
1
0
0
0
0
0
0
0
0
0
0
0
0
0
0
0
0
27
208
136
0
0
0
0
0
0
0
0
0
0
0
0
0
0
0
0
0
26
208
90
0
0
0
0
0
0
0
0
0
0
0
0
0
0
0
0
0
51
230
62
0
0
0
0
0
0
0
0
0
0
0
0
0
0
0
0
0
119
204
15
0
0
0
0
0
0
0
0
0
0
0
0
0
0
0
0
23
202
157
1
0
0
0
0
0
0
0
0
0
0
0
0
0
0
0
0
95
191
42
0
0
0
0
0
0
0
0
0
0
0
0
0
0
0
0
0
0
0
0
0
0
0
0
0
0
0
0
0
0
0
0
0
0
0
0
0
0
0
0
0
0
0
0
0
0
0
0