0
0
0
0
0
0
0
0
0
0
0
0
0
0
0
0
0
0
0
0
0
0
0
0
0
0
0
0
0
0
0
0
0
0
0
0
0
0
0
0
0
0
0
0
0
0
43
138
0
0
0
0
0
0
0
0
0
0
0
0
0
0
0
0
0
0
132
188
0
0
0
0
0
0
0
0
0
0
0
0
0
0
0
0
0
21
197
103
0
0
0
0
0
0
0
0
0
0
0
0
0
0
0
0
0
52
247
38
0
0
0
0
0
0
0
0
0
0
0
0
0
0
0
0
0
83
244
28
0
0
0
10
82
120
134
59
0
0
0
0
0
0
0
0
0
130
213
18
0
15
124
211
195
165
192
199
55
0
0
0
0
0
0
0
0
156
223
15
36
201
199
106
9
0
0
91
207
25
0
0
0
0
0
0
0
130
207
52
199
184
18
0
0
0
0
23
208
89
0
0
0
0
0
0
0
109
235
225
200
28
0
0
0
0
0
0
170
121
0
0
0
0
0
0
0
60
255
225
42
0
0
0
0
0
0
42
221
54
0
0
0
0
0
0
0
50
241
156
0
0
0
0
0
0
10
163
201
11
0
0
0
0
0
0
0
69
255
234
109
40
12
3
17
86
198
213
46
0
0
0
0
0
0
0
0
66
255
158
233
226
198
190
203
213
136
37
0
0
0
0
0
0
0
0
0
23
177
195
212
174
114
118
82
8
0
0
0
0
0
0
0
0
0
0
0
0
23
77
76
12
0
0
0
0
0
0
0
0
0
0
0
0
0
0
0
0
0
0
0
0
0
0
0
0
0
0
0
0
0
0
0
0
0
0
0
0
0
0
0
0
0
0
0
0
0
0
0
0
0
0
0
0
0
0
0
0
0
0
0
0
0
0
0
0
0
0
0
0
0
0