0
0
0
0
0
0
0
0
0
0
0
0
0
0
0
0
0
0
0
0
0
0
0
0
0
0
0
0
0
0
0
0
0
0
0
0
0
0
0
0
0
0
0
0
0
0
0
1
28
13
0
0
0
0
0
29
15
0
0
0
0
0
0
0
0
0
0
22
222
133
0
0
0
0
39
244
109
0
0
0
0
0
0
0
0
0
0
121
255
154
0
0
0
7
167
237
59
0
0
0
0
0
0
0
0
0
40
229
248
68
0
0
0
15
211
178
0
0
0
0
0
0
0
0
0
5
158
255
145
0
0
0
0
13
206
170
0
0
0
0
0
0
0
0
0
73
247
188
19
0
0
0
0
30
219
172
0
0
0
0
0
0
0
0
17
209
255
75
0
0
0
0
0
77
250
145
0
0
0
0
0
0
0
9
156
255
141
4
0
0
0
0
0
133
255
81
0
0
0
0
0
0
0
56
238
243
77
17
36
21
19
0
36
232
232
30
0
0
0
0
0
0
0
105
255
241
197
203
216
196
191
143
183
251
224
20
0
0
0
0
0
0
0
96
255
255
255
255
255
255
255
255
255
255
225
43
0
0
0
0
0
0
0
22
95
106
105
105
105
105
103
121
232
250
92
0
0
0
0
0
0
0
0
0
0
0
0
0
0
0
0
30
229
234
43
0
0
0
0
0
0
0
0
0
0
0
0
0
0
0
0
83
252
157
3
0
0
0
0
0
0
0
0
0
0
0
0
0
0
0
0
89
234
57
0
0
0
0
0
0
0
0
0
0
0
0
0
0
0
0
0
4
27
0
0
0
0
0
0
0
0
0
0
0
0
0
0
0
0
0
0
0
0
0
0
0
0
0
0
0
0
0
0
0
0
0
0
0
0
0
0
0
0
0
0
0
0
0
0
0