0
0
0
0
0
0
0
0
0
0
0
0
0
0
0
0
0
0
0
0
0
0
0
0
0
0
0
0
0
0
0
0
0
0
0
0
0
0
0
0
0
0
0
0
0
0
0
0
0
0
0
0
0
0
0
0
0
0
0
0
0
0
0
0
0
0
0
0
47
93
67
6
0
0
0
0
0
0
0
0
0
0
0
0
0
0
27
173
229
255
234
59
0
0
0
0
0
0
0
0
0
0
0
0
0
0
142
255
251
250
255
151
61
28
0
0
0
0
0
0
0
0
0
0
0
0
149
255
222
232
255
255
255
135
0
0
0
0
0
0
0
0
0
0
0
0
70
244
255
251
255
254
255
169
1
0
0
0
0
0
0
0
0
0
0
0
0
108
249
255
254
255
218
56
0
0
0
0
0
0
0
0
0
0
0
0
0
0
138
255
255
255
180
19
0
0
0
0
0
0
0
0
0
0
0
0
0
22
198
255
218
238
255
148
0
0
0
0
0
0
0
0
0
0
0
0
0
162
255
226
39
87
254
214
30
0
0
0
0
0
0
0
0
0
0
0
5
229
255
81
0
0
205
255
113
0
0
0
0
0
0
0
0
0
0
0
72
250
207
25
0
0
121
255
162
0
0
0
0
0
0
0
0
0
0
0
67
249
211
23
0
0
194
255
125
0
0
0
0
0
0
0
0
0
0
0
0
215
255
120
57
144
255
225
40
0
0
0
0
0
0
0
0
0
0
0
0
71
198
255
255
255
255
136
0
0
0
0
0
0
0
0
0
0
0
0
0
0
28
184
228
168
77
10
0
0
0
0
0
0
0
0
0
0
0
0
0
0
0
0
0
0
0
0
0
0
0
0
0
0
0
0
0
0
0
0
0
0
0
0
0
0
0
0
0
0
0
0
0
0