0
0
0
0
0
0
0
0
0
0
0
0
0
0
0
0
0
0
0
0
0
0
0
0
0
0
0
0
0
0
0
0
0
0
0
0
0
0
0
0
0
0
0
0
0
0
0
0
0
0
0
0
0
0
0
0
0
0
0
0
0
0
0
0
0
0
0
0
0
0
18
97
103
23
0
0
0
0
0
0
0
0
0
0
0
0
0
0
0
59
164
255
255
164
14
0
0
0
0
0
0
0
0
0
0
0
0
18
153
242
255
252
252
255
170
22
0
0
0
0
0
0
0
0
0
0
0
113
255
253
252
250
250
252
255
128
0
0
0
0
0
0
0
0
0
0
68
232
255
253
253
252
255
255
255
184
9
0
0
0
0
0
0
0
0
0
149
255
251
252
253
255
206
167
237
243
91
0
0
0
0
0
0
0
0
67
220
255
184
130
248
202
38
18
204
255
144
0
0
0
0
0
0
0
29
223
255
229
35
0
59
30
0
21
207
252
104
0
0
0
0
0
0
11
144
255
255
236
46
0
0
0
0
18
204
255
155
1
0
0
0
0
0
125
255
255
222
238
189
40
0
0
17
124
253
216
62
0
0
0
0
0
1
153
255
192
50
66
86
40
0
0
146
255
226
59
0
0
0
0
0
0
1
152
255
111
0
0
0
0
45
170
254
176
34
0
0
0
0
0
0
0
1
152
255
208
103
53
57
61
204
255
156
39
0
0
0
0
0
0
0
0
0
76
195
255
255
250
251
255
238
110
6
0
0
0
0
0
0
0
0
0
0
0
40
209
218
217
220
151
71
4
0
0
0
0
0
0
0
0
0
0
0
0
0
0
0
0
0
0
0
0
0
0
0
0
0
0
0
0
0
0
0
0
0
0
0
0
0
0
0
0
0
0
0
0
0
0
0
0