0
0
0
0
0
0
0
0
0
0
0
0
0
0
0
0
0
0
0
0
0
0
0
0
0
0
0
0
0
0
0
0
0
0
0
0
0
0
0
0
0
0
0
0
10
30
32
25
14
1
0
0
0
0
0
0
0
0
0
0
0
0
0
20
158
244
249
226
192
153
43
0
0
0
0
0
0
0
0
0
0
0
9
159
255
234
216
249
255
255
177
4
0
0
0
0
0
0
0
0
0
0
19
202
221
60
13
43
113
255
205
9
0
0
0
0
0
0
0
0
0
0
5
57
39
0
0
1
168
255
161
0
0
0
0
0
0
0
0
0
0
0
0
0
0
37
101
204
255
255
212
128
52
7
0
0
0
0
0
0
0
0
0
0
15
218
255
255
250
245
255
255
255
171
71
9
0
0
0
0
0
0
0
0
9
166
209
159
71
54
89
122
199
255
248
147
8
0
0
0
0
0
0
0
0
3
5
0
0
0
0
0
16
117
234
255
100
0
0
0
0
0
0
0
0
0
0
0
0
0
0
0
0
0
96
249
227
24
0
0
0
0
0
0
0
0
0
0
0
0
0
0
0
0
1
208
255
37
0
0
0
0
0
0
42
69
3
0
0
0
0
0
0
0
23
219
255
37
0
0
0
0
0
0
53
227
175
68
29
3
0
0
4
67
190
255
221
23
0
0
0
0
0
0
0
121
236
255
241
210
143
124
201
251
255
220
68
0
0
0
0
0
0
0
0
0
59
115
138
201
255
255
228
186
134
55
0
0
0
0
0
0
0
0
0
0
0
0
0
16
36
37
24
12
0
0
0
0
0
0
0
0
0
0
0
0
0
0
0
0
0
0
0
0
0
0
0
0
0
0
0
0
0
0
0
0
0
0
0
0
0
0
0
0
0
0
0
0
0
0