0
0
0
0
0
0
0
0
0
0
0
0
0
0
0
0
0
0
0
0
0
0
0
0
0
0
0
0
0
0
0
0
0
0
0
0
0
0
0
0
0
0
0
0
0
0
0
0
0
5
33
24
0
0
0
0
0
0
0
0
0
0
0
0
0
0
0
0
10
149
255
228
65
0
0
0
0
0
0
0
0
0
0
0
0
0
0
5
159
207
121
212
218
33
0
0
0
0
0
0
0
0
0
0
0
0
0
111
229
57
0
125
255
170
11
0
0
0
0
0
0
0
0
0
0
0
41
212
63
0
0
116
255
210
28
0
0
0
0
0
0
0
0
0
0
0
111
193
0
0
0
171
255
238
66
0
0
0
0
0
0
0
0
0
0
14
194
128
0
0
120
231
110
208
158
0
0
0
0
0
0
0
0
0
0
36
203
57
0
3
119
90
7
167
206
4
0
0
0
0
0
0
0
0
0
121
221
21
0
0
0
0
0
149
210
5
0
0
0
0
0
0
0
0
5
209
193
13
0
0
0
0
3
161
176
1
0
0
0
0
0
0
0
0
4
208
157
1
0
0
0
0
17
224
125
0
0
0
0
0
0
0
0
0
5
210
169
3
0
0
0
0
114
229
53
0
0
0
0
0
0
0
0
0
0
153
224
46
0
0
9
108
248
128
0
0
0
0
0
0
0
0
0
0
0
43
231
232
150
148
196
255
177
11
0
0
0
0
0
0
0
0
0
0
0
5
96
193
228
255
212
111
16
0
0
0
0
0
0
0
0
0
0
0
0
0
0
13
24
34
19
0
0
0
0
0
0
0
0
0
0
0
0
0
0
0
0
0
0
0
0
0
0
0
0
0
0
0
0
0
0
0
0
0
0
0
0
0
0
0
0
0
0
0
0
0
0
0
0
0