0
0
0
0
0
0
0
0
0
0
0
0
0
0
0
0
0
0
0
0
0
0
0
0
0
0
0
0
0
0
0
0
0
0
0
0
0
0
0
0
0
0
0
0
0
0
0
0
0
0
0
0
0
0
0
0
0
0
0
0
0
0
0
0
0
0
0
0
0
0
8
62
92
117
76
1
0
0
0
0
0
0
0
0
0
0
0
0
0
65
192
236
201
178
215
26
0
0
0
0
0
0
0
0
0
0
0
0
51
226
213
89
1
70
153
7
0
0
0
0
0
0
0
0
0
0
0
0
101
255
60
0
0
27
87
9
0
0
0
0
0
0
0
0
0
0
0
0
36
218
104
0
71
173
143
12
0
0
0
0
0
0
0
0
0
0
0
0
0
150
215
99
169
80
1
0
0
0
0
0
0
0
0
0
0
0
0
0
47
199
255
122
7
0
0
0
0
0
0
0
0
0
0
0
0
0
0
60
216
235
239
100
0
0
0
0
0
0
0
0
0
0
0
0
0
0
13
200
231
65
160
123
0
0
0
0
0
0
0
0
0
0
0
0
0
0
72
245
115
0
94
139
0
0
0
0
0
0
0
0
0
0
0
0
0
0
133
241
45
0
131
152
0
0
0
0
0
0
0
0
0
0
0
0
0
0
145
234
29
0
198
130
0
0
0
0
0
0
0
0
0
0
0
0
0
0
133
250
76
31
228
93
0
0
0
0
0
0
0
0
0
0
0
0
0
0
31
227
204
190
194
17
0
0
0
0
0
0
0
0
0
0
0
0
0
0
0
71
203
186
39
0
0
0
0
0
0
0
0
0
0
0
0
0
0
0
0
0
0
0
0
0
0
0
0
0
0
0
0
0
0
0
0
0
0
0
0
0
0
0
0
0
0
0
0
0
0
0
0
0