0
0
0
0
0
0
0
0
0
0
0
0
0
0
0
0
0
0
0
0
0
0
0
0
0
0
0
0
0
0
0
0
0
0
0
0
0
0
0
0
0
0
0
0
0
0
0
0
0
0
0
0
0
0
0
0
0
0
0
0
0
0
0
0
0
0
0
0
0
0
0
0
0
0
0
0
0
0
0
0
0
0
0
0
0
0
4
39
72
82
176
148
160
74
0
0
0
0
0
0
0
0
0
0
2
131
195
245
253
255
255
255
255
255
163
25
0
0
0
0
0
0
0
14
137
255
250
241
219
174
169
169
224
252
255
210
67
0
0
0
0
0
0
89
255
189
90
76
58
11
7
3
23
173
255
255
107
0
0
0
0
0
0
71
124
29
179
247
199
24
0
5
86
210
255
183
16
0
0
0
0
0
0
1
0
15
145
255
251
152
93
167
250
255
195
55
0
0
0
0
0
0
0
0
0
0
7
166
250
255
253
255
216
112
16
0
0
0
0
0
0
0
0
0
0
0
0
108
248
255
254
255
79
0
0
0
0
0
0
0
0
0
0
0
0
0
41
227
255
210
244
255
92
0
0
0
0
0
0
0
0
0
0
0
0
26
178
250
138
29
204
255
183
10
0
0
0
0
0
0
0
0
0
0
0
82
255
219
21
0
175
255
243
77
0
0
0
0
0
0
0
0
0
0
0
85
255
226
132
24
119
255
251
95
0
0
0
0
0
0
0
0
0
0
0
39
218
240
234
181
207
255
221
45
0
0
0
0
0
0
0
0
0
0
0
0
35
124
219
245
255
214
59
0
0
0
0
0
0
0
0
0
0
0
0
0
0
4
71
53
120
23
0
0
0
0
0
0
0
0
0
0
0
0
0
0
0
0
0
0
0
0
0
0
0
0
0
0
0
0