0
0
0
0
0
0
0
0
0
0
0
0
0
0
0
0
0
0
0
0
0
0
0
0
0
0
0
0
0
0
0
0
0
0
0
0
0
0
0
0
0
0
0
0
0
0
0
0
0
20
38
39
39
38
18
0
0
0
0
0
0
0
0
0
0
0
0
0
50
220
255
242
243
255
202
32
0
0
0
0
0
0
0
0
0
0
0
0
39
111
80
49
48
110
238
74
0
0
0
0
0
0
0
0
0
0
0
0
0
0
0
0
0
101
252
61
0
0
0
0
0
0
0
0
0
0
0
0
0
0
0
0
78
233
176
11
0
0
0
0
0
0
0
0
0
0
0
5
44
38
70
164
237
200
31
0
0
0
0
0
0
0
0
0
0
0
0
75
251
247
253
222
128
27
0
0
0
0
0
0
0
0
0
0
0
0
0
30
160
217
255
192
12
0
0
0
0
0
0
0
0
0
0
0
0
0
0
0
0
12
121
246
153
9
0
0
0
0
0
0
0
0
0
0
0
0
0
0
0
0
0
117
244
81
0
0
0
0
0
0
0
0
0
0
0
0
0
0
0
0
0
23
223
102
0
0
0
0
0
0
0
0
0
0
75
92
0
0
0
0
0
120
250
86
0
0
0
0
0
0
0
0
0
0
152
252
100
3
0
14
110
247
163
12
0
0
0
0
0
0
0
0
0
0
71
221
255
184
166
223
255
184
27
0
0
0
0
0
0
0
0
0
0
0
0
52
211
255
218
179
102
21
0
0
0
0
0
0
0
0
0
0
0
0
0
0
19
35
21
9
0
0
0
0
0
0
0
0
0
0
0
0
0
0
0
0
0
0
0
0
0
0
0
0
0
0
0
0
0
0
0
0
0
0
0
0
0
0
0
0
0
0
0
0
0
0
0
0
0
0