0
0
0
0
0
0
0
0
0
0
0
0
0
0
0
0
0
0
0
0
0
0
0
0
0
0
0
0
0
0
0
0
0
0
0
0
0
0
0
0
0
0
0
0
0
0
0
0
0
0
0
0
0
0
0
0
0
0
0
0
0
0
0
0
0
0
0
0
0
0
0
0
64
65
0
0
0
0
0
0
0
0
0
0
0
0
0
0
0
0
0
37
222
127
0
0
0
0
0
0
0
0
0
0
0
0
0
0
0
0
0
154
239
33
0
0
0
0
0
0
0
0
0
0
0
0
0
0
0
0
34
222
192
0
0
0
0
0
0
0
0
0
0
0
0
0
0
0
0
0
101
255
87
0
0
0
0
0
0
0
0
0
0
0
0
0
0
0
0
5
179
202
14
0
0
0
0
0
0
0
0
0
0
0
0
0
0
0
0
44
247
114
0
0
0
0
0
0
0
0
0
0
0
0
0
0
0
0
0
136
227
41
0
0
0
0
0
0
0
0
0
0
0
0
0
0
0
0
18
216
174
0
0
0
0
0
0
0
0
0
0
0
0
0
0
0
0
0
101
244
57
0
0
0
0
0
0
0
0
0
0
0
0
0
0
0
0
16
210
166
0
0
0
0
0
0
0
0
0
0
0
0
0
0
0
0
0
60
245
61
0
0
0
0
0
0
0
0
0
0
0
0
0
0
0
0
0
170
163
0
0
0
0
0
0
0
0
0
0
0
0
0
0
0
0
0
51
219
62
0
0
0
0
0
0
0
0
0
0
0
0
0
0
0
0
3
139
132
0
0
0
0
0
0
0
0
0
0
0
0
0
0
0
0
0
0
0
0
0
0
0
0
0
0
0
0
0
0
0
0
0
0
0
0
0
0
0
0
0
0
0
0
0
0
0
0
0
0
0
0