0
0
0
0
0
0
0
0
0
0
0
0
0
0
0
0
0
0
0
0
0
0
0
0
0
0
0
0
0
0
0
0
0
0
0
0
0
0
0
0
0
0
0
0
0
0
0
0
0
0
0
0
0
28
38
26
1
0
0
0
0
0
0
0
0
0
0
0
0
0
0
19
127
237
255
237
79
0
0
0
0
0
0
0
0
0
0
0
0
0
38
192
254
243
169
203
193
17
0
0
0
0
0
0
0
0
0
0
0
61
220
255
220
68
0
103
252
43
0
0
0
0
0
0
0
0
0
0
65
230
230
141
176
81
0
105
214
19
0
0
0
0
0
0
0
0
0
42
232
241
81
0
19
20
0
114
192
12
0
0
0
0
0
0
0
0
13
182
253
108
0
0
0
0
4
188
139
0
0
0
0
0
0
0
0
0
132
255
120
2
0
0
0
0
24
239
116
0
0
0
0
0
0
0
0
107
255
163
0
0
0
0
0
0
119
216
36
0
0
0
0
0
0
0
37
227
208
25
0
0
0
0
0
44
219
129
0
0
0
0
0
0
0
0
142
255
99
0
0
0
0
0
32
194
209
21
0
0
0
0
0
0
0
23
215
214
24
0
0
0
0
19
182
227
59
0
0
0
0
0
0
0
0
57
241
200
6
0
0
10
72
207
217
56
0
0
0
0
0
0
0
0
0
27
193
244
140
112
140
213
250
189
63
0
0
0
0
0
0
0
0
0
0
0
40
190
255
255
255
206
104
9
0
0
0
0
0
0
0
0
0
0
0
0
0
13
35
36
34
17
0
0
0
0
0
0
0
0
0
0
0
0
0
0
0
0
0
0
0
0
0
0
0
0
0
0
0
0
0
0
0
0
0
0
0
0
0
0
0
0
0
0
0
0
0
0
0
0
0
0