0
0
0
0
0
0
0
0
0
0
0
0
0
0
0
0
0
0
0
0
0
0
0
0
0
0
0
0
0
0
0
0
0
0
0
0
0
0
0
0
0
0
0
0
0
0
0
0
0
0
0
0
0
0
0
0
0
0
0
0
0
0
0
0
0
0
30
83
86
70
17
0
0
0
0
0
0
0
0
0
0
0
0
0
0
87
227
255
255
244
212
163
60
0
0
0
0
0
0
0
0
0
0
0
0
103
202
184
136
134
205
251
246
127
26
0
0
0
0
0
0
0
0
0
0
0
0
0
0
0
8
66
155
255
176
2
0
0
0
0
0
0
0
0
0
2
44
47
25
26
20
48
157
255
182
3
0
0
0
0
0
0
0
0
0
31
213
255
234
234
231
249
255
142
12
0
0
0
0
0
0
0
0
0
0
9
80
131
153
176
206
231
247
194
103
1
0
0
0
0
0
0
0
0
0
0
0
0
0
2
4
13
124
213
255
163
21
0
0
0
0
0
0
20
81
57
0
0
0
0
0
0
0
29
107
235
167
8
0
0
0
0
25
218
168
28
0
0
0
0
0
0
0
0
8
186
255
34
0
0
0
0
35
255
222
100
42
22
0
2
23
36
75
125
197
255
166
10
0
0
0
0
4
123
244
255
230
215
187
200
216
226
244
255
214
98
18
0
0
0
0
0
0
0
44
124
177
193
223
204
188
190
125
43
15
0
0
0
0
0
0
0
0
0
0
0
0
0
34
9
0
0
0
0
0
0
0
0
0
0
0
0
0
0
0
0
0
0
0
0
0
0
0
0
0
0
0
0
0
0
0
0
0
0
0
0
0
0
0
0
0
0
0
0
0
0
0
0
0
0
0
0
0
0
0
0
0
0
0
0
0
0
0
0
0
0
0
0
0
0