0
0
0
0
0
0
0
0
0
0
0
0
0
0
0
0
0
0
0
0
0
0
0
0
0
0
0
0
0
0
0
0
0
0
0
0
0
0
0
0
0
0
0
0
0
0
0
0
1
92
194
53
0
0
0
0
0
0
0
0
0
0
0
0
0
0
0
0
1
178
255
95
0
0
0
0
0
0
0
0
0
0
0
0
0
0
0
0
0
82
255
162
3
0
0
0
0
0
0
0
0
0
0
0
0
0
0
0
0
6
218
251
92
0
0
0
0
0
0
0
0
0
0
0
0
0
0
0
0
0
127
255
173
0
0
0
0
0
0
0
0
0
0
0
0
0
0
0
0
0
49
237
171
0
0
0
0
0
0
0
0
0
0
0
0
0
0
0
0
0
44
234
173
0
0
0
0
0
0
0
0
0
0
0
0
0
0
0
0
0
44
237
161
0
0
0
0
0
0
0
0
0
0
0
0
0
0
0
0
0
99
236
52
0
0
0
0
0
0
0
0
0
0
0
0
0
0
0
0
4
207
193
12
0
0
0
0
0
0
0
0
0
0
0
0
0
0
0
0
105
255
146
0
0
0
0
0
0
0
0
0
0
0
0
0
0
0
0
89
246
213
42
0
0
0
0
0
0
0
0
0
0
0
0
0
0
0
99
228
250
78
26
42
33
15
0
0
0
0
0
0
0
0
0
0
0
0
147
255
255
234
224
190
110
19
0
0
0
0
0
0
0
0
0
0
0
0
57
110
108
112
92
38
1
0
0
0
0
0
0
0
0
0
0
0
0
0
0
0
0
0
0
0
0
0
0
0
0
0
0
0
0
0
0
0
0
0
0
0
0
0
0
0
0
0
0
0
0
0
0
0
0
0
0
0
0
0
0
0
0
0
0
0
0
0
0
0
0
0
0