0
0
0
0
0
0
0
0
0
0
0
0
0
0
0
0
0
0
0
0
0
0
0
0
0
0
0
0
0
0
0
0
0
0
0
0
0
0
0
0
0
0
0
0
0
0
0
0
0
0
0
0
0
0
0
0
0
0
0
0
0
0
0
0
0
0
0
0
0
0
0
0
0
0
0
0
0
0
0
0
0
0
3
6
1
2
3
9
10
10
9
1
0
0
0
0
0
0
0
0
0
0
79
216
183
185
199
246
255
255
248
173
78
4
0
0
0
0
0
0
0
0
30
101
130
112
140
169
129
109
163
221
255
108
0
0
0
0
0
0
0
0
0
0
0
0
0
6
0
0
3
29
175
225
37
0
0
0
0
0
0
0
0
0
0
0
0
0
0
0
0
0
118
246
53
0
0
0
0
0
0
0
0
0
0
0
0
0
0
0
0
0
174
220
35
0
0
0
0
0
0
0
0
0
0
0
0
0
0
0
0
20
219
193
18
0
0
0
0
0
0
0
0
0
0
0
0
0
0
0
0
127
255
135
0
0
0
0
0
0
0
0
0
0
0
0
0
0
0
0
45
237
231
44
0
0
0
0
0
0
0
0
0
0
0
0
0
0
0
0
64
255
150
0
0
0
0
0
0
0
0
0
0
0
0
0
0
0
0
0
147
226
54
0
0
0
0
0
0
0
0
0
0
0
0
0
0
0
0
14
251
173
5
0
0
0
0
0
0
0
0
0
0
0
0
0
0
0
0
69
255
130
0
0
0
0
0
0
0
0
0
0
0
0
0
0
0
0
0
171
220
28
0
0
0
0
0
0
0
0
0
0
0
0
0
0
0
0
14
215
171
0
0
0
0
0
0
0
0
0
0
0
0
0
0
0
0
0
3
55
32
0
0
0
0
0
0
0
0
0