0
0
0
0
0
0
0
0
0
0
0
0
0
0
0
0
0
0
0
0
0
0
0
0
0
0
0
0
0
0
0
0
0
0
0
0
0
0
0
0
0
0
0
0
0
0
0
0
0
0
0
0
0
0
0
0
0
0
0
0
0
0
0
0
0
0
0
0
0
0
0
0
0
0
0
0
0
0
0
0
0
0
0
0
0
0
0
0
0
0
0
0
0
0
0
0
0
0
0
0
0
0
0
0
0
0
0
0
0
0
13
35
21
7
6
0
0
0
0
0
0
0
0
0
0
0
0
0
0
45
185
220
198
179
177
142
111
89
0
0
0
0
0
0
0
0
0
0
71
214
235
119
57
100
143
163
114
58
0
0
0
0
0
0
0
0
0
99
242
165
28
0
0
0
0
0
0
0
0
0
0
0
0
0
0
0
37
239
201
23
0
0
0
0
0
0
0
0
0
0
0
0
0
0
0
0
42
190
231
217
102
19
0
0
0
0
0
0
0
0
0
0
0
0
0
0
0
13
58
122
238
150
3
0
0
0
0
0
0
0
0
0
0
0
0
0
0
0
0
0
124
220
19
0
0
0
0
0
0
0
0
0
0
0
0
0
0
19
57
133
224
160
9
0
0
0
0
0
0
0
0
0
0
59
155
153
185
205
223
232
124
17
0
0
0
0
0
0
0
0
0
0
0
18
64
111
117
110
49
7
0
0
0
0
0
0
0
0
0
0
0
0
0
0
0
0
0
0
0
0
0
0
0
0
0
0
0
0
0
0
0
0
0
0
0
0
0
0
0
0
0
0
0
0
0
0
0
0
0
0
0
0
0
0
0
0
0
0
0
0
0
0
0
0
0
0
0
0
0
0
0
0
0
0
0
0
0
0
0
0
0
0
0
0
0
0
0
0
0
0