0
0
0
0
0
0
0
0
0
0
0
0
0
0
0
0
0
0
0
0
0
0
0
0
0
0
0
0
0
0
0
0
0
0
0
0
0
0
0
0
0
0
0
0
0
0
0
0
0
0
0
0
0
0
0
0
0
0
0
0
0
0
0
0
0
0
0
0
1
58
104
56
0
0
0
0
0
0
0
0
0
0
0
0
0
0
0
22
158
239
255
236
192
74
0
0
0
0
0
0
0
0
0
0
0
0
56
210
239
164
134
224
249
180
21
0
0
0
0
0
0
0
0
0
0
24
197
217
74
0
0
38
77
252
95
0
0
0
0
0
0
0
0
0
0
99
255
104
0
0
0
0
64
237
70
0
0
0
0
0
0
0
0
0
0
148
255
78
0
0
0
53
233
167
5
0
0
0
0
0
0
0
0
0
0
79
243
231
172
88
30
195
232
44
0
0
0
0
0
0
0
0
0
0
0
4
71
175
226
249
244
255
78
0
0
0
0
0
0
0
0
0
0
0
0
0
0
0
31
177
255
255
89
0
0
0
0
0
0
0
0
0
0
0
0
0
0
0
26
204
234
232
232
53
0
0
0
0
0
0
0
0
0
0
0
0
0
10
172
255
53
64
250
157
0
0
0
0
0
0
0
0
0
0
0
0
0
92
255
187
0
0
191
201
22
0
0
0
0
0
0
0
0
0
0
0
0
131
255
122
0
0
196
201
21
0
0
0
0
0
0
0
0
0
0
0
0
57
245
146
36
145
255
144
0
0
0
0
0
0
0
0
0
0
0
0
0
0
114
212
193
220
165
26
0
0
0
0
0
0
0
0
0
0
0
0
0
0
0
0
0
0
0
0
0
0
0
0
0
0
0
0
0
0
0
0
0
0
0
0
0
0
0
0
0
0
0
0
0
0