0
0
0
0
0
0
0
0
0
0
0
0
0
0
0
0
0
0
0
0
0
0
0
0
0
0
0
0
0
0
0
0
0
0
0
0
0
0
0
0
0
0
0
0
0
0
0
0
0
0
0
0
0
0
0
0
0
0
0
0
0
0
0
0
0
0
0
0
0
0
2
69
66
0
0
0
0
0
0
0
0
0
0
0
0
0
0
0
0
0
117
246
212
10
0
0
0
0
0
0
0
0
0
0
0
0
0
0
0
1
180
255
226
14
0
0
0
0
0
0
0
0
0
0
0
0
0
0
0
17
202
255
189
6
0
0
0
0
0
0
0
0
0
0
0
0
0
0
0
151
255
242
85
0
0
0
0
0
0
0
0
0
0
0
0
0
0
0
41
217
255
156
0
0
0
0
0
0
0
0
0
0
0
0
0
0
0
0
48
223
255
143
0
0
0
0
0
0
0
0
0
0
0
0
0
0
0
0
54
226
255
145
0
0
0
0
0
0
0
0
0
0
0
0
0
0
0
0
106
253
255
147
0
0
0
0
0
0
0
0
0
0
0
0
0
0
0
0
128
255
247
103
0
0
0
0
0
0
0
0
0
0
0
0
0
0
0
0
126
255
234
64
0
0
0
0
0
0
0
0
0
0
0
0
0
0
0
0
128
255
195
8
0
0
0
0
0
0
0
0
0
0
0
0
0
0
0
0
117
255
185
0
0
0
0
0
0
0
0
0
0
0
0
0
0
0
0
0
64
239
232
50
0
0
0
0
0
0
0
0
0
0
0
0
0
0
0
0
39
192
205
56
0
0
0
0
0
0
0
0
0
0
0
0
0
0
0
0
0
0
0
0
0
0
0
0
0
0
0
0
0
0
0
0
0
0
0
0
0
0
0
0
0
0
0
0
0
0
0
0