0
0
0
0
0
0
0
0
0
0
0
0
0
0
0
0
0
0
0
0
0
0
0
0
0
0
0
0
0
0
0
0
0
0
0
0
0
0
0
0
0
0
0
0
0
0
0
0
0
0
3
32
16
0
0
0
0
0
0
0
0
0
0
0
0
0
0
0
0
23
156
252
207
99
7
0
0
0
0
0
0
0
0
0
0
0
0
0
24
178
254
156
131
210
63
0
0
0
0
0
0
0
0
0
0
0
0
0
132
255
135
1
0
66
28
0
0
0
0
0
0
0
0
0
0
0
0
5
167
251
76
0
0
0
1
8
37
72
17
1
0
0
0
0
0
0
0
16
201
235
37
0
19
84
199
220
210
218
144
17
0
0
0
0
0
0
0
0
151
249
72
70
217
245
182
104
51
35
14
0
0
0
0
0
0
0
0
0
132
255
210
230
193
65
10
0
0
0
0
0
0
0
0
0
0
0
0
0
77
244
255
138
2
0
0
0
0
0
0
0
0
0
0
0
0
0
11
84
209
253
252
93
0
0
0
0
0
0
0
0
0
0
0
0
0
0
113
249
231
98
221
174
8
0
0
0
0
0
0
0
0
0
0
0
0
2
149
255
112
0
157
245
31
0
0
0
0
0
0
0
0
0
0
0
0
49
217
165
10
0
166
255
72
0
0
0
0
0
0
0
0
0
0
0
0
93
248
169
110
159
248
181
32
0
0
0
0
0
0
0
0
0
0
0
0
26
189
255
255
234
130
33
0
0
0
0
0
0
0
0
0
0
0
0
0
0
20
36
36
25
0
0
0
0
0
0
0
0
0
0
0
0
0
0
0
0
0
0
0
0
0
0
0
0
0
0
0
0
0
0
0
0
0
0
0
0
0
0
0
0
0
0
0
0
0
0
0
0
0
0