0
0
0
0
0
0
0
0
0
0
0
0
0
0
0
0
0
0
0
0
0
0
0
0
0
0
0
0
0
0
0
0
0
0
0
0
0
0
0
0
0
0
0
0
0
0
0
0
0
0
0
0
0
0
0
0
0
0
0
0
0
0
0
0
0
0
0
0
0
0
0
0
0
0
0
0
0
0
0
0
0
0
0
0
0
0
0
0
0
3
1
33
72
72
72
74
44
0
0
0
0
0
0
0
0
19
50
79
109
185
192
217
250
250
249
255
185
12
0
0
0
0
4
75
143
194
232
255
255
255
255
249
253
254
255
255
150
6
0
0
0
0
33
254
255
251
228
212
127
120
130
198
252
253
255
195
32
0
0
0
0
0
19
175
142
76
12
10
21
69
162
252
255
255
187
14
0
0
0
0
0
0
0
12
0
0
22
68
198
240
255
253
193
94
40
0
0
0
0
0
0
0
0
0
0
0
122
255
255
255
255
252
179
37
0
0
0
0
0
0
0
0
0
0
0
0
84
247
255
181
181
255
255
206
41
0
0
0
0
0
0
0
0
0
0
0
4
31
36
11
10
33
178
255
191
3
0
0
0
0
0
0
0
0
0
0
0
0
0
0
0
25
172
255
188
3
0
0
0
0
0
0
0
44
139
26
0
0
0
21
78
211
255
253
96
0
0
0
0
0
0
0
0
135
255
76
25
70
120
209
255
255
191
83
8
0
0
0
0
0
0
0
0
137
255
222
209
255
255
255
236
126
12
0
0
0
0
0
0
0
0
0
0
49
180
239
240
235
196
132
37
0
0
0
0
0
0
0
0
0
0
0
0
0
12
47
48
47
16
0
0
0
0
0
0
0
0
0
0
0
0
0
0
0
0
0
0
0
0
0
0
0
0
0
0
0
0
0
0
0