0
0
0
0
0
0
0
0
0
0
0
0
0
0
0
0
0
0
0
0
0
0
0
0
0
0
0
0
0
0
0
0
0
0
0
0
0
0
0
0
0
0
0
0
0
0
0
0
0
0
0
0
0
0
0
0
0
0
0
0
0
0
0
0
0
31
91
92
91
109
67
37
36
20
0
0
0
0
0
0
0
0
0
0
52
210
255
255
255
255
238
217
216
200
42
0
0
0
0
0
0
0
0
0
158
199
122
126
122
99
145
249
255
255
74
0
0
0
0
0
0
0
0
0
50
24
0
0
0
0
112
245
255
234
47
0
0
0
0
0
0
0
0
0
0
0
0
0
68
197
253
255
216
92
0
0
0
0
0
0
0
0
0
0
0
0
0
13
195
255
220
116
21
0
0
0
0
0
0
0
0
0
0
0
0
0
0
61
254
255
169
5
0
0
0
0
0
0
0
0
0
0
0
0
0
0
0
62
238
255
255
208
114
74
12
0
0
0
0
0
0
0
0
0
0
0
0
0
75
179
216
249
255
254
167
16
0
0
0
0
0
0
0
0
0
0
0
0
0
9
22
34
113
207
252
63
0
0
0
0
0
0
0
0
0
0
0
0
0
0
0
0
0
50
228
82
0
0
0
0
0
0
0
0
0
25
144
114
27
8
7
33
82
159
254
109
0
0
0
0
0
0
0
0
0
50
243
255
246
242
242
245
251
255
236
80
0
0
0
0
0
0
0
0
0
0
85
205
245
255
255
255
255
242
90
1
0
0
0
0
0
0
0
0
0
0
0
16
63
128
177
215
187
85
0
0
0
0
0
0
0
0
0
0
0
0
0
0
0
0
0
0
0
0
0
0
0
0
0
0
0
0
0
0
0
0
0
0
0
0
0
0
0
0
0
0
0
0
0
0