0
0
0
0
0
0
0
0
0
0
0
0
0
0
0
0
0
0
0
0
0
0
0
0
0
0
0
0
0
0
0
0
0
0
0
0
0
0
0
0
0
0
0
0
0
0
0
0
0
0
0
0
0
0
0
0
0
0
0
0
0
0
0
0
0
0
0
0
0
0
0
0
0
0
0
0
0
0
0
0
0
0
0
0
0
0
0
9
128
151
30
0
0
0
0
0
0
0
0
0
0
0
0
0
0
0
1
153
255
242
211
47
0
0
0
0
0
0
0
0
0
0
0
0
0
0
57
247
194
56
179
198
32
0
0
0
0
0
0
0
0
0
0
0
0
0
110
254
105
0
50
239
132
0
0
0
0
0
0
0
0
0
0
0
0
0
146
247
59
0
43
231
232
33
0
0
0
0
0
0
0
0
0
0
0
0
125
240
54
0
43
233
235
38
0
0
0
0
0
0
0
0
0
0
0
0
73
251
126
0
92
255
222
10
0
0
0
0
0
0
0
0
0
0
0
0
9
186
226
150
217
255
239
61
0
0
0
0
0
0
0
0
0
0
0
0
0
23
177
254
248
223
244
96
0
0
0
0
0
0
0
0
0
0
0
0
0
0
9
56
73
24
209
160
0
0
0
0
0
0
0
0
0
0
0
0
0
0
0
0
0
0
156
185
9
0
0
0
0
0
0
0
0
0
0
0
0
0
0
0
0
0
72
227
49
0
0
0
0
0
0
0
0
0
0
0
0
0
0
0
0
0
22
231
100
0
0
0
0
0
0
0
0
0
0
0
0
0
0
0
0
0
9
185
167
0
0
0
0
0
0
0
0
0
0
0
0
0
0
0
0
0
0
55
63
0
0
0
0
0
0
0
0
0
0
0
0
0
0
0
0
0
0
0
0
0
0
0
0
0