0
0
0
0
0
0
0
0
0
0
0
0
0
0
0
0
0
0
0
0
0
0
0
0
0
0
0
0
0
0
0
0
0
0
0
0
0
0
0
0
0
0
0
0
0
0
0
0
7
36
15
0
0
0
0
0
0
0
0
0
0
0
0
0
0
0
3
53
170
255
202
51
0
0
0
0
0
0
0
0
0
0
0
0
0
0
59
223
255
255
255
184
39
0
0
0
0
0
0
0
0
0
0
0
0
38
212
255
144
142
234
255
196
58
0
0
0
0
0
0
0
0
0
0
0
118
255
197
17
0
59
200
255
220
64
0
0
0
0
0
0
0
0
0
7
174
228
48
0
0
0
48
205
255
203
21
0
0
0
0
0
0
0
0
76
255
148
0
0
0
0
0
113
255
255
142
0
0
0
0
0
0
0
0
95
252
103
0
0
0
0
0
64
188
255
227
54
0
0
0
0
0
0
0
94
252
102
0
0
0
0
0
0
9
145
248
190
12
0
0
0
0
0
0
94
255
173
5
0
0
0
0
0
0
9
69
88
51
0
0
0
0
0
0
61
248
231
50
0
0
0
0
0
0
0
0
117
187
0
0
0
0
0
0
0
178
255
203
49
0
0
0
0
0
0
81
250
179
0
0
0
0
0
0
0
49
213
255
224
99
17
9
0
14
39
196
215
38
0
0
0
0
0
0
0
0
49
180
255
255
213
193
176
203
249
255
127
0
0
0
0
0
0
0
0
0
0
12
135
221
255
255
255
255
245
136
13
0
0
0
0
0
0
0
0
0
0
0
0
23
36
36
36
36
30
2
0
0
0
0
0
0
0
0
0
0
0
0
0
0
0
0
0
0
0
0
0
0
0
0
0
0
0
0
0
0
0
0
0
0
0
0
0
0
0
0
0
0
0
0