0
0
0
0
0
0
0
0
0
0
0
0
0
0
0
0
0
0
0
0
0
0
0
0
0
0
0
0
0
0
0
0
0
0
0
0
0
0
0
0
0
0
0
0
0
0
0
0
0
0
0
0
0
0
0
0
0
0
0
0
0
0
0
0
0
0
0
0
0
0
17
100
102
20
0
0
0
0
0
0
0
0
0
0
0
0
0
0
0
30
174
255
255
138
0
0
0
0
0
0
0
0
0
0
0
0
0
0
12
174
206
142
232
96
47
5
0
0
0
0
0
0
0
0
0
0
0
0
92
242
46
63
96
2
167
16
0
0
0
0
0
0
0
0
0
0
0
0
121
208
2
0
0
124
232
11
0
0
0
0
0
0
0
0
0
0
0
0
85
194
0
10
143
255
125
0
0
0
0
0
0
0
0
0
0
0
0
0
63
219
131
203
250
150
10
0
0
0
0
0
0
0
0
0
0
0
0
0
33
217
255
192
70
1
0
0
0
0
0
0
0
0
0
0
0
0
0
5
167
255
216
34
0
0
0
0
0
0
0
0
0
0
0
0
0
0
0
129
244
207
219
44
0
0
0
0
0
0
0
0
0
0
0
0
0
0
55
235
121
123
229
55
0
0
0
0
0
0
0
0
0
0
0
0
0
0
143
239
16
118
232
54
0
0
0
0
0
0
0
0
0
0
0
0
0
0
155
237
48
194
201
18
0
0
0
0
0
0
0
0
0
0
0
0
0
0
105
243
217
255
93
0
0
0
0
0
0
0
0
0
0
0
0
0
0
0
2
134
202
110
3
0
0
0
0
0
0
0
0
0
0
0
0
0
0
0
0
0
0
0
0
0
0
0
0
0
0
0
0
0
0
0
0
0
0
0
0
0
0
0
0
0
0
0
0
0
0
0
0
0