0
0
0
0
0
0
0
0
0
0
0
0
0
0
0
0
0
0
0
0
0
0
0
0
0
0
0
0
0
0
0
0
0
0
0
0
0
0
0
0
0
0
0
0
0
0
0
0
0
0
0
0
0
0
0
0
0
0
0
0
0
0
0
0
0
0
0
0
0
0
0
0
0
0
0
0
0
0
0
0
0
0
0
0
0
5
2
6
10
10
4
0
0
0
0
0
0
0
0
0
0
0
0
14
108
206
181
217
247
245
199
151
107
76
9
0
0
0
0
0
0
0
0
90
255
255
252
239
238
237
245
255
255
252
101
0
0
0
0
0
0
0
0
52
155
115
54
27
29
27
40
76
164
255
164
0
0
0
0
0
0
0
0
0
0
0
0
0
0
0
0
0
109
255
168
1
0
0
0
0
0
0
0
0
0
0
0
0
0
0
0
0
166
255
121
0
0
0
0
0
0
0
0
0
0
0
0
0
0
0
0
36
230
255
74
0
0
0
0
0
0
0
0
0
0
0
0
0
0
0
0
117
255
188
17
0
0
0
0
0
0
0
0
0
0
0
0
0
0
0
14
191
255
125
0
0
0
0
0
0
0
0
0
0
0
0
0
0
0
0
72
248
232
48
0
0
0
0
0
0
0
0
0
0
0
0
0
0
0
4
204
255
142
0
0
0
0
0
0
0
0
0
0
0
0
0
0
0
0
107
255
211
29
0
0
0
0
0
0
0
0
0
0
0
0
0
0
0
37
223
247
89
0
0
0
0
0
0
0
0
0
0
0
0
0
0
0
0
136
255
193
8
0
0
0
0
0
0
0
0
0
0
0
0
0
0
0
5
171
255
213
43
0
0
0
0
0
0
0
0
0
0
0
0
0
0
0
0
39
73
75
33
0
0
0
0
0
0
0
0