0
0
0
0
0
0
0
0
0
0
0
0
0
0
0
0
0
0
0
0
0
0
0
0
0
0
0
0
0
0
0
0
0
0
0
0
0
0
0
0
0
0
0
0
0
0
0
0
0
0
0
0
0
0
0
0
0
0
0
0
0
0
0
0
0
0
0
0
0
5
52
81
87
29
0
0
0
0
0
0
0
0
0
0
0
0
0
2
96
194
235
255
255
179
20
0
1
0
0
0
0
0
0
0
0
0
0
96
255
237
164
179
168
83
22
196
139
4
0
0
0
0
0
0
0
0
0
149
255
112
0
0
0
0
105
255
194
13
0
0
0
0
0
0
0
0
0
119
255
157
0
0
0
118
249
239
82
0
0
0
0
0
0
0
0
0
0
19
208
255
76
4
123
255
228
76
0
0
0
0
0
0
0
0
0
0
0
0
80
243
213
180
255
198
60
0
0
0
0
0
0
0
0
0
0
0
0
0
43
222
255
242
125
8
0
0
0
0
0
0
0
0
0
0
0
0
0
54
190
253
255
146
0
0
0
0
0
0
0
0
0
0
0
0
0
0
64
223
227
192
255
139
0
0
0
0
0
0
0
0
0
0
0
0
0
37
223
222
56
99
255
156
2
0
0
0
0
0
0
0
0
0
0
0
0
69
255
85
0
136
255
128
0
0
0
0
0
0
0
0
0
0
0
0
0
68
255
140
54
219
239
56
0
0
0
0
0
0
0
0
0
0
0
0
0
21
183
255
229
255
143
8
0
0
0
0
0
0
0
0
0
0
0
0
0
0
19
134
221
133
6
0
0
0
0
0
0
0
0
0
0
0
0
0
0
0
0
0
0
0
0
0
0
0
0
0
0
0
0
0
0
0
0
0
0
0
0
0
0
0
0
0
0
0
0
0
0
0
0
0