0
0
0
0
0
0
0
0
0
0
0
0
0
0
0
0
0
0
0
0
0
0
0
0
0
0
0
0
0
0
0
0
0
0
0
0
0
0
0
0
0
0
0
0
0
0
0
0
0
17
38
24
0
0
0
0
0
0
0
0
0
0
0
0
0
0
0
0
21
185
255
225
60
0
0
0
0
0
0
0
0
0
0
0
0
0
0
0
121
250
124
217
214
31
0
0
0
0
0
0
0
0
0
0
0
0
0
11
188
210
0
81
254
121
0
0
0
0
0
0
0
0
0
0
0
0
0
23
216
101
0
14
211
171
4
0
0
0
0
0
0
0
0
0
0
0
0
11
137
47
0
0
186
183
10
0
0
0
0
0
0
0
0
0
0
0
0
0
0
0
0
71
251
127
0
0
0
0
0
0
0
0
0
0
0
0
0
0
8
34
62
195
200
28
0
0
0
0
0
0
0
0
0
0
0
0
23
153
213
238
253
255
118
0
0
0
0
0
0
0
0
0
0
0
0
0
122
255
255
255
221
236
216
41
0
0
0
0
0
0
0
0
0
0
0
0
39
164
193
133
24
80
252
136
0
0
0
0
0
0
0
0
0
0
0
18
23
0
0
0
0
4
219
183
10
0
0
0
0
0
0
0
0
0
35
201
104
0
0
0
0
26
232
182
8
0
0
0
0
0
0
0
0
0
66
255
210
108
75
58
93
198
239
94
0
0
0
0
0
0
0
0
0
0
20
98
142
200
247
249
197
129
59
0
0
0
0
0
0
0
0
0
0
0
0
0
0
14
30
38
13
0
0
0
0
0
0
0
0
0
0
0
0
0
0
0
0
0
0
0
0
0
0
0
0
0
0
0
0
0
0
0
0
0
0
0
0
0
0
0
0
0
0
0
0
0
0
0
0
0