0
0
0
0
0
0
0
0
0
0
0
0
0
0
0
0
0
0
0
0
0
0
0
0
0
0
0
0
0
0
0
0
0
0
0
0
0
0
0
0
0
0
0
0
0
0
0
0
0
0
0
0
0
0
0
0
0
0
0
0
0
0
0
0
0
0
0
0
0
0
0
0
0
0
0
0
0
0
0
0
0
0
0
0
0
0
0
0
0
13
118
175
69
0
0
0
0
0
0
0
0
0
0
0
0
0
26
94
171
214
209
234
138
0
0
0
0
0
0
0
0
0
0
0
43
154
213
215
132
85
30
167
97
0
0
0
0
0
0
0
0
0
0
26
154
163
103
21
7
48
174
194
25
0
0
0
0
0
0
0
0
0
0
0
0
13
87
132
193
255
225
42
0
0
0
0
0
0
0
0
0
0
0
0
0
55
247
247
253
255
238
168
104
30
2
0
0
0
0
0
0
0
0
0
0
14
61
24
55
91
170
203
247
242
175
36
0
0
0
0
0
0
0
0
0
0
0
0
0
0
0
17
77
175
255
193
20
0
0
0
0
0
0
0
0
0
0
0
0
0
0
0
0
4
100
207
21
0
0
0
0
0
0
0
0
0
0
0
0
0
0
0
0
0
123
177
0
0
0
0
0
0
0
0
0
0
0
0
0
0
0
0
0
97
219
60
0
0
0
0
0
0
0
0
0
0
0
0
0
0
0
22
109
223
72
0
0
0
0
0
0
0
0
0
0
0
0
0
7
74
137
211
215
84
0
0
0
0
0
0
0
0
0
0
0
0
55
154
182
215
197
182
55
0
0
0
0
0
0
0
0
0
0
0
0
0
14
97
55
32
11
0
0
0
0
0
0
0
0
0
0
0
0
0
0
0
0
0
0
0
0
0
0
0
0
0
0
0
0
0