0
0
0
0
0
0
0
0
0
0
0
0
0
0
0
0
0
0
0
0
0
0
0
0
0
0
0
0
0
0
0
0
0
0
0
0
0
0
0
0
0
0
0
0
0
7
32
2
0
0
0
0
0
0
0
0
0
0
0
0
0
0
0
0
0
53
242
134
30
35
14
0
0
0
0
0
0
0
0
0
0
0
0
0
0
39
219
255
220
222
194
162
139
18
0
0
0
0
0
0
0
0
0
0
0
1
41
137
150
193
218
219
255
187
28
0
0
0
0
0
0
0
0
0
0
0
0
0
0
14
28
27
178
223
37
0
0
0
0
0
0
0
0
0
0
0
0
0
0
0
0
0
142
223
37
0
0
0
0
0
0
0
0
0
0
0
0
0
0
0
0
35
213
214
31
0
0
0
0
0
0
0
0
0
0
0
0
0
0
0
0
114
255
144
0
0
0
0
0
0
0
0
0
0
0
0
0
0
0
0
106
247
207
11
0
0
0
0
0
0
0
0
0
0
0
0
0
0
0
73
234
230
65
0
0
0
0
0
0
0
0
0
0
0
0
0
0
0
23
200
255
107
0
0
0
0
0
0
0
0
0
0
0
0
0
0
0
35
187
255
224
106
54
27
29
14
0
0
0
0
0
0
0
0
0
13
116
217
255
253
254
255
237
216
219
139
5
0
0
0
0
0
0
0
0
106
255
255
187
90
102
159
182
163
138
41
0
0
0
0
0
0
0
0
0
106
231
129
17
0
0
0
7
0
0
0
0
0
0
0
0
0
0
0
0
10
25
0
0
0
0
0
0
0
0
0
0
0
0
0
0
0
0
0
0
0
0
0
0
0
0
0
0
0
0
0
0
0
0
0
0
0
0
0
0
0
0
0
0
0
0
0
0
0
0
0
0
0
0
0