0
0
0
0
0
0
0
0
0
0
0
0
0
0
0
0
0
0
0
0
0
0
0
0
0
0
0
0
0
0
0
0
0
0
0
0
0
0
0
0
0
0
0
0
0
0
0
0
0
0
0
0
0
8
37
25
0
0
0
0
0
0
0
0
0
0
0
0
0
0
0
0
0
152
255
91
0
0
0
0
0
0
0
0
0
0
0
0
3
0
0
0
105
254
173
0
0
0
0
0
0
0
0
0
0
0
0
67
125
0
0
37
239
203
21
0
0
0
0
0
0
0
0
0
0
0
55
212
89
0
0
143
255
111
0
0
0
0
0
0
0
0
0
0
0
43
210
197
0
0
28
209
205
9
0
0
0
0
0
0
0
0
0
0
5
203
229
41
0
0
117
255
84
0
0
0
0
0
0
0
0
0
0
0
107
250
96
0
0
12
210
238
19
0
0
0
0
0
0
0
0
0
0
0
159
255
167
81
78
133
255
190
104
106
107
108
118
17
0
0
0
0
0
0
81
218
255
255
255
255
255
255
255
247
238
227
162
17
0
0
0
0
0
0
0
29
78
85
150
254
209
67
65
42
25
22
7
0
0
0
0
0
0
0
0
0
0
0
78
253
130
0
0
0
0
0
0
0
0
0
0
0
0
0
0
0
0
0
134
255
81
0
0
0
0
0
0
0
0
0
0
0
0
0
0
0
0
24
235
218
21
0
0
0
0
0
0
0
0
0
0
0
0
0
0
0
0
72
255
151
0
0
0
0
0
0
0
0
0
0
0
0
0
0
0
0
0
16
38
18
0
0
0
0
0
0
0
0
0
0
0
0
0
0
0
0
0
0
0
0
0
0
0
0
0
0
0
0
0
0
0
0
0
0
0
0
0
0
0
0
0
0
0
0
0
0
0
0
0
0