0
0
0
0
0
0
0
0
0
0
0
0
0
0
0
0
0
0
0
0
0
0
0
0
0
0
0
0
0
0
0
0
0
0
0
0
0
0
0
0
0
0
0
0
0
0
0
0
0
0
41
170
178
205
49
0
0
0
0
0
0
0
0
0
0
0
0
0
6
71
225
223
156
255
185
26
0
0
0
0
0
0
0
0
0
0
0
0
102
241
167
36
0
139
255
102
0
0
0
0
0
0
0
0
0
0
0
42
207
106
5
0
0
26
213
116
0
0
0
0
0
0
0
0
0
0
0
165
169
1
0
0
0
29
212
117
0
0
0
0
0
0
0
0
0
0
72
230
67
0
0
0
0
86
251
88
0
0
0
0
0
0
0
0
0
0
171
209
10
0
0
0
17
190
214
4
0
0
0
0
0
0
0
0
0
0
163
219
107
20
0
0
59
255
162
0
0
0
0
0
0
0
0
0
0
11
187
255
255
184
79
70
205
246
81
0
0
0
0
0
0
0
0
0
0
151
189
127
240
255
252
251
255
183
11
0
0
0
0
0
0
0
0
0
10
225
83
0
97
244
255
255
211
44
0
0
0
0
0
0
0
0
0
0
59
57
0
0
89
233
255
255
140
7
0
0
0
0
0
0
0
0
0
7
178
134
50
122
241
251
197
230
243
200
71
5
0
0
0
0
0
0
0
8
194
255
252
247
206
126
16
29
108
160
188
137
6
0
0
0
0
0
0
0
59
110
111
82
25
0
0
0
0
0
29
31
1
0
0
0
0
0
0
0
0
0
0
0
0
0
0
0
0
0
0
0
0
0
0
0
0
0
0
0
0
0
0
0
0
0
0
0
0
0
0
0
0
0
0
0
0
0
0
0
0
0
0
0
0
0
0
0
0
0
0
0
0
0
0
0