0
0
0
0
0
0
0
0
0
0
0
0
0
0
0
0
0
0
0
0
0
0
0
0
0
0
0
0
0
0
0
0
0
0
0
0
0
0
0
0
0
0
0
0
0
0
0
0
0
0
0
0
0
11
0
0
0
0
0
0
0
0
0
0
0
0
0
0
0
0
0
32
113
184
145
28
0
0
0
0
0
0
0
0
0
0
0
0
0
11
117
219
255
255
255
173
13
0
0
0
0
0
0
0
0
0
0
0
0
72
255
244
150
119
243
242
65
0
0
0
0
0
0
0
0
0
0
0
0
62
172
90
0
28
218
238
57
0
0
0
0
0
0
0
0
0
0
0
0
0
6
0
0
68
237
210
33
0
0
0
0
0
0
0
0
0
0
0
0
0
0
0
8
196
255
91
0
0
0
0
0
0
0
0
0
3
24
60
102
122
121
118
156
255
152
8
0
0
0
0
0
0
0
29
92
200
239
251
255
255
255
255
255
239
59
0
0
0
0
0
0
0
29
186
255
255
255
222
184
149
229
255
255
255
192
48
0
0
0
0
0
0
148
255
255
167
44
11
9
109
251
211
132
220
255
209
36
0
0
0
0
0
100
234
255
190
93
63
144
255
216
41
0
46
140
115
17
0
0
0
0
0
0
96
226
255
255
242
255
198
50
0
0
0
0
0
0
0
0
0
0
0
0
0
33
107
109
112
102
24
0
0
0
0
0
0
0
0
0
0
0
0
0
0
0
0
0
0
0
0
0
0
0
0
0
0
0
0
0
0
0
0
0
0
0
0
0
0
0
0
0
0
0
0
0
0
0
0
0
0
0
0
0
0
0
0
0
0
0
0
0
0
0
0
0
0
0
0
0
0
0
0
0
0
0
0
0
0
0
0
0
0
0
0
0
0
0
0
0
0