0
0
0
0
0
0
0
0
0
0
0
0
0
0
0
0
0
0
0
0
0
0
0
0
0
0
0
0
0
0
0
0
0
0
0
0
0
0
0
0
0
0
0
0
0
0
0
0
0
7
32
36
37
19
0
0
0
0
0
0
0
0
0
0
0
0
0
4
105
171
246
255
255
182
12
0
0
0
0
0
0
0
0
0
0
0
14
127
255
255
255
254
254
251
110
0
0
0
0
0
0
0
0
0
0
18
174
255
213
142
109
108
201
255
122
0
0
0
0
0
0
0
0
0
0
65
255
193
20
0
0
0
160
243
52
0
0
0
0
0
0
0
0
0
0
65
255
219
75
12
0
0
177
191
16
0
0
0
0
0
0
0
0
0
0
28
184
255
254
184
97
139
243
120
0
0
0
0
0
0
0
0
0
0
0
0
19
131
231
255
253
255
240
56
0
0
0
0
0
0
0
0
0
0
0
0
0
0
151
255
255
251
253
162
31
0
0
0
0
0
0
0
0
0
0
0
14
128
245
236
135
85
196
255
179
28
0
0
0
0
0
0
0
0
0
0
109
255
207
55
0
0
13
110
241
89
0
0
0
0
0
0
0
0
0
49
237
214
32
0
0
0
0
32
216
158
0
0
0
0
0
0
0
0
0
67
255
205
77
23
19
58
132
217
251
104
0
0
0
0
0
0
0
0
0
60
255
255
253
244
244
248
255
255
168
21
0
0
0
0
0
0
0
0
0
14
106
182
233
255
255
255
203
117
34
0
0
0
0
0
0
0
0
0
0
0
0
10
27
35
36
37
18
0
0
0
0
0
0
0
0
0
0
0
0
0
0
0
0
0
0
0
0
0
0
0
0
0
0
0
0
0
0
0
0
0
0
0
0
0
0
0
0
0
0
0
0
0
0
0