0
0
0
0
0
0
0
0
0
0
0
0
0
0
0
0
0
0
0
0
0
0
0
0
0
0
0
0
0
0
0
0
0
0
0
0
0
0
0
0
0
0
0
0
0
0
0
0
0
0
0
0
0
0
0
0
0
0
0
0
0
0
0
0
0
0
0
0
0
0
0
0
0
0
0
42
113
44
0
0
0
0
0
0
0
0
0
0
44
128
33
0
0
0
43
224
202
35
0
0
0
0
0
0
0
0
0
11
186
253
103
0
0
53
222
217
40
0
0
0
0
0
0
0
0
0
0
61
245
157
0
0
0
125
255
103
0
0
0
0
0
0
0
0
0
0
52
223
194
26
0
0
58
235
167
6
0
0
0
0
0
0
0
0
0
28
201
237
53
0
0
5
188
208
35
31
0
0
0
0
0
0
0
0
9
186
255
105
5
8
36
148
255
198
126
110
0
0
0
0
0
0
0
0
132
255
255
209
227
231
241
255
217
189
139
27
0
0
0
0
0
0
0
29
219
247
182
155
119
169
255
174
33
4
0
0
0
0
0
0
0
0
0
3
64
35
11
0
28
189
216
39
0
0
0
0
0
0
0
0
0
0
0
0
0
0
0
0
149
238
66
0
0
0
0
0
0
0
0
0
0
0
0
0
0
0
0
84
245
158
0
0
0
0
0
0
0
0
0
0
0
0
0
0
0
0
14
201
223
38
0
0
0
0
0
0
0
0
0
0
0
0
0
0
0
0
92
255
219
35
0
0
0
0
0
0
0
0
0
0
0
0
0
0
0
0
111
204
72
0
0
0
0
0
0
0
0
0
0
0
0
0
0
0
0
0
0
0
0
0
0
0
0
0
0
0
0
0
0
0
0
0
0
0
0
0
0
0
0
0
0
0
0
0
0
0
0
0
0
0