0
0
0
0
0
0
0
0
0
0
0
0
0
0
0
0
0
0
0
0
0
0
0
0
0
0
0
0
0
0
0
0
0
0
0
0
0
0
0
0
0
0
0
0
0
0
0
0
0
0
12
151
213
60
0
0
0
0
0
0
0
0
0
0
0
0
0
0
0
0
143
255
234
33
0
0
0
0
0
0
0
0
0
0
0
0
0
0
0
90
250
213
82
0
0
0
0
0
0
0
0
0
0
0
0
0
0
0
14
208
248
69
0
0
0
0
0
0
0
0
0
0
0
0
0
0
0
0
136
255
149
0
0
0
0
0
0
0
0
0
0
0
0
0
0
0
0
53
252
228
29
14
53
37
0
0
0
0
0
0
0
0
0
0
0
0
0
185
255
106
45
193
255
236
104
0
0
0
0
0
0
0
0
0
0
0
70
238
162
15
185
255
211
255
222
18
0
0
0
0
0
0
0
0
0
9
179
249
59
91
255
158
17
135
243
58
0
0
0
0
0
0
0
0
0
21
199
231
16
195
238
52
0
42
222
64
0
0
0
0
0
0
0
0
0
47
236
202
0
199
215
17
0
160
210
27
0
0
0
0
0
0
0
0
0
50
240
146
0
167
247
144
144
186
43
0
0
0
0
0
0
0
0
0
0
39
226
225
85
177
255
255
165
24
0
0
0
0
0
0
0
0
0
0
0
6
151
255
255
255
223
158
20
0
0
0
0
0
0
0
0
0
0
0
0
0
22
96
110
101
42
0
0
0
0
0
0
0
0
0
0
0
0
0
0
0
0
0
0
0
0
0
0
0
0
0
0
0
0
0
0
0
0
0
0
0
0
0
0
0
0
0
0
0
0
0
0
0
0
0
0
0
0
0
0
0
0
0
0
0
0
0
0
0
0
0
0
0
0
0