0
0
0
0
0
0
0
0
0
0
0
0
0
0
0
0
0
0
0
0
0
0
0
0
0
0
0
0
0
0
0
0
0
0
0
0
0
0
0
0
0
0
0
0
0
0
3
32
37
36
36
37
33
2
0
0
0
0
0
0
0
0
0
0
0
0
25
234
255
255
255
255
253
109
2
0
0
0
0
0
0
0
0
0
0
0
14
195
232
174
177
198
247
204
26
0
0
0
0
0
0
0
0
0
0
0
0
27
37
4
5
14
151
255
83
0
0
0
0
0
0
0
0
0
0
0
0
0
0
0
0
21
207
242
62
0
0
0
0
0
0
0
0
0
0
0
0
0
0
3
69
211
253
144
6
0
0
0
0
0
0
0
0
0
0
0
0
65
143
172
247
255
196
11
0
0
0
0
0
0
0
0
0
0
0
0
93
239
255
255
255
255
230
69
6
0
0
0
0
0
0
0
0
0
0
0
94
236
221
181
176
175
205
234
174
25
0
0
0
0
0
0
0
0
0
0
1
55
45
0
0
0
19
128
246
91
0
0
0
0
0
0
0
0
0
0
0
0
0
0
0
0
0
0
176
181
0
0
0
0
0
0
0
0
38
45
2
0
0
0
0
0
0
15
201
196
0
0
0
0
0
0
0
0
173
229
163
59
47
49
49
49
44
129
255
171
0
0
0
0
0
0
0
0
159
255
255
255
247
247
247
247
251
255
209
61
0
0
0
0
0
0
0
0
20
104
162
174
255
255
255
255
216
144
33
0
0
0
0
0
0
0
0
0
0
0
4
8
35
36
36
36
21
0
0
0
0
0
0
0
0
0
0
0
0
0
0
0
0
0
0
0
0
0
0
0
0
0
0
0
0
0
0
0
0
0
0
0
0
0
0
0
0
0
0
0
0
0
0
0