0
0
0
0
0
0
0
0
0
0
0
0
0
0
0
0
0
0
0
0
0
0
0
0
0
0
0
0
0
0
0
0
0
0
0
0
0
0
0
0
0
0
0
0
0
0
0
0
0
0
0
0
0
0
0
0
0
0
0
0
0
0
0
0
0
0
0
0
0
0
42
97
105
38
5
11
0
0
0
0
0
0
0
0
0
0
0
4
74
165
225
255
255
176
62
178
129
30
0
0
0
0
0
0
0
0
19
187
254
244
168
112
131
102
8
174
255
118
0
0
0
0
0
0
0
0
76
251
255
112
0
0
0
0
57
214
255
81
0
0
0
0
0
0
0
0
20
167
255
162
7
0
18
96
229
255
138
4
0
0
0
0
0
0
0
0
0
41
193
254
131
82
211
255
244
116
0
0
0
0
0
0
0
0
0
0
0
0
49
219
255
247
255
194
74
0
0
0
0
0
0
0
0
0
0
0
0
18
118
228
255
247
104
10
0
0
0
0
0
0
0
0
0
0
0
3
86
190
255
234
199
246
82
0
0
0
0
0
0
0
0
0
0
0
9
139
242
255
196
44
58
247
141
0
0
0
0
0
0
0
0
0
0
0
128
255
245
160
29
0
37
224
200
10
0
0
0
0
0
0
0
0
0
22
207
250
129
10
0
0
25
213
226
27
0
0
0
0
0
0
0
0
0
33
223
239
122
46
48
60
130
255
153
0
0
0
0
0
0
0
0
0
0
0
95
241
255
238
236
253
255
215
55
0
0
0
0
0
0
0
0
0
0
0
0
48
134
212
224
172
107
32
0
0
0
0
0
0
0
0
0
0
0
0
0
0
0
0
0
0
0
0
0
0
0
0
0
0
0
0
0
0
0
0
0
0
0
0
0
0
0
0
0
0
0
0
0
0
0
0