0
0
0
0
0
0
0
0
0
0
0
0
0
0
0
0
0
0
0
0
0
0
0
0
0
0
0
0
0
0
0
0
0
0
0
0
0
0
0
0
0
0
0
0
0
0
0
0
0
0
0
0
0
0
0
0
0
0
0
0
0
0
0
0
0
0
0
0
0
0
0
0
0
0
0
0
0
0
0
0
0
0
0
78
197
142
14
7
9
1
0
0
0
0
0
0
0
0
0
0
0
0
0
112
255
255
234
233
238
159
62
44
0
0
0
0
0
0
0
0
0
0
0
110
255
255
255
255
254
252
254
221
129
121
97
0
0
0
0
0
0
0
0
30
82
211
229
249
254
252
253
254
255
255
246
120
0
0
0
0
0
0
0
0
0
29
30
139
249
255
255
255
253
252
255
244
124
2
0
0
0
0
0
0
0
0
0
17
114
135
131
158
240
253
251
254
242
31
0
0
0
0
0
0
0
0
0
0
0
0
0
16
161
255
251
252
254
35
0
0
0
0
0
0
0
0
0
0
0
0
37
97
214
255
253
255
211
21
0
0
0
0
0
0
0
0
0
0
0
52
193
247
254
255
255
207
56
0
0
0
0
0
0
0
0
0
0
0
54
195
255
254
253
239
201
55
0
0
0
0
0
0
0
0
0
0
0
46
197
255
253
255
230
102
28
0
0
0
0
0
0
0
0
0
0
0
45
203
255
252
254
230
94
0
0
0
0
0
0
0
0
0
0
0
0
34
205
255
252
253
151
62
0
0
0
0
0
0
0
0
0
0
0
0
0
47
232
255
255
238
67
0
0
0
0
0
0
0
0
0
0
0
0
0
0
0
62
145
149
79
0
0
0
0
0
0
0
0
0
0
0
0
0
0
0
0
0
0
0
0
0
0
0
0
0
0
0
0
0
0