0
0
0
0
0
0
0
0
0
0
0
0
0
0
0
0
0
0
0
0
0
0
0
0
0
0
0
0
0
0
0
0
0
0
0
0
0
0
0
0
0
0
0
0
0
0
0
0
0
0
15
33
37
30
0
0
0
0
0
0
0
0
0
0
0
0
0
0
57
135
196
253
255
245
120
0
0
0
0
0
0
0
0
0
0
0
0
108
235
255
255
197
166
216
249
51
0
0
0
0
0
0
0
0
0
0
30
214
253
215
111
10
0
152
255
84
0
0
0
0
0
0
0
0
0
0
0
52
80
33
0
0
39
233
250
50
0
0
0
0
0
0
0
0
0
0
10
0
0
0
4
41
196
255
145
0
0
0
0
0
0
0
0
0
0
37
182
161
100
103
166
238
255
168
29
0
0
0
0
0
0
0
0
0
0
64
255
255
255
255
255
240
117
17
0
0
0
0
0
0
0
0
0
0
0
0
82
141
137
170
248
241
58
0
0
0
0
0
0
0
0
0
0
0
0
0
0
0
0
0
138
255
177
0
0
0
0
0
0
0
0
0
0
0
0
0
0
0
0
0
29
212
229
10
0
0
0
0
0
0
0
0
0
0
0
0
0
3
17
0
0
165
254
77
0
0
0
0
0
0
0
0
0
0
0
18
124
194
206
124
14
122
255
144
0
0
0
0
0
0
0
0
0
0
6
185
255
255
251
255
206
191
255
153
0
0
0
0
0
0
0
0
0
0
59
255
246
116
79
175
255
255
255
193
77
2
0
0
0
0
0
0
0
0
14
36
31
0
0
9
36
36
36
38
26
0
0
0
0
0
0
0
0
0
0
0
0
0
0
0
0
0
0
0
0
0
0
0
0
0
0
0
0
0
0
0
0
0
0
0
0
0
0
0
0
0
0
0
0
0