0
0
0
0
0
0
0
0
0
0
0
0
0
0
0
0
0
0
0
0
0
0
0
0
0
0
0
0
0
0
0
0
0
0
0
0
0
0
0
0
0
0
0
0
0
0
0
1
27
37
36
37
19
0
0
0
0
0
0
0
0
0
0
0
0
0
0
92
234
255
255
255
211
101
0
0
0
0
0
0
0
0
0
0
0
0
0
158
255
255
255
253
255
233
131
9
0
0
0
0
0
0
0
0
0
0
0
78
181
188
142
116
111
160
248
82
0
0
0
0
0
0
0
0
0
0
0
0
0
8
4
0
0
104
254
200
24
0
0
0
0
0
0
0
0
0
0
31
163
220
221
220
220
243
255
207
28
0
0
0
0
0
0
0
0
0
0
143
255
255
255
255
255
255
246
90
0
0
0
0
0
0
0
0
0
0
0
120
255
255
255
254
253
255
217
12
0
0
0
0
0
0
0
0
0
0
0
3
102
175
209
139
216
255
246
53
0
0
0
0
0
0
0
0
0
0
0
0
0
0
26
2
186
255
249
58
0
0
0
0
0
0
0
0
57
88
14
0
0
0
11
94
237
255
244
50
0
0
0
0
0
0
0
29
199
255
169
23
25
113
202
255
255
245
119
0
0
0
0
0
0
0
0
58
235
255
248
206
209
252
255
255
240
101
0
0
0
0
0
0
0
0
0
0
120
239
255
255
255
255
220
157
68
0
0
0
0
0
0
0
0
0
0
0
3
66
159
235
253
154
45
0
0
0
0
0
0
0
0
0
0
0
0
0
0
0
3
28
34
2
0
0
0
0
0
0
0
0
0
0
0
0
0
0
0
0
0
0
0
0
0
0
0
0
0
0
0
0
0
0
0
0
0
0
0
0
0
0
0
0
0
0
0
0
0
0
0
0
0
0