0
0
0
0
0
0
0
0
0
0
0
0
0
0
0
0
0
0
0
0
0
0
0
0
0
0
0
0
0
0
0
0
0
0
0
0
0
0
0
0
0
0
0
0
0
0
0
0
0
0
0
0
0
0
0
0
0
0
0
0
0
0
0
0
0
0
0
0
0
0
0
0
0
0
0
0
0
0
0
0
0
0
0
0
4
12
5
0
0
0
0
0
0
0
0
0
0
0
0
0
0
0
0
0
41
236
210
88
57
59
59
61
14
0
0
0
0
0
0
0
0
0
0
0
0
103
240
255
254
254
254
255
190
158
161
86
0
0
0
0
0
0
0
0
0
0
58
112
157
179
177
176
189
249
255
145
0
0
0
0
0
0
0
0
0
0
0
0
0
0
0
0
15
223
255
98
0
0
0
0
0
0
0
0
0
0
0
0
0
0
0
8
149
255
159
7
0
0
0
0
0
0
0
0
0
0
0
0
0
0
0
120
255
208
26
0
0
0
0
0
0
0
0
0
0
0
0
0
0
0
61
234
240
67
0
0
0
0
0
0
0
0
0
0
0
0
0
0
0
37
222
255
87
0
0
0
0
0
0
0
0
0
0
0
0
0
0
0
24
197
255
108
0
0
0
0
0
0
0
0
0
0
0
0
0
0
0
13
174
255
124
2
0
0
0
0
0
0
0
0
0
0
0
0
0
0
18
168
254
130
5
0
0
0
0
0
0
0
0
0
0
0
0
0
0
11
172
255
111
2
0
0
0
0
0
0
0
0
0
0
0
0
0
0
5
149
238
96
0
0
0
0
0
0
0
0
0
0
0
0
0
0
0
0
133
242
69
0
0
0
0
0
0
0
0
0
0
0
0
0
0
0
0
0
55
54
0
0
0
0
0
0
0
0
0
0
0
0
0
0