0
0
0
0
0
0
0
0
0
0
0
0
0
0
0
0
0
0
0
0
0
0
0
0
0
0
0
0
0
0
0
0
0
0
0
0
0
0
0
0
0
0
0
0
0
0
0
0
0
0
0
0
0
0
0
0
0
0
0
0
0
0
0
0
0
0
0
0
0
0
0
0
0
0
0
36
61
0
0
0
0
0
0
0
0
0
0
0
0
0
27
121
17
0
0
149
114
0
0
0
0
0
0
0
0
0
0
0
0
0
148
140
0
0
96
177
15
0
0
0
0
0
0
0
0
0
0
0
0
90
208
30
0
30
197
52
0
0
0
0
0
0
0
0
0
0
0
0
67
214
61
0
0
141
145
0
0
0
0
0
0
0
0
0
0
0
0
41
200
105
0
0
82
204
33
0
0
0
0
0
0
0
0
0
0
0
9
190
157
0
2
50
217
155
0
0
0
0
0
0
0
0
0
0
0
6
158
216
51
77
197
255
187
18
0
0
0
0
0
0
0
0
0
0
0
95
255
243
216
244
221
236
53
0
0
0
0
0
0
0
0
0
0
0
21
192
220
196
145
86
196
122
0
0
0
0
0
0
0
0
0
0
0
0
0
15
10
0
0
141
178
14
0
0
0
0
0
0
0
0
0
0
0
0
0
0
0
0
91
214
50
0
0
0
0
0
0
0
0
0
0
0
0
0
0
0
0
44
211
94
0
0
0
0
0
0
0
0
0
0
0
0
0
0
0
0
13
182
115
0
0
0
0
0
0
0
0
0
0
0
0
0
0
0
0
0
79
171
3
0
0
0
0
0
0
0
0
0
0
0
0
0
0
0
0
0
0
0
0
0
0
0
0
0
0
0
0
0
0
0
0
0
0
0
0
0
0
0
0
0
0
0
0
0
0
0
0
0
0
0