0
0
0
0
0
0
0
0
0
0
0
0
0
0
0
0
0
0
0
0
0
0
0
0
0
0
0
0
0
0
0
0
0
0
0
0
0
0
0
0
0
0
0
0
0
0
0
0
0
0
0
0
0
0
0
0
0
0
0
0
0
0
0
0
0
0
0
0
0
0
0
0
0
0
0
42
64
0
0
0
0
0
0
0
0
0
0
0
0
0
0
0
0
0
2
179
155
0
0
0
0
0
0
0
0
0
0
0
52
23
0
0
0
0
70
241
82
0
0
0
0
0
0
0
0
0
0
44
223
67
0
0
0
5
156
190
6
0
0
0
0
0
0
0
0
0
4
206
241
47
0
0
0
75
247
132
0
0
0
0
0
0
0
0
0
0
56
238
146
8
0
0
0
121
202
12
0
0
0
0
0
0
0
0
0
43
211
197
16
0
0
0
16
206
137
0
0
0
0
0
0
0
0
0
8
192
255
73
8
11
0
0
75
229
46
0
0
0
0
0
0
0
0
0
87
253
255
208
187
184
90
0
160
180
6
0
0
0
0
0
0
0
0
0
107
234
234
238
240
253
221
136
240
156
1
0
0
0
0
0
0
0
0
0
7
43
44
44
43
73
60
95
217
41
0
0
0
0
0
0
0
0
0
0
0
0
0
0
0
0
0
149
204
0
0
0
0
0
0
0
0
0
0
0
0
0
0
0
0
0
27
211
149
0
0
0
0
0
0
0
0
0
0
0
0
0
0
0
0
0
57
218
53
0
0
0
0
0
0
0
0
0
0
0
0
0
0
0
0
0
49
149
11
0
0
0
0
0
0
0
0
0
0
0
0
0
0
0
0
0
0
0
0
0
0
0
0
0
0
0
0
0
0
0
0
0
0
0
0
0
0
0
0
0
0
0
0
0
0
0