0
0
0
0
0
0
0
0
0
0
0
0
0
0
0
0
0
0
0
0
0
0
0
0
0
0
0
0
0
0
0
0
0
0
0
0
0
0
0
0
0
0
0
0
0
0
0
0
0
0
0
17
20
0
0
0
0
0
0
0
0
0
0
0
0
0
0
0
0
0
9
172
194
1
0
0
0
0
0
0
0
0
0
0
0
0
0
0
0
0
36
221
213
5
0
0
0
0
0
0
0
0
0
0
0
0
0
0
0
0
50
236
159
0
0
0
0
0
0
0
0
0
0
0
0
0
0
0
0
0
109
255
102
0
0
0
0
0
0
0
0
0
0
0
0
0
0
0
0
1
186
226
24
0
0
0
0
0
0
0
0
0
0
0
0
0
0
0
0
20
249
219
22
0
0
0
0
0
0
0
0
0
0
0
0
0
0
0
0
78
255
171
7
0
0
0
0
0
0
0
0
0
0
0
0
0
0
0
3
184
246
68
0
0
0
0
0
0
0
0
0
0
0
0
0
0
0
0
40
226
219
30
0
0
0
0
0
0
0
0
0
0
0
0
0
0
0
0
110
255
167
2
0
0
0
0
0
0
0
0
0
0
0
0
0
0
0
14
199
253
35
0
0
0
0
0
0
0
0
0
0
0
0
0
0
0
0
45
243
171
0
0
0
0
0
0
0
0
0
0
0
0
0
0
0
0
0
151
238
51
0
0
0
0
0
0
0
0
0
0
0
0
0
0
0
0
8
228
182
15
0
0
0
0
0
0
0
0
0
0
0
0
0
0
0
0
1
32
17
0
0
0
0
0
0
0
0
0
0
0
0
0
0
0
0
0
0
0
0
0
0
0
0
0
0
0
0
0
0
0
0
0
0
0
0
0
0
0
0
0
0
0
0
0
0
0
0
0
0
0