0
0
0
0
0
0
0
0
0
0
0
0
0
0
0
0
0
0
0
0
0
0
0
0
0
0
0
0
0
0
0
0
0
0
0
0
0
0
0
0
0
0
0
0
0
0
0
0
0
0
0
0
0
0
0
0
0
0
0
0
0
0
0
0
0
0
0
0
0
0
0
0
0
0
0
0
0
0
0
0
0
0
0
0
0
0
0
0
0
0
0
0
0
80
167
146
37
0
0
0
0
0
0
0
0
0
0
0
0
0
0
0
29
198
255
170
49
0
0
0
0
0
0
0
0
0
0
0
0
0
0
33
188
255
227
15
0
0
0
0
0
0
0
0
0
0
0
0
0
0
85
200
255
186
57
0
0
20
62
0
0
0
0
0
0
0
0
0
0
106
247
255
224
61
0
0
0
17
54
0
0
0
0
0
0
0
0
0
101
241
255
232
76
0
0
0
0
0
0
0
0
0
0
0
0
0
0
93
255
255
227
66
0
0
0
0
0
0
0
0
0
0
0
0
0
0
31
206
255
239
71
0
0
0
0
0
0
0
0
0
0
0
0
0
0
41
189
255
234
129
0
0
0
0
0
0
0
0
0
0
0
0
0
0
103
227
255
255
144
5
0
0
0
0
0
0
0
0
0
0
0
0
0
0
194
255
255
164
9
0
0
0
0
0
0
0
0
0
0
0
0
0
0
0
113
165
128
17
0
0
0
0
0
0
0
0
0
0
0
0
0
0
0
0
0
0
0
0
0
0
0
0
0
0
0
0
0
0
0
0
0
0
0
0
0
0
0
0
0
0
0
0
0
0
0
0
0
0
0
0
0
0
0
0
0
0
0
0
0
0
0
0
0
0
0
0
0
0
0
0
0
0
0
0
0
0
0
0
0
0
0
0
0
0
0
0
0
0
0
0