0
0
0
0
0
0
0
0
0
0
0
0
0
0
0
0
0
0
0
0
0
0
0
0
0
0
0
0
0
0
0
0
0
0
0
0
0
0
0
0
0
0
0
0
0
0
0
0
0
0
0
0
0
0
0
0
0
0
0
0
0
0
0
0
0
0
0
0
0
0
65
111
107
26
0
0
0
0
0
0
0
0
0
0
0
0
0
0
0
72
232
137
145
200
55
0
0
0
0
0
0
0
0
0
0
0
40
77
67
196
170
15
4
176
205
14
0
0
0
0
0
0
0
0
0
47
226
253
255
255
67
0
0
56
234
93
0
0
0
0
0
0
0
0
0
80
255
144
103
235
45
0
0
47
227
107
0
0
0
0
0
0
0
0
0
41
222
218
57
127
10
0
0
110
217
21
0
0
0
0
0
0
0
0
0
0
55
203
228
82
0
0
55
233
125
0
0
0
0
0
0
0
0
0
0
0
0
37
178
244
100
76
241
170
10
0
0
0
0
0
0
0
0
0
0
0
0
0
14
148
244
245
181
25
0
0
0
0
0
0
0
0
0
0
0
0
0
0
0
55
255
255
71
0
0
0
0
0
0
0
0
0
0
0
0
0
0
0
60
214
170
182
201
14
0
0
0
0
0
0
0
0
0
0
0
0
0
20
208
192
0
71
236
77
0
0
0
0
0
0
0
0
0
0
0
0
0
112
247
53
0
130
244
74
0
0
0
0
0
0
0
0
0
0
0
0
0
127
253
142
174
251
187
9
0
0
0
0
0
0
0
0
0
0
0
0
0
42
186
222
222
138
21
0
0
0
0
0
0
0
0
0
0
0
0
0
0
0
0
0
0
0
0
0
0
0
0
0
0
0
0
0
0
0
0
0
0
0
0
0
0
0
0
0
0
0
0
0
0
0