0
0
0
0
0
0
0
0
0
0
0
0
0
0
0
0
0
0
0
0
0
0
0
0
0
0
0
0
0
0
0
0
0
0
0
0
0
0
0
0
0
0
0
0
0
0
0
0
0
0
0
0
0
0
0
0
0
0
0
0
0
0
0
0
0
0
0
0
0
0
46
103
114
78
6
0
0
0
0
0
0
0
0
0
0
0
0
6
85
174
226
249
235
253
88
0
0
0
0
0
0
0
0
0
0
36
91
195
255
249
133
39
115
255
109
0
0
0
0
0
0
0
0
0
24
217
255
254
222
146
0
62
238
216
35
0
0
0
0
0
0
0
0
0
12
117
92
40
22
0
50
216
238
64
0
0
0
0
0
0
0
0
0
0
0
0
0
0
0
66
228
255
136
0
0
0
0
0
0
0
0
0
0
0
0
0
0
0
90
233
255
254
221
110
0
0
0
0
0
0
0
0
0
0
0
0
34
159
255
236
155
82
228
200
19
0
0
0
0
0
0
0
0
0
0
108
225
253
150
58
0
4
224
197
18
0
0
0
0
0
0
0
0
0
5
197
206
63
0
0
0
49
243
147
0
0
0
0
0
0
0
0
0
0
1
39
17
0
0
0
0
149
251
65
0
0
0
0
0
0
0
0
0
0
0
0
0
0
0
0
42
235
195
11
0
0
0
0
0
0
0
0
0
0
0
0
0
0
0
9
166
246
66
0
0
0
0
0
0
0
0
0
8
24
23
4
0
3
66
176
254
118
0
0
0
0
0
0
0
0
0
0
84
193
188
163
156
162
204
226
127
0
0
0
0
0
0
0
0
0
0
0
0
0
0
0
0
0
0
0
0
0
0
0
0
0
0
0
0
0
0
0
0
0
0
0
0
0
0
0
0
0
0
0
0
0
0
0
0
0