0
0
0
0
0
0
0
0
0
0
0
0
0
0
0
0
0
0
0
0
0
0
0
0
0
0
0
0
0
0
0
0
0
0
0
0
0
0
0
0
0
0
0
0
0
0
0
0
0
0
0
0
0
0
0
0
0
0
0
0
0
0
0
0
0
0
0
0
0
0
0
0
0
0
0
0
0
0
0
0
0
0
0
0
0
0
0
0
0
0
0
0
0
0
0
0
0
0
0
0
0
0
3
53
56
0
0
0
0
0
0
14
51
42
0
0
0
0
0
0
0
0
10
190
254
161
98
39
40
75
113
191
241
193
19
0
0
0
0
0
0
0
0
46
180
252
254
241
241
250
234
190
249
200
23
0
0
0
0
0
0
0
0
0
4
66
119
140
138
128
59
1
226
151
0
0
0
0
0
0
0
0
0
0
0
0
0
0
0
0
0
40
235
119
0
0
0
0
0
0
0
0
0
0
0
0
0
0
0
0
0
74
242
108
0
0
0
0
0
0
0
0
0
0
0
0
0
0
0
0
0
107
242
69
0
0
0
0
0
0
0
0
0
0
0
0
0
0
0
0
0
158
224
9
0
0
0
0
0
0
0
0
0
0
0
0
0
0
0
0
22
203
172
0
0
0
0
0
0
0
0
0
0
0
0
0
0
0
0
0
32
216
169
0
0
0
0
0
0
0
0
0
0
0
0
0
0
0
0
0
63
251
118
0
0
0
0
0
0
0
0
0
0
0
0
0
0
0
0
0
133
255
63
0
0
0
0
0
0
0
0
0
0
0
0
0
0
0
0
0
162
248
27
0
0
0
0
0
0
0
0
0
0
0
0
0
0
0
0
0
165
210
18
0
0
0
0
0
0
0
0
0
0
0
0
0
0
0
0
0
120
191
14
0
0
0
0
0
0
0