0
0
0
0
0
0
0
0
0
0
0
0
0
0
0
0
0
0
0
0
0
0
0
0
0
0
0
0
0
0
0
0
0
0
0
0
0
0
0
0
0
0
0
0
0
0
0
0
0
0
26
2
0
0
0
0
0
0
0
0
0
0
0
0
0
0
0
0
1
112
235
151
126
115
50
0
0
0
0
0
0
0
0
0
0
0
0
0
84
250
244
141
98
114
171
61
0
0
0
0
0
0
0
0
0
0
0
24
199
160
54
4
0
0
101
127
0
0
0
0
0
0
0
0
0
0
0
142
199
16
0
0
0
0
151
116
0
0
0
0
0
0
0
0
0
0
41
220
85
0
0
0
0
36
196
32
0
0
0
0
0
0
0
0
0
0
138
197
2
0
0
0
5
164
140
0
0
0
0
0
0
0
0
0
0
0
162
182
0
0
0
8
140
167
8
0
0
0
0
0
0
0
0
0
0
0
143
205
43
48
105
224
219
16
0
0
0
0
0
0
0
0
0
0
0
0
36
210
234
237
191
119
171
41
0
0
0
0
0
0
0
0
0
0
0
0
9
194
173
48
12
0
83
154
0
0
0
0
0
0
0
0
0
0
0
0
131
207
32
0
0
0
37
210
30
0
0
0
0
0
0
0
0
0
0
32
217
100
0
0
0
0
58
207
25
0
0
0
0
0
0
0
0
0
0
43
217
64
0
0
0
27
188
112
0
0
0
0
0
0
0
0
0
0
0
9
167
225
129
91
128
208
136
0
0
0
0
0
0
0
0
0
0
0
0
0
14
42
40
30
40
42
4
0
0
0
0
0
0
0
0
0
0
0
0
0
0
0
0
0
0
0
0
0
0
0
0
0
0
0
0
0
0
0
0
0
0
0
0
0
0
0
0
0
0
0
0
0
0
0