0
0
0
0
0
0
0
0
0
0
0
0
0
0
0
0
0
0
0
0
0
0
0
0
0
0
0
0
0
0
0
0
0
0
0
0
0
0
0
0
0
0
0
0
0
0
0
0
0
0
0
0
0
0
0
0
0
0
0
0
0
0
0
0
0
2
47
0
0
0
0
0
0
0
0
0
0
0
0
0
0
0
0
0
1
145
237
201
194
153
115
86
73
15
0
0
0
0
0
0
0
0
0
0
0
108
184
193
193
189
193
189
224
215
39
0
0
0
0
0
0
0
0
0
0
0
0
0
0
0
2
0
58
243
120
0
0
0
0
0
0
0
0
0
0
0
0
0
0
0
0
0
14
238
128
0
0
0
0
0
0
0
0
0
0
0
0
0
0
0
0
0
88
248
51
0
0
0
0
0
0
0
0
0
0
0
0
0
0
0
0
9
224
147
0
0
0
0
0
0
0
0
0
0
0
0
0
0
0
0
14
190
213
20
0
0
0
0
0
0
0
0
0
0
11
91
132
109
62
55
190
252
55
0
0
0
0
0
0
0
0
0
0
0
149
248
196
203
235
247
255
242
223
231
170
81
15
0
0
0
0
0
0
0
200
190
0
109
245
196
90
86
128
140
182
241
219
80
0
0
0
0
0
0
142
238
189
255
188
31
0
0
0
0
7
47
110
233
97
0
0
0
0
0
21
182
215
109
11
0
0
0
0
0
0
0
0
129
141
0
0
0
0
0
0
11
15
0
0
0
0
0
0
0
0
0
0
15
32
0
0
0
0
0
0
0
0
0
0
0
0
0
0
0
0
0
0
0
0
0
0
0
0
0
0
0
0
0
0
0
0
0
0
0
0
0
0
0
0
0
0
0
0
0
0
0
0
0
0
0
0
0
0
0
0
0
0
0
0
0