0
0
0
0
0
0
0
0
0
0
0
0
0
0
0
0
0
0
0
0
0
0
0
0
0
0
0
0
0
0
0
0
0
0
0
0
0
0
0
0
0
0
0
0
11
62
101
185
225
194
161
202
74
2
0
0
0
0
0
0
0
0
0
0
41
183
207
200
135
145
145
170
251
163
35
0
0
0
0
0
0
0
0
0
2
13
26
21
0
0
0
3
90
239
206
12
0
0
0
0
0
0
0
0
0
0
0
0
0
0
0
0
0
77
244
155
4
0
0
0
0
0
0
0
0
0
0
0
0
0
0
0
0
0
164
213
21
0
0
0
0
0
0
0
0
0
0
0
0
0
0
0
0
0
145
209
20
0
0
0
0
0
0
0
0
0
0
0
0
0
0
0
0
0
173
212
20
0
0
0
0
0
0
11
116
191
191
191
149
106
76
84
20
15
206
206
16
0
0
0
0
0
7
158
254
221
205
187
221
235
238
255
216
134
227
151
0
0
0
0
0
0
36
255
151
25
7
3
37
63
74
101
204
255
252
96
0
0
0
0
0
0
39
244
50
0
0
0
0
0
0
0
139
255
255
157
3
0
0
0
0
0
38
255
77
0
0
0
0
0
8
133
249
177
166
246
136
8
0
0
0
0
32
255
153
35
32
13
32
43
175
255
164
10
7
120
112
8
0
0
0
0
0
102
234
255
249
223
248
255
227
89
5
0
0
0
0
0
0
0
0
0
0
1
61
110
110
111
110
110
62
0
0
0
0
0
0
0
0
0
0
0
0
0
0
0
0
0
0
0
0
0
0
0
0
0
0
0
0
0
0
0
0
0
0
0
0
0
0
0
0
0
0
0
0
0
0
0
0
0
0
0
0
0
0
0
0
0
0
0
0
0
0
0
0
0
0
0
0
0