0
0
0
0
0
0
0
0
0
0
0
0
0
0
0
0
0
0
0
0
0
0
0
0
0
0
0
0
0
0
0
0
0
0
0
0
0
0
0
0
0
0
0
0
0
0
0
0
0
0
0
0
0
0
0
0
0
0
0
0
0
0
0
0
0
0
0
0
0
0
0
0
0
0
0
0
0
0
0
0
0
0
0
0
134
113
43
13
7
1
0
0
0
0
0
0
0
0
0
0
0
0
0
0
152
206
156
153
135
108
109
107
70
5
0
0
0
0
0
0
0
0
0
0
160
143
0
7
45
65
76
91
168
139
10
0
0
0
0
0
0
0
0
18
178
76
0
0
0
0
0
0
33
232
68
0
0
0
0
0
0
0
0
1
6
0
0
0
0
0
0
0
38
251
108
0
0
0
0
0
0
0
0
0
0
0
0
0
0
0
0
0
52
255
78
0
0
0
0
0
0
0
0
0
0
0
0
0
0
0
0
0
146
226
37
0
0
0
0
0
0
0
0
0
0
0
0
0
0
0
0
36
243
171
4
0
0
0
0
0
0
0
0
0
0
0
0
0
0
0
0
150
255
80
0
0
0
0
0
0
0
0
0
0
0
0
0
0
0
0
60
243
150
0
0
0
0
0
0
0
0
0
0
0
0
0
0
0
0
9
192
217
23
0
0
0
0
0
0
0
0
0
0
0
0
0
0
0
0
116
248
79
0
0
0
0
0
0
0
0
0
0
0
0
0
0
0
0
57
241
168
2
0
0
0
0
0
0
0
0
0
0
0
0
0
0
0
23
207
227
28
0
0
0
0
0
0
0
0
0
0
0
0
0
0
0
0
44
156
65
0
0
0
0
0
0
0
0
0
0
0
0
0
0
0
0
0
0
0
0
0
0
0
0
0
0
0
0
0
0