0
0
0
0
0
0
0
0
0
0
0
0
0
0
0
0
0
0
0
0
0
0
0
0
0
0
0
0
0
0
0
0
0
0
0
0
0
0
0
0
0
0
0
0
0
0
0
0
0
0
0
0
0
0
0
0
0
0
0
0
0
0
0
0
0
0
0
0
0
0
0
0
0
0
0
0
0
0
0
0
0
0
0
0
0
0
38
125
188
162
102
26
0
0
0
0
0
0
0
0
0
0
0
0
0
83
232
255
255
255
255
232
112
0
0
0
0
0
0
0
0
0
0
0
74
236
244
165
90
112
236
255
242
134
61
0
0
0
0
0
0
0
0
10
193
255
111
0
0
0
52
178
253
255
154
0
0
0
0
0
0
0
0
19
212
216
23
0
0
0
0
56
242
255
157
0
0
0
0
0
0
0
0
19
212
214
23
0
0
0
0
6
150
255
156
0
0
0
0
0
0
0
0
14
200
255
188
104
59
60
57
113
221
255
156
0
0
0
0
0
0
0
0
0
70
179
251
255
255
255
255
249
222
255
154
0
0
0
0
0
0
0
0
0
0
7
48
87
144
117
80
44
62
255
181
1
0
0
0
0
0
0
0
0
0
0
0
0
0
0
0
0
26
242
227
16
0
0
0
0
0
0
0
0
0
0
0
0
0
0
0
0
18
205
250
41
0
0
0
0
0
0
0
0
0
0
0
0
0
0
0
0
17
203
255
83
0
0
0
0
0
0
0
0
0
0
0
0
0
0
0
0
9
178
255
106
0
0
0
0
0
0
0
0
0
0
0
0
0
0
0
0
0
143
255
191
8
0
0
0
0
0
0
0
0
0
0
0
0
0
0
0
0
54
153
110
4
0
0
0
0
0
0
0
0
0
0
0
0
0
0
0
0
0
0
0
0
0
0
0