0
0
0
0
0
0
0
0
0
0
0
0
0
0
0
0
0
0
0
0
0
0
0
0
0
0
0
0
0
0
0
0
0
0
0
0
0
0
0
0
0
0
0
0
0
0
0
0
11
29
11
0
0
0
0
0
0
0
0
0
0
0
0
0
0
0
0
40
185
237
182
125
47
0
0
0
0
0
0
0
0
0
0
0
0
0
0
185
255
255
255
255
224
103
3
0
0
0
0
0
0
0
0
0
0
0
0
152
255
255
250
243
255
255
118
3
0
0
0
0
0
0
0
0
0
0
0
101
255
255
232
103
169
242
255
103
0
0
0
0
0
0
0
0
0
0
103
240
255
255
230
59
0
139
255
210
25
0
0
0
0
0
0
0
0
62
235
255
251
209
66
12
0
1
194
255
125
0
0
0
0
0
0
0
4
183
255
255
136
25
0
0
0
0
182
255
177
9
0
0
0
0
0
0
103
255
252
135
0
0
0
0
0
0
180
255
177
9
0
0
0
0
0
0
167
255
201
10
0
0
0
0
0
36
219
255
125
0
0
0
0
0
0
0
186
255
112
0
0
0
0
0
47
211
255
230
46
0
0
0
0
0
0
0
187
255
84
0
0
0
10
119
247
255
255
149
0
0
0
0
0
0
0
0
151
255
191
66
94
127
200
255
255
255
179
22
0
0
0
0
0
0
0
0
39
217
255
252
254
255
255
255
209
102
10
0
0
0
0
0
0
0
0
0
0
49
195
255
255
233
176
125
25
0
0
0
0
0
0
0
0
0
0
0
0
0
13
36
37
27
9
0
0
0
0
0
0
0
0
0
0
0
0
0
0
0
0
0
0
0
0
0
0
0
0
0
0
0
0
0
0
0
0
0
0
0
0
0
0
0
0
0
0
0
0
0
0
0
0
0