0
0
0
0
0
0
0
0
0
0
0
0
0
0
0
0
0
0
0
0
0
0
0
0
0
0
0
0
0
0
0
0
0
0
0
0
0
0
0
0
0
0
0
0
0
0
0
0
0
0
0
0
0
0
0
0
0
0
0
0
0
0
0
0
0
0
0
0
0
0
0
0
0
0
0
0
0
0
0
0
0
0
0
0
92
95
44
46
46
47
41
12
0
0
0
0
0
0
0
0
0
0
0
0
111
220
235
244
243
244
237
217
91
0
0
0
0
0
0
0
0
0
0
0
0
39
74
87
85
84
85
204
180
0
0
0
0
0
0
0
0
0
0
0
0
0
0
0
0
0
60
246
92
0
0
0
0
0
0
0
0
0
0
0
0
0
0
0
0
37
204
156
1
0
0
0
0
0
0
0
0
0
0
0
0
0
0
0
35
201
205
17
0
0
0
0
0
0
0
0
0
0
0
0
0
0
0
11
186
241
62
6
0
0
0
0
0
0
0
0
0
0
0
0
0
0
0
10
143
212
194
188
170
103
7
0
0
0
0
0
0
0
0
0
0
0
0
0
8
25
74
110
186
246
51
0
0
0
0
0
0
0
0
0
0
0
0
0
0
0
0
0
109
225
38
0
0
0
0
0
0
0
0
0
0
0
0
0
0
0
0
37
223
139
0
0
0
0
0
0
0
0
0
0
0
0
0
0
0
0
2
157
229
50
0
0
0
0
0
0
0
0
0
0
0
0
0
0
0
0
130
231
75
0
0
0
0
0
0
0
0
0
0
0
0
0
0
9
126
146
201
78
0
0
0
0
0
0
0
0
0
0
0
0
0
0
0
0
79
108
26
0
0
0
0
0
0
0
0
0
0
0
0
0
0
0
0
0
0
0
0
0
0
0
0
0
0
0
0
0