0
0
0
0
0
0
0
0
0
0
0
0
0
0
0
0
0
0
0
0
0
0
0
0
0
0
0
0
0
0
0
0
0
0
0
0
0
0
0
0
0
0
0
0
0
0
0
0
0
0
0
0
0
0
0
0
0
0
0
0
0
0
0
0
0
0
0
0
0
0
0
0
0
0
0
0
0
0
0
0
0
0
0
0
0
0
0
0
0
0
0
0
0
0
0
0
0
0
0
0
0
0
0
0
0
0
0
0
0
0
0
0
17
44
74
66
19
0
0
0
0
0
0
0
0
0
0
0
38
39
97
140
187
226
255
250
76
0
0
0
0
0
110
148
104
65
107
180
245
238
237
212
231
255
244
99
6
0
0
0
0
0
158
224
233
218
218
207
148
136
58
73
204
246
106
5
0
0
0
0
0
0
9
38
54
35
35
27
0
0
12
189
255
145
0
0
0
0
0
0
0
0
0
0
0
0
0
0
0
0
106
255
208
9
0
0
0
0
0
0
0
0
0
0
0
0
0
0
0
6
191
255
115
0
0
0
0
0
0
0
0
0
0
0
0
0
0
0
0
72
255
157
0
0
0
0
0
0
0
0
0
0
0
0
0
0
0
0
31
211
243
74
0
0
0
0
0
0
0
0
0
0
0
0
0
0
0
0
111
255
155
0
0
0
0
0
0
0
0
0
0
0
0
0
0
0
0
21
214
252
69
0
0
0
0
0
0
0
0
0
0
0
0
0
0
0
0
33
255
189
10
0
0
0
0
0
0
0
0
0
0
0
0
0
0
0
4
167
242
59
0
0
0
0
0
0
0
0
0
0
0
0
0
0
0
0
17
229
166
13
0
0
0
0
0
0
0
0
0
0
0
0
0
0
0
0
4
87
20
0
0
0
0
0
0
0
0
0
0
0