0
0
0
0
0
0
0
0
0
0
0
0
0
0
0
0
0
0
0
0
0
0
0
0
0
0
0
0
0
0
0
0
0
0
0
0
0
0
0
0
0
0
0
0
56
193
139
132
140
180
135
55
0
0
0
0
0
0
0
0
0
0
0
0
49
91
2
0
1
21
107
199
115
2
0
0
0
0
0
0
0
0
0
0
0
0
0
0
0
0
0
27
191
113
0
0
0
0
0
0
0
0
0
0
0
0
0
0
0
0
0
0
38
179
69
0
0
0
0
0
0
0
0
0
0
0
0
0
0
0
0
0
0
95
143
0
0
0
0
0
0
0
0
0
0
0
0
0
0
0
0
0
0
72
132
2
0
0
0
0
0
0
0
0
0
0
0
0
0
0
0
0
0
72
132
2
0
0
0
0
0
0
0
0
0
0
0
0
0
0
0
0
0
111
154
0
0
0
0
0
0
0
0
0
0
0
0
0
0
0
0
0
16
197
96
0
0
0
0
0
0
0
0
0
0
0
0
0
0
0
0
0
126
169
9
0
0
0
0
0
0
0
0
0
84
187
180
149
130
114
61
68
191
29
0
0
0
0
0
0
0
0
0
0
184
98
27
55
88
124
216
240
186
121
89
60
39
34
20
0
0
0
0
0
169
79
0
0
21
109
208
94
49
85
112
114
138
164
65
0
0
0
0
0
65
188
126
119
166
144
55
0
0
0
0
2
8
11
3
0
0
0
0
0
0
39
109
92
32
0
0
0
0
0
0
0
0
0
0
0
0
0
0
0
0
0
0
0
0
0
0
0
0
0
0
0
0
0
0
0
0
0
0
0
0
0
0
0
0
0
0
0
0
0
0
0
0
0
0
0
0
0
0
0
0
0
0
0
0
0
0
0
0
0
0
0
0
0
0
0