0
0
0
0
0
0
0
0
0
0
0
0
0
0
0
0
0
0
0
0
0
0
0
0
0
0
0
0
0
0
0
0
0
0
0
0
0
0
0
0
0
0
0
0
0
0
0
0
0
0
0
0
0
0
0
0
0
0
0
0
0
0
0
0
0
0
0
35
72
0
0
0
7
64
16
0
0
0
0
0
0
0
0
0
0
0
0
89
190
9
0
0
64
234
54
0
0
0
0
0
0
0
0
0
0
0
0
138
150
0
0
0
137
221
33
0
0
0
0
0
0
0
0
0
0
0
0
200
139
0
0
1
199
150
2
0
0
0
0
0
0
0
0
0
0
0
37
241
134
0
0
56
232
99
0
0
0
0
0
0
0
0
0
0
0
0
66
237
92
0
0
100
237
60
0
0
0
0
0
0
0
0
0
0
0
10
171
212
22
0
0
153
223
6
0
0
0
0
0
0
0
0
0
0
0
49
241
236
168
171
183
246
150
0
0
0
0
0
0
0
0
0
0
0
0
36
189
218
219
218
231
255
101
0
0
0
0
0
0
0
0
0
0
0
0
0
15
22
21
14
87
255
71
0
0
0
0
0
0
0
0
0
0
0
0
0
0
0
0
0
132
224
34
0
0
0
0
0
0
0
0
0
0
0
0
0
0
0
0
2
210
177
6
0
0
0
0
0
0
0
0
0
0
0
0
0
0
0
0
40
241
123
0
0
0
0
0
0
0
0
0
0
0
0
0
0
0
0
0
156
233
46
0
0
0
0
0
0
0
0
0
0
0
0
0
0
0
0
0
159
166
0
0
0
0
0
0
0
0
0
0
0
0
0
0
0
0
0
0
0
0
0
0
0
0
0
0
0
0
0
0
0
0
0
0
0
0
0
0
0
0
0
0
0
0
0
0
0
0
0