0
0
0
0
0
0
0
0
0
0
0
0
0
0
0
0
0
0
0
0
0
0
0
0
0
0
0
0
0
0
0
0
0
0
0
0
0
0
0
0
0
0
0
0
0
0
0
0
0
0
0
0
0
0
0
0
0
0
0
0
0
0
0
0
0
0
0
0
0
0
0
0
0
0
0
0
0
0
0
0
0
0
0
0
0
0
0
35
121
183
185
174
104
12
0
0
0
0
0
0
0
0
0
0
0
32
149
237
255
255
255
255
255
136
1
0
0
0
0
0
0
0
0
0
45
195
255
246
147
90
103
143
228
248
85
0
0
0
0
0
0
0
0
21
193
255
185
48
0
0
0
0
143
255
141
0
0
0
0
0
0
0
0
84
254
205
28
0
0
0
0
0
135
255
141
0
0
0
0
0
0
0
0
123
255
151
0
0
0
0
0
0
134
255
141
0
0
0
0
0
0
0
0
101
255
221
84
1
0
0
0
0
158
255
136
0
0
0
0
0
0
0
0
22
177
255
249
168
106
48
29
61
229
255
93
0
0
0
0
0
0
0
0
0
18
105
185
251
255
245
238
250
255
255
72
0
0
0
0
0
0
0
0
0
0
0
0
73
126
144
143
139
231
255
96
0
0
0
0
0
0
0
0
0
0
0
0
0
0
0
0
0
199
255
95
0
0
0
0
0
0
0
0
0
0
0
0
0
0
0
0
0
147
255
128
0
0
0
0
0
0
0
0
0
0
0
0
0
0
0
0
0
135
255
148
0
0
0
0
0
0
0
0
0
0
0
0
0
0
0
0
0
143
255
208
5
0
0
0
0
0
0
0
0
0
0
0
0
0
0
0
0
78
150
117
3
0
0
0
0
0
0
0
0
0
0
0
0
0
0
0
0
0
0
0
0
0
0
0
0