0
0
0
0
0
0
0
0
0
0
0
0
0
0
0
0
0
0
0
0
0
0
0
0
0
0
0
66
29
0
0
0
0
0
0
0
0
0
0
0
0
0
0
0
0
0
14
185
83
0
0
0
0
0
0
0
0
0
0
0
0
0
0
0
0
0
81
242
94
0
0
0
0
0
0
0
0
0
0
0
0
0
0
0
0
0
121
246
72
0
0
0
0
0
0
0
0
0
0
0
0
0
0
0
0
0
168
245
46
0
0
0
0
0
0
0
0
0
0
0
0
0
0
0
0
27
205
246
64
0
0
29
52
29
0
0
0
0
0
0
0
0
0
0
0
6
176
253
74
0
61
205
244
220
102
0
0
0
0
0
0
0
0
0
0
0
151
255
76
54
235
249
131
172
249
100
0
0
0
0
0
0
0
0
0
0
125
255
145
179
255
134
0
7
197
222
29
0
0
0
0
0
0
0
0
0
81
249
255
255
156
1
0
0
69
255
98
0
0
0
0
0
0
0
0
0
22
199
255
249
49
0
0
0
44
255
115
0
0
0
0
0
0
0
0
0
0
94
255
248
58
0
0
19
177
255
90
0
0
0
0
0
0
0
0
0
0
12
176
255
235
112
45
131
255
159
5
0
0
0
0
0
0
0
0
0
0
0
39
207
255
254
240
255
215
23
0
0
0
0
0
0
0
0
0
0
0
0
0
19
83
162
193
165
44
0
0
0
0
0
0
0
0
0
0
0
0
0
0
0
0
0
0
0
0
0
0
0
0
0
0
0
0
0
0
0
0
0
0
0
0
0
0
0
0
0
0
0
0
0
0
0
0
0
0
0
0
0
0
0
0
0
0
0
0
0
0
0
0
0
0
0
0
0
0
0
0
0
0
0
0
0
0
0
0
0
0
0
0
0