0
0
0
0
0
0
0
0
0
0
0
0
0
0
0
0
0
0
0
0
0
0
0
0
0
0
0
0
0
0
0
0
0
0
0
0
0
0
0
0
0
0
0
0
0
0
0
0
0
0
0
0
0
0
0
0
0
0
0
0
0
0
0
0
0
0
0
0
0
0
0
0
0
0
0
0
0
0
0
0
0
0
0
0
0
0
0
0
0
0
0
0
0
0
0
0
0
0
0
0
0
0
0
0
0
0
0
0
0
0
0
0
0
0
0
0
0
0
0
0
0
0
20
34
34
35
27
28
2
0
4
29
66
81
10
0
0
0
0
0
0
0
178
221
217
215
208
212
190
185
178
193
230
206
28
0
0
0
0
0
0
0
61
73
72
65
63
72
73
72
36
12
159
164
0
0
0
0
0
0
0
0
0
0
0
0
0
0
0
0
0
7
200
93
0
0
0
0
0
0
0
0
0
0
0
0
0
0
6
17
22
91
232
110
44
47
16
0
0
0
0
0
0
0
0
0
0
0
46
179
209
245
250
212
219
239
86
0
0
0
0
0
0
0
0
0
0
0
9
40
37
109
221
48
32
40
14
0
0
0
0
0
0
0
0
0
0
0
0
0
0
78
216
19
0
0
0
0
0
0
0
0
0
0
0
0
0
0
0
0
0
82
215
22
0
0
0
0
0
0
0
0
0
0
0
0
0
0
0
0
0
82
200
12
0
0
0
0
0
0
0
0
0
0
0
0
0
0
0
0
0
83
218
21
0
0
0
0
0
0
0
0
0
0
0
0
0
0
0
0
0
46
152
13
0
0
0
0
0
0
0
0
0
0
0
0
0
0
0
0
0
0
0
0
0
0
0
0
0
0
0
0
0
0
0
0
0
0
0
0
0
0
0
0
0
0
0
0
0
0