0
0
0
0
0
0
0
0
0
0
0
0
0
0
0
0
0
0
0
0
0
0
0
0
0
0
0
0
0
0
0
0
0
0
0
0
0
0
0
0
0
0
0
0
0
0
0
0
0
0
0
0
0
0
0
10
29
2
0
0
0
0
0
0
0
0
0
0
0
0
0
0
0
0
39
183
188
10
0
0
0
0
0
0
0
0
0
0
0
0
0
9
46
123
224
252
91
0
0
0
0
0
0
0
0
0
0
0
28
125
139
198
255
255
208
108
0
0
0
0
0
0
0
0
0
0
0
0
39
172
204
195
172
102
14
0
0
0
0
0
0
0
0
0
0
0
0
0
99
170
24
13
6
0
0
0
0
0
0
0
0
0
0
0
0
0
0
5
169
183
0
0
0
0
0
0
0
0
0
0
0
0
0
0
0
0
0
0
64
222
102
0
0
0
0
0
0
0
0
0
0
0
0
0
0
0
0
0
0
68
230
82
0
0
0
0
0
0
0
0
0
0
0
0
0
0
0
0
0
0
146
179
8
0
0
0
0
0
0
0
0
0
0
0
16
3
0
0
0
0
31
208
39
0
0
0
0
0
0
0
0
0
0
0
103
141
13
0
0
0
21
203
56
0
0
0
0
0
0
0
0
0
0
0
35
230
201
64
0
0
59
227
40
0
0
0
0
0
0
0
0
0
0
0
0
62
214
240
152
104
206
148
0
0
0
0
0
0
0
0
0
0
0
0
0
0
27
153
251
255
198
56
0
0
0
0
0
0
0
0
0
0
0
0
0
0
0
5
31
37
14
0
0
0
0
0
0
0
0
0
0
0
0
0
0
0
0
0
0
0
0
0
0
0
0
0
0
0
0
0
0
0
0
0
0
0
0
0
0
0
0
0
0
0
0
0
0
0
0
0