0
0
0
0
0
0
0
0
0
0
0
0
0
0
0
0
0
0
0
0
0
0
0
0
0
0
0
0
0
0
0
0
0
0
0
0
0
0
0
0
0
0
0
0
0
0
0
0
0
0
0
0
0
0
0
0
0
0
0
0
0
0
0
0
0
0
0
0
0
0
78
54
0
0
0
0
0
0
0
0
0
0
0
0
0
0
0
0
0
48
245
201
14
0
0
0
0
0
0
0
0
0
0
0
0
0
0
0
0
143
254
103
0
0
0
0
0
0
0
0
0
0
0
0
0
0
0
0
0
190
237
50
0
0
0
0
0
0
0
0
0
0
0
0
0
0
0
0
0
187
236
52
0
0
0
0
0
0
0
0
0
0
0
0
0
0
0
0
0
185
252
74
0
0
0
0
0
0
0
0
0
0
0
0
0
0
0
0
0
185
255
99
0
0
0
0
0
0
0
0
0
0
0
0
0
0
0
0
0
158
255
97
0
0
0
0
0
0
0
0
0
0
0
0
0
0
0
0
0
118
255
97
0
0
0
0
0
0
0
0
0
0
0
0
0
0
0
0
0
121
255
97
0
0
0
0
0
0
0
0
0
0
0
0
0
0
0
0
0
120
255
97
0
0
0
0
0
0
0
0
0
0
0
0
0
0
0
0
0
118
255
97
0
0
0
0
0
0
0
0
0
0
0
0
0
0
0
0
0
63
255
98
0
0
0
0
0
0
0
0
0
0
0
0
0
0
0
0
0
35
248
101
0
0
0
0
0
0
0
0
0
0
0
0
0
0
0
0
0
9
175
51
0
0
0
0
0
0
0
0
0
0
0
0
0
0
0
0
0
0
0
0
0
0
0
0
0
0
0
0
0
0
0
0
0
0
0
0
0
0
0
0
0
0
0
0
0
0
0
0