0
0
0
0
0
0
0
0
0
0
0
0
0
0
0
0
0
0
0
0
0
0
0
0
0
0
0
0
0
0
0
0
0
0
0
0
0
0
0
0
0
0
0
0
0
0
0
20
32
33
33
2
0
0
0
0
0
0
0
0
0
0
0
0
0
0
0
104
250
251
250
147
85
112
111
40
0
0
0
0
0
0
0
0
0
0
0
17
165
253
255
255
255
255
255
115
0
0
0
0
0
0
0
0
0
0
0
0
29
216
236
130
124
117
110
12
0
0
0
0
0
0
0
0
0
0
0
0
63
245
200
1
0
0
0
0
0
0
0
0
0
0
0
0
0
0
0
0
107
255
152
0
0
0
0
0
0
0
0
0
0
0
0
0
0
0
0
11
184
255
61
0
0
0
0
0
0
0
0
0
0
0
0
0
0
0
0
27
234
248
167
126
88
32
0
0
0
0
0
0
0
0
0
0
0
0
0
20
216
255
249
244
255
242
104
0
0
0
0
0
0
0
0
0
0
0
0
0
69
114
76
70
133
225
242
31
0
0
0
0
0
0
0
0
0
0
0
0
0
0
0
0
30
220
255
40
0
0
0
0
0
0
13
94
91
102
65
0
0
0
0
42
189
255
208
8
0
0
0
0
0
0
34
251
255
249
101
5
6
38
127
226
255
218
60
0
0
0
0
0
0
0
1
113
236
255
240
235
241
253
255
235
163
23
0
0
0
0
0
0
0
0
0
4
56
129
223
249
194
164
132
50
0
0
0
0
0
0
0
0
0
0
0
0
0
0
23
32
14
4
0
0
0
0
0
0
0
0
0
0
0
0
0
0
0
0
0
0
0
0
0
0
0
0
0
0
0
0
0
0
0
0
0
0
0
0
0
0
0
0
0
0
0
0
0
0
0
0
0
0