0
0
0
0
0
0
0
0
0
0
0
0
0
0
0
0
0
0
0
0
0
0
0
0
0
0
0
0
0
0
0
0
0
0
0
0
0
0
0
0
0
0
0
0
0
0
0
8
11
21
36
37
11
0
0
0
0
0
0
0
0
0
0
0
0
34
97
176
186
214
255
255
190
70
2
0
0
0
0
0
0
0
0
0
6
203
255
254
251
250
232
196
255
208
23
0
0
0
0
0
0
0
0
0
0
69
102
22
8
10
8
6
150
212
29
0
0
0
0
0
0
0
0
0
0
0
0
0
0
0
0
73
234
213
29
0
0
0
0
0
0
0
0
0
0
0
0
0
0
0
69
227
255
105
0
0
0
0
0
0
0
0
0
0
0
0
0
0
55
145
255
255
135
0
0
0
0
0
0
0
0
0
0
0
0
0
27
136
241
255
226
93
0
0
0
0
0
0
0
0
0
0
0
0
0
63
216
255
217
108
1
0
0
0
0
0
0
0
0
0
0
0
0
0
0
167
255
255
154
56
70
98
78
14
0
0
0
0
0
0
0
0
0
0
0
135
223
242
253
234
227
217
226
195
54
0
0
0
0
0
0
0
0
0
0
0
0
63
112
84
62
5
43
231
255
10
0
0
0
0
0
0
0
0
0
0
6
0
0
0
0
4
97
243
216
6
0
0
0
0
0
0
0
0
0
14
183
214
115
126
187
255
255
238
88
0
0
0
0
0
0
0
0
0
0
20
172
255
255
255
244
185
146
51
0
0
0
0
0
0
0
0
0
0
0
0
16
35
36
37
29
11
0
0
0
0
0
0
0
0
0
0
0
0
0
0
0
0
0
0
0
0
0
0
0
0
0
0
0
0
0
0
0
0
0
0
0
0
0
0
0
0
0
0
0
0
0
0
0
0