0
0
0
0
0
0
0
0
0
0
0
0
0
0
0
0
0
0
0
0
0
0
0
0
0
0
0
0
0
0
0
0
0
0
0
0
0
0
0
0
0
0
0
0
0
0
0
0
0
0
0
0
0
0
0
0
0
0
0
0
0
0
0
0
0
0
0
0
0
0
0
0
0
0
0
0
0
0
0
0
0
0
0
0
0
0
0
0
0
0
0
0
0
0
0
0
0
0
0
0
0
0
0
7
20
0
0
0
0
0
26
60
70
20
0
0
0
0
0
0
0
0
0
59
190
122
30
14
35
93
204
253
255
168
20
0
0
0
0
0
0
0
0
56
211
255
198
204
239
242
244
230
235
255
90
0
0
0
0
0
0
0
0
0
25
145
191
199
194
100
58
43
167
255
98
0
0
0
0
0
0
0
0
0
0
0
16
22
17
0
0
0
184
220
46
0
0
0
0
0
0
0
0
0
0
0
0
0
0
0
0
38
243
147
0
0
0
0
0
0
0
0
0
0
0
0
0
0
0
0
0
20
220
148
0
0
0
0
0
0
0
0
0
0
0
0
0
0
0
0
3
123
255
147
0
0
0
0
0
0
0
0
0
0
0
0
0
0
0
0
21
197
255
101
0
0
0
0
0
0
0
0
0
0
0
0
0
0
0
0
55
249
223
33
0
0
0
0
0
0
0
0
0
0
0
0
0
0
0
0
88
255
140
0
0
0
0
0
0
0
0
0
0
0
0
0
0
0
0
11
186
255
84
0
0
0
0
0
0
0
0
0
0
0
0
0
0
0
0
30
238
226
32
0
0
0
0
0
0
0
0
0
0
0
0
0
0
0
0
0
122
202
13
0
0
0
0
0
0
0
0
0
0
0
0
0
0
0
0
0
54
146
8
0
0
0
0
0
0
0