0
0
0
0
0
0
0
0
0
0
0
0
0
0
0
0
0
0
0
0
0
0
0
0
0
0
0
0
0
0
0
0
0
0
0
0
0
0
0
0
0
0
0
0
0
0
0
0
0
0
0
11
31
1
0
0
0
0
0
0
0
0
0
0
0
0
0
0
0
0
33
174
176
0
0
0
0
0
0
0
0
0
0
0
0
0
0
0
29
120
220
255
164
1
0
0
0
0
0
0
0
0
0
0
0
0
10
115
230
245
208
202
246
182
21
0
0
0
0
0
0
0
0
0
0
0
23
210
191
80
14
11
120
255
110
0
0
0
0
0
0
0
0
0
0
0
2
25
11
0
0
0
61
255
86
0
0
0
0
0
0
0
0
0
0
0
0
0
0
0
0
49
186
231
41
0
0
0
0
0
0
0
0
0
0
0
0
0
4
7
110
228
233
66
0
0
0
0
0
0
0
0
0
0
0
0
15
140
207
226
255
229
44
0
0
0
0
0
0
0
0
0
0
0
0
0
18
209
221
141
165
238
61
0
0
0
0
0
0
0
0
0
0
0
0
0
0
23
21
0
31
222
106
0
0
0
0
0
0
0
0
0
0
0
60
53
0
0
0
0
42
235
100
0
0
0
0
0
0
0
0
0
0
21
212
184
0
0
0
2
156
245
43
0
0
0
0
0
0
0
0
0
0
5
138
247
135
60
74
180
245
116
0
0
0
0
0
0
0
0
0
0
0
0
0
135
253
217
203
188
79
2
0
0
0
0
0
0
0
0
0
0
0
0
0
4
33
24
19
11
0
0
0
0
0
0
0
0
0
0
0
0
0
0
0
0
0
0
0
0
0
0
0
0
0
0
0
0
0
0
0
0
0
0
0
0
0
0
0
0
0
0
0
0
0
0
0
0
0
0