0
0
0
0
0
0
0
0
0
0
0
0
0
0
0
0
0
0
0
0
0
0
0
0
0
0
0
0
0
0
0
0
0
0
0
0
0
0
0
0
0
0
0
0
0
0
0
0
0
0
0
0
0
14
26
0
0
0
0
0
0
0
0
0
0
0
0
0
0
0
0
0
0
139
143
0
0
0
0
0
0
0
0
0
0
0
0
0
0
0
0
0
10
178
78
0
0
0
0
0
0
0
0
0
0
0
0
0
0
0
0
0
78
222
46
0
0
0
0
0
0
0
0
0
0
0
0
0
0
0
0
0
168
168
3
0
0
0
0
0
0
0
0
0
0
0
18
98
0
0
0
23
213
90
0
0
0
0
0
0
0
0
0
0
0
0
109
145
0
0
0
94
209
25
0
0
0
0
0
0
0
0
0
0
0
32
178
57
0
0
11
175
135
0
0
0
0
0
0
0
0
0
0
0
0
122
174
0
0
0
59
252
164
52
0
0
0
0
0
0
0
0
0
0
0
157
232
134
113
151
188
255
229
60
0
0
0
0
0
0
0
0
0
0
0
38
129
186
189
198
255
174
36
0
0
0
0
0
0
0
0
0
0
0
0
0
0
0
0
35
213
37
0
0
0
0
0
0
0
0
0
0
0
0
0
0
0
0
0
146
165
0
0
0
0
0
0
0
0
0
0
0
0
0
0
0
0
0
31
211
83
0
0
0
0
0
0
0
0
0
0
0
0
0
0
0
0
0
46
222
71
0
0
0
0
0
0
0
0
0
0
0
0
0
0
0
0
0
4
30
16
0
0
0
0
0
0
0
0
0
0
0
0
0
0
0
0
0
0
0
0
0
0
0
0
0
0
0
0
0
0
0
0
0
0
0
0
0
0
0
0
0
0
0
0
0
0
0
0
0