0
0
0
0
0
0
0
0
0
0
0
0
0
0
0
0
0
0
0
0
0
0
0
0
0
0
0
0
0
0
0
0
0
0
0
0
0
0
0
0
0
0
0
0
0
0
0
63
211
229
183
95
3
0
0
0
0
0
0
0
0
0
0
0
0
0
78
242
231
158
184
252
96
0
0
0
0
0
0
0
0
0
0
0
0
19
196
237
65
0
7
171
218
22
0
0
0
0
0
0
0
0
0
0
0
50
236
92
0
0
0
110
246
72
0
0
0
0
0
0
0
0
0
0
0
51
227
28
0
0
0
68
228
72
0
0
0
0
0
0
0
0
0
0
0
42
226
96
0
0
0
107
240
70
0
0
0
0
0
0
0
0
0
0
0
14
194
145
0
0
0
133
235
33
0
0
0
0
0
0
0
0
0
0
0
8
103
42
0
0
4
170
222
16
0
0
0
0
0
0
0
0
0
0
0
0
0
0
0
0
12
186
176
0
0
0
0
0
0
0
0
0
0
0
0
0
0
0
0
0
31
219
113
0
0
0
0
0
0
0
0
0
0
0
0
0
13
113
191
190
198
252
134
19
0
0
0
0
0
0
0
0
0
0
0
6
154
236
163
186
255
242
248
225
139
58
0
0
0
0
0
0
0
0
0
73
250
154
50
184
251
108
67
195
249
235
168
43
5
0
0
0
0
0
0
24
168
248
255
233
109
0
0
2
37
148
230
239
70
0
0
0
0
0
0
0
18
88
110
55
0
0
0
0
0
0
42
87
13
0
0
0
0
0
0
0
0
0
0
0
0
0
0
0
0
0
0
0
0
0
0
0
0
0
0
0
0
0
0
0
0
0
0
0
0
0
0
0
0
0
0
0
0
0
0
0
0
0
0
0
0
0
0
0
0
0
0
0
0
0