0
0
0
0
0
0
0
0
0
0
0
0
0
0
0
0
0
0
0
0
0
0
0
0
0
0
0
0
0
0
0
0
0
0
0
0
0
0
0
0
0
0
0
0
0
0
0
0
0
0
0
0
0
0
0
7
29
6
0
0
0
0
0
0
0
0
0
0
0
0
0
0
0
0
0
52
228
52
0
0
0
0
0
0
0
0
0
0
85
101
1
0
0
0
0
85
224
31
0
0
0
0
0
0
0
0
0
37
228
124
0
0
0
0
8
218
161
1
0
0
0
0
0
0
0
0
1
167
204
34
0
0
0
0
77
243
112
0
0
0
0
0
0
0
0
0
108
249
97
0
0
0
0
18
203
189
4
0
0
0
0
0
0
0
0
39
218
156
1
0
0
0
0
116
253
64
0
0
0
0
0
0
0
0
6
172
255
63
0
0
0
0
33
206
156
3
0
0
0
0
0
0
0
0
81
250
255
184
54
45
57
96
191
255
88
0
0
0
0
0
0
0
0
23
214
253
188
233
241
236
214
246
255
161
27
0
0
0
0
0
0
0
0
32
151
78
10
44
120
69
56
212
198
9
0
0
0
0
0
0
0
0
0
0
0
0
0
0
0
4
148
247
90
0
0
0
0
0
0
0
0
0
0
0
0
0
0
0
1
123
255
120
0
0
0
0
0
0
0
0
0
0
0
0
0
0
0
0
78
248
190
13
0
0
0
0
0
0
0
0
0
0
0
0
0
0
0
0
143
229
63
0
0
0
0
0
0
0
0
0
0
0
0
0
0
0
0
0
22
25
0
0
0
0
0
0
0
0
0
0
0
0
0
0
0
0
0
0
0
0
0
0
0
0
0
0
0
0
0
0
0
0
0
0
0
0
0
0
0
0
0
0
0
0
0
0
0
0
0
0