0
0
0
0
0
0
0
0
0
0
0
0
0
0
0
0
0
0
0
0
0
0
0
0
0
0
0
0
0
0
0
0
0
0
0
0
0
0
0
0
0
0
0
0
0
0
0
0
0
0
7
26
0
0
0
0
0
0
0
0
0
0
0
0
0
0
0
0
0
0
59
235
65
0
0
0
0
0
0
0
0
0
0
0
0
0
0
0
0
0
94
255
128
0
0
0
0
0
0
0
0
0
0
0
0
0
0
0
0
0
129
255
129
0
0
0
0
0
0
0
0
0
0
0
0
0
0
0
0
0
158
255
130
0
0
0
0
0
0
0
0
0
0
0
0
0
0
0
0
4
205
255
69
0
0
0
0
0
0
0
0
0
0
0
0
0
0
0
0
55
245
225
26
0
0
0
0
0
0
0
0
0
0
0
0
0
0
0
0
160
255
168
5
0
0
0
0
0
0
0
0
0
0
0
0
0
0
0
1
195
255
88
0
0
0
0
0
0
0
0
0
0
0
0
0
0
0
0
35
221
228
43
0
0
0
0
0
0
0
0
0
0
0
0
0
0
0
0
88
254
204
19
0
0
0
0
0
0
0
0
0
0
0
0
0
0
0
0
142
255
104
0
0
0
0
0
0
0
0
0
0
0
0
0
4
0
0
0
141
255
47
0
0
0
0
0
0
0
0
0
0
0
0
0
39
4
0
0
146
255
65
0
0
0
0
0
0
0
0
0
0
0
0
0
0
0
0
0
81
242
150
0
0
0
0
0
0
0
0
0
0
0
0
0
0
0
0
0
0
28
26
0
0
0
0
0
0
0
0
0
0
0
0
0
0
0
0
0
0
0
0
0
0
0
0
0
0
0
0
0
0
0
0
0
0
0
0
0
0
0
0
0
0
0
0
0
0
0
0
0