0
0
0
0
0
0
0
0
0
0
0
0
0
0
0
0
0
0
0
0
0
0
0
0
0
0
0
0
0
0
0
0
0
0
0
0
0
0
0
0
0
0
0
0
0
0
0
0
0
0
0
0
0
0
0
0
0
0
0
0
0
0
0
0
0
0
0
0
0
0
0
0
0
0
0
0
0
0
0
0
0
0
0
0
0
0
0
0
0
0
8
44
55
120
77
0
0
0
0
0
0
0
0
0
0
0
0
0
0
0
83
246
255
255
224
57
0
0
0
0
0
0
0
0
0
0
0
0
0
0
75
192
184
170
247
215
36
0
0
0
0
0
0
0
0
0
0
0
0
0
0
12
5
45
219
253
81
0
0
0
0
0
0
0
0
0
0
0
0
0
0
0
39
180
255
188
12
0
0
0
0
0
0
0
0
0
5
77
105
138
108
108
206
254
224
57
0
0
0
0
0
0
0
19
69
159
232
255
253
255
254
255
255
255
146
14
0
0
0
0
0
0
20
175
253
202
138
224
255
255
253
194
145
221
255
142
0
0
0
0
0
0
131
255
166
81
143
246
255
225
93
17
1
59
200
223
36
0
0
0
0
0
226
254
208
255
255
224
138
45
0
0
0
0
97
196
46
0
0
0
0
0
149
252
244
178
111
43
0
0
0
0
0
0
1
40
17
0
0
0
0
0
19
48
42
3
0
0
0
0
0
0
0
0
0
0
0
0
0
0
0
0
0
0
0
0
0
0
0
0
0
0
0
0
0
0
0
0
0
0
0
0
0
0
0
0
0
0
0
0
0
0
0
0
0
0
0
0
0
0
0
0
0
0
0
0
0
0
0
0
0
0
0
0
0
0
0
0
0
0
0
0
0
0
0
0
0
0
0
0
0
0
0
0
0
0
0
0
0
0