0
0
0
0
0
0
0
0
0
0
0
0
0
0
0
0
0
0
0
0
0
0
0
0
0
0
0
0
0
0
0
0
0
0
0
0
0
0
0
0
0
0
0
0
0
0
0
0
0
0
0
0
0
0
0
0
0
0
0
0
0
0
0
0
0
0
0
0
0
0
0
0
0
0
0
0
0
0
0
0
0
0
0
0
0
0
0
0
0
0
1
0
0
103
152
4
0
0
0
0
0
0
0
0
0
0
0
0
0
37
172
75
7
183
253
32
0
0
0
0
0
0
0
0
0
0
0
0
14
161
255
133
25
232
205
16
0
0
0
0
0
0
0
0
0
0
0
21
175
255
159
17
123
255
104
0
0
0
0
0
0
0
0
0
0
0
0
139
255
243
91
127
245
255
130
0
0
0
0
0
0
0
0
0
0
0
0
187
255
255
248
255
255
253
183
3
0
0
0
0
0
0
0
0
0
0
0
74
180
168
204
255
149
59
26
0
0
0
0
0
0
0
0
0
0
0
0
0
0
55
236
184
6
0
0
0
0
0
0
0
0
0
0
0
0
0
0
0
20
203
232
47
0
0
0
0
0
0
0
0
0
0
0
0
0
0
0
0
155
255
79
0
0
0
0
0
0
0
0
0
0
0
0
0
0
0
0
66
243
133
0
0
0
0
0
0
0
0
0
0
0
0
0
0
0
0
32
227
181
12
0
0
0
0
0
0
0
0
0
0
0
0
0
0
0
0
143
250
77
0
0
0
0
0
0
0
0
0
0
0
0
0
0
0
0
3
170
247
61
0
0
0
0
0
0
0
0
0
0
0
0
0
0
0
0
0
54
91
2
0
0
0
0
0
0
0
0
0
0
0
0
0
0
0
0
0
0
0
0
0
0
0
0
0
0
0
0
0
0
0