0
0
0
0
0
0
0
0
0
0
0
0
0
0
0
0
0
0
0
0
0
0
0
0
0
0
0
0
0
0
0
0
0
0
0
0
0
0
0
0
0
0
0
0
0
0
0
0
23
28
9
0
0
0
0
0
0
0
0
0
0
0
0
0
0
4
54
114
221
237
178
107
23
0
0
0
0
0
0
0
0
0
0
0
0
26
199
255
255
255
255
255
148
0
0
0
0
0
0
0
0
0
0
0
0
19
175
235
211
117
177
255
227
15
0
0
0
0
0
0
0
0
0
0
0
0
25
54
22
0
133
255
244
74
0
0
0
0
0
0
0
0
0
0
0
0
0
0
0
12
204
255
244
67
0
0
0
0
0
0
0
0
0
0
0
0
0
0
0
142
255
255
210
15
0
0
0
0
0
0
0
0
0
0
0
0
0
0
117
253
255
255
104
0
0
0
0
0
0
0
0
0
0
0
0
17
60
159
255
255
255
224
23
0
0
11
53
17
0
0
0
0
0
0
25
187
255
255
255
255
255
184
7
0
0
87
250
105
0
0
0
0
0
51
211
255
255
255
254
254
255
255
177
124
127
203
255
210
0
0
0
0
0
102
255
255
255
236
123
165
255
255
255
255
255
255
255
207
0
0
0
0
0
16
135
237
152
49
0
18
80
139
239
255
254
249
198
54
0
0
0
0
0
0
0
9
0
0
0
0
0
0
52
99
93
14
3
0
0
0
0
0
0
0
0
0
0
0
0
0
0
0
0
0
0
0
0
0
0
0
0
0
0
0
0
0
0
0
0
0
0
0
0
0
0
0
0
0
0
0
0
0
0
0
0
0
0
0
0
0
0
0
0
0
0
0
0
0
0
0
0
0
0
0
0
0
0
0
0
0
0
0
0
0
0
0
0
0
0
0