0
0
0
0
0
0
0
0
0
0
0
0
0
0
0
0
0
0
0
0
0
0
0
0
0
0
0
0
0
0
0
0
0
0
0
0
0
0
0
0
0
0
0
0
0
0
0
0
0
0
0
0
0
0
24
13
0
0
0
0
0
0
0
0
0
0
0
0
0
0
6
49
50
83
217
53
0
0
0
0
0
0
0
0
0
0
0
0
35
167
206
231
228
248
253
70
0
0
0
0
0
0
0
0
0
0
0
56
202
240
200
180
248
180
104
143
0
0
0
0
0
0
0
0
0
0
0
113
240
81
8
108
214
24
0
23
0
0
0
0
0
0
0
0
0
0
0
70
255
107
71
219
62
0
0
0
0
0
0
0
0
0
0
0
0
0
0
32
208
253
231
150
3
0
0
0
0
0
0
0
0
0
0
0
0
0
0
0
83
251
252
96
0
0
0
0
0
0
0
0
0
0
0
0
0
0
0
0
138
254
255
210
28
0
0
0
0
0
0
0
0
0
0
0
0
0
0
64
239
127
120
251
164
6
0
0
0
0
0
0
0
0
0
0
0
0
15
208
228
24
38
241
233
20
0
0
0
0
0
0
0
0
0
0
0
0
93
250
117
0
44
242
176
3
0
0
0
0
0
0
0
0
0
0
0
0
152
211
4
0
125
231
51
0
0
0
0
0
0
0
0
0
0
0
0
48
232
209
101
201
255
150
3
0
0
0
0
0
0
0
0
0
0
0
0
47
226
255
255
226
114
15
0
0
0
0
0
0
0
0
0
0
0
0
0
0
23
38
37
23
0
0
0
0
0
0
0
0
0
0
0
0
0
0
0
0
0
0
0
0
0
0
0
0
0
0
0
0
0
0
0
0
0
0
0
0
0
0
0
0
0
0
0
0
0
0
0
0
0
0