0
0
0
0
0
0
0
0
0
0
0
0
0
0
0
0
0
0
0
0
0
0
0
0
0
0
0
0
0
0
0
0
0
0
0
0
0
0
0
0
0
0
0
0
89
218
218
217
221
155
20
1
0
0
0
0
0
0
0
0
0
0
0
0
186
255
255
255
255
255
182
43
0
0
0
0
0
0
0
0
0
0
0
0
183
255
254
255
255
255
255
138
1
0
0
0
0
0
0
0
0
0
0
0
186
255
250
201
203
243
255
229
38
0
0
0
0
0
0
0
0
0
0
0
150
148
82
14
36
212
255
255
56
0
0
0
0
0
0
0
0
0
0
0
14
0
0
0
22
208
255
255
56
0
0
0
0
0
0
0
0
0
0
0
0
0
0
0
88
236
255
246
48
0
0
0
0
0
0
0
0
0
0
0
0
0
0
75
230
255
255
176
12
0
0
0
0
0
0
0
0
0
0
0
0
18
110
232
255
255
206
35
0
0
19
65
100
45
0
0
0
0
0
0
0
54
246
255
253
255
193
85
92
122
187
235
255
170
6
0
0
0
0
0
0
52
238
255
253
253
251
249
249
252
255
255
255
237
63
0
0
0
0
0
0
52
238
255
252
252
253
254
254
255
253
253
254
255
149
0
0
0
0
0
0
52
239
255
255
255
255
255
255
252
253
253
247
219
116
0
0
0
0
0
0
19
109
195
205
203
203
206
177
96
98
99
88
15
1
0
0
0
0
0
0
0
0
17
19
19
19
20
12
0
0
0
0
0
0
0
0
0
0
0
0
0
0
0
0
0
0
0
0
0
0
0
0
0
0
0
0
0
0
0
0
0
0
0
0
0
0
0
0
0
0
0
0
0
0
0
0
0
0
0
0
0
0
0
0
0
0
0
0
0
0
0
0
0
0
0