0
0
0
0
0
0
0
0
0
0
0
0
0
0
0
0
0
0
0
0
0
0
0
0
0
0
0
0
0
0
0
0
0
0
0
0
0
0
0
0
0
0
0
0
0
0
0
0
0
0
0
0
0
7
18
13
0
0
0
0
0
0
0
0
0
0
0
0
0
0
0
15
114
172
206
184
47
0
0
0
0
0
0
0
0
0
0
0
0
0
48
175
255
255
255
251
113
0
0
0
0
0
0
0
0
0
0
0
0
53
220
255
241
216
144
245
184
11
0
0
0
0
0
0
0
0
0
7
106
222
230
144
86
77
4
221
218
22
0
0
0
0
0
0
0
0
3
147
255
231
77
2
0
0
19
232
173
7
0
0
0
0
0
0
0
17
161
250
163
62
0
0
0
0
19
196
93
0
0
0
0
0
0
0
0
125
255
115
0
0
0
0
0
0
4
186
143
4
0
0
0
0
0
0
53
255
159
0
0
0
0
0
0
0
17
231
136
0
0
0
0
0
0
2
156
233
76
0
0
0
0
0
0
0
32
240
107
0
0
0
0
0
0
105
222
68
0
0
0
0
0
0
0
25
193
191
13
0
0
0
0
0
12
190
226
12
0
0
0
0
0
0
85
206
213
33
0
0
0
0
0
0
17
203
230
23
0
0
0
2
41
152
249
223
68
0
0
0
0
0
0
0
3
158
255
206
150
131
121
203
252
255
129
14
0
0
0
0
0
0
0
0
0
67
141
145
148
148
147
146
142
92
0
0
0
0
0
0
0
0
0
0
0
0
0
0
0
0
0
0
0
0
0
0
0
0
0
0
0
0
0
0
0
0
0
0
0
0
0
0
0
0
0
0
0
0
0
0
0
0
0
0
0
0
0
0
0
0
0
0
0
0
0
0
0
0
0
0
0
0