0
0
0
0
0
0
0
0
0
0
0
0
0
0
0
0
0
0
0
0
0
0
0
0
0
0
0
0
0
0
0
0
0
0
0
0
0
0
0
0
0
0
0
0
0
0
0
0
0
0
0
0
0
0
0
0
0
0
0
0
0
0
0
0
0
0
0
0
0
0
0
0
0
0
0
0
0
0
0
0
0
0
0
0
0
0
20
52
105
106
100
51
4
0
0
0
0
0
0
0
0
0
0
0
32
125
226
255
255
255
255
253
196
73
2
0
0
0
0
0
0
0
0
0
156
243
183
153
118
96
102
148
238
240
74
0
0
0
0
0
0
0
0
0
62
38
9
1
0
0
0
0
115
255
146
0
0
0
0
0
0
0
0
0
0
0
0
0
0
0
16
43
128
255
180
0
0
0
0
0
0
0
0
0
0
0
0
77
168
177
207
232
255
255
194
34
0
0
0
0
0
0
0
0
0
0
0
133
243
235
201
169
161
171
244
210
39
0
0
0
0
0
0
0
0
0
0
16
59
52
11
0
0
0
124
255
179
8
0
0
0
0
0
0
0
0
0
0
0
0
0
0
0
0
21
191
255
36
0
0
0
0
18
143
150
119
98
84
46
18
8
13
41
108
192
255
179
11
0
0
0
0
32
252
255
255
255
250
223
203
191
201
219
251
243
143
22
0
0
0
0
0
0
53
107
104
104
106
109
111
111
112
86
44
29
0
0
0
0
0
0
0
0
0
0
0
0
0
0
0
0
0
0
0
0
0
0
0
0
0
0
0
0
0
0
0
0
0
0
0
0
0
0
0
0
0
0
0
0
0
0
0
0
0
0
0
0
0
0
0
0
0
0
0
0
0
0
0
0
0
0
0
0
0
0
0
0
0
0
0
0
0
0
0
0
0
0
0
0
0