0
0
0
0
0
0
0
0
0
0
0
0
0
0
0
0
0
0
0
0
0
0
0
0
0
0
0
0
0
0
0
0
0
0
0
0
0
0
0
0
0
0
0
0
0
0
0
0
0
0
0
0
0
0
0
0
0
0
0
0
0
0
0
0
0
0
0
0
0
0
0
0
0
0
13
54
0
0
0
0
0
0
0
0
0
0
0
0
0
0
0
0
0
0
73
175
0
0
0
0
0
0
0
0
0
0
0
0
0
0
0
0
0
0
152
188
0
0
0
0
0
0
0
0
0
0
0
0
25
100
5
0
0
27
220
126
0
0
0
0
0
0
0
0
0
0
0
10
180
203
4
0
1
161
233
22
0
0
0
0
0
0
0
0
0
0
16
161
251
75
0
0
109
247
95
0
0
0
0
0
0
0
0
0
0
19
172
249
86
0
0
73
245
156
5
0
0
0
0
0
0
0
0
0
0
57
255
229
145
79
102
230
212
29
0
0
0
0
0
0
0
0
0
0
0
5
83
181
228
191
255
240
67
0
0
0
0
0
0
0
0
0
0
0
0
0
0
9
15
101
248
101
0
0
0
0
0
0
0
0
0
0
0
0
0
0
0
0
39
213
160
4
0
0
0
0
0
0
0
0
0
0
0
0
0
0
0
17
202
201
23
0
0
0
0
0
0
0
0
0
0
0
0
0
0
0
3
167
217
33
0
0
0
0
0
0
0
0
0
0
0
0
0
0
0
0
103
237
63
0
0
0
0
0
0
0
0
0
0
0
0
0
0
0
0
27
186
100
0
0
0
0
0
0
0
0
0
0
0
0
0
0
0
0
0
0
0
0
0
0
0
0
0
0
0
0
0
0
0
0
0
0
0
0
0
0
0
0
0
0
0
0
0
0
0
0
0
0
0
0