0
0
0
0
0
0
0
0
0
0
0
0
0
0
0
0
0
0
0
0
0
0
0
0
0
0
0
0
0
0
0
0
0
0
0
0
0
0
0
0
0
0
0
0
0
0
0
0
0
0
0
0
5
32
13
0
0
0
0
0
0
0
0
0
0
0
0
0
0
0
0
0
136
231
65
0
0
0
0
0
0
0
0
0
0
0
0
0
0
0
0
53
237
137
1
0
0
0
0
0
0
0
0
0
0
0
0
0
0
0
0
148
247
61
0
0
0
0
0
0
0
0
0
0
0
0
0
0
0
0
17
196
225
19
0
0
0
0
0
0
0
0
0
0
0
0
0
0
0
0
100
255
115
0
0
0
0
0
0
0
0
0
0
0
0
0
0
0
0
4
204
241
37
0
0
0
0
0
0
0
0
0
0
0
0
0
0
0
0
83
255
144
0
0
0
0
0
0
0
0
0
0
0
0
0
0
0
0
0
169
252
76
0
0
0
0
0
0
0
0
0
0
0
0
0
0
0
0
35
217
211
27
0
0
0
0
0
0
0
0
0
0
0
0
0
0
0
0
99
253
118
0
0
0
0
0
0
0
0
0
0
0
0
0
0
0
0
0
142
255
85
0
0
0
0
0
0
0
0
0
0
0
0
0
0
0
0
7
170
255
78
0
0
0
0
0
0
0
0
0
0
0
0
0
0
0
0
21
213
243
12
0
0
0
0
0
0
0
0
0
0
0
0
0
0
0
0
9
183
176
0
0
0
0
0
0
0
0
0
0
0
0
0
0
0
0
0
0
19
16
0
0
0
0
0
0
0
0
0
0
0
0
0
0
0
0
0
0
0
0
0
0
0
0
0
0
0
0
0
0
0
0
0
0
0
0
0
0
0
0
0
0
0
0
0
0
0
0
0
0