0
0
0
0
0
0
0
0
0
0
0
0
0
0
0
0
0
0
0
0
0
0
0
0
0
0
0
0
0
0
0
0
0
0
0
0
0
0
0
0
0
0
0
0
0
0
0
0
0
0
0
0
0
0
0
0
0
0
0
0
0
0
0
0
0
0
0
0
0
0
0
0
0
0
0
0
8
46
15
0
0
0
0
0
0
0
0
0
0
0
0
67
118
120
110
18
100
236
124
0
0
0
0
0
0
0
0
0
0
27
148
249
248
227
216
223
234
255
104
0
0
0
0
0
0
0
0
0
39
193
255
191
87
42
113
255
255
121
0
0
0
0
0
0
0
0
0
13
185
255
174
20
0
39
212
255
164
9
0
0
0
0
0
0
0
0
0
31
247
235
20
0
83
201
244
118
1
0
0
0
0
0
0
0
0
0
0
27
243
228
61
168
233
173
62
0
0
0
0
0
0
0
0
0
0
0
0
46
245
254
235
157
47
0
0
0
0
0
0
0
0
0
0
0
0
5
52
186
255
255
182
4
0
0
0
0
0
0
0
0
0
0
0
0
0
54
224
231
158
248
210
29
0
0
0
0
0
0
0
0
0
0
0
0
31
209
227
62
0
139
255
143
1
0
0
0
0
0
0
0
0
0
0
0
141
230
58
0
0
44
251
211
20
0
0
0
0
0
0
0
0
0
0
0
185
249
142
113
168
219
255
204
17
0
0
0
0
0
0
0
0
0
0
0
108
255
255
255
255
255
193
82
0
0
0
0
0
0
0
0
0
0
0
0
8
105
135
127
94
82
15
0
0
0
0
0
0
0
0
0
0
0
0
0
0
0
0
0
0
0
0
0
0
0
0
0
0
0
0
0
0
0
0
0
0
0
0
0
0
0
0
0
0
0
0
0
0
0
0
0