0
0
0
0
0
0
0
0
0
0
0
0
0
0
0
0
0
0
0
0
0
0
0
0
0
0
0
0
0
0
0
0
0
0
0
0
0
0
0
0
0
0
0
0
0
0
0
0
0
0
0
0
0
0
0
0
0
0
0
0
0
0
0
0
0
0
0
0
0
0
0
0
0
0
0
0
0
0
0
0
0
0
0
0
0
0
29
126
157
167
76
9
0
0
0
0
0
0
0
0
0
0
0
0
0
7
170
255
255
255
213
27
0
0
0
0
0
0
0
0
0
0
0
0
0
128
253
187
172
236
247
148
34
3
0
0
0
0
0
0
0
0
0
0
38
235
216
30
3
42
189
243
231
185
91
2
0
0
0
0
0
0
0
0
84
254
88
0
0
0
19
54
158
255
246
51
0
0
0
0
0
0
0
0
116
255
97
0
0
0
0
0
171
255
185
19
0
0
0
0
0
0
0
0
51
238
239
105
33
17
63
152
254
242
71
0
0
0
0
0
0
0
0
0
0
107
244
255
220
193
247
255
255
170
8
0
0
0
0
0
0
0
0
0
0
0
71
187
219
247
231
219
247
102
0
0
0
0
0
0
0
0
0
0
0
0
0
0
19
62
42
102
243
102
0
0
0
0
0
0
0
0
0
0
0
0
0
0
0
0
0
124
253
107
0
0
0
0
0
0
0
0
0
0
0
0
0
0
0
0
0
82
255
162
0
0
0
0
0
0
0
0
0
0
0
0
0
0
0
0
14
161
255
164
0
0
0
0
0
0
0
0
0
0
0
0
0
0
0
0
31
213
255
111
0
0
0
0
0
0
0
0
0
0
0
0
0
0
0
0
0
66
132
21
0
0
0
0
0
0
0
0
0
0
0
0
0
0
0
0
0
0
0
0
0
0
0
0
0
0