0
0
0
0
0
0
0
0
0
0
0
0
0
0
0
0
0
0
0
0
0
0
0
0
0
0
0
0
0
0
0
0
0
0
0
0
0
0
0
0
0
0
0
0
0
0
0
0
0
4
27
30
8
0
0
0
0
0
0
0
0
0
0
0
0
0
0
0
0
59
230
242
168
32
0
0
0
0
0
0
0
0
0
0
0
0
0
0
0
124
255
244
255
186
23
0
0
0
0
0
0
0
0
0
0
0
0
0
77
238
218
56
133
255
128
0
0
0
0
0
0
0
0
0
0
0
0
41
216
246
85
0
25
218
208
8
0
0
0
0
0
0
0
0
0
0
16
174
255
165
0
0
0
135
252
70
0
0
0
0
0
0
0
0
0
0
96
255
216
43
0
0
0
77
246
125
0
0
0
0
0
0
0
0
0
0
130
254
110
0
0
0
0
73
247
172
0
0
0
0
0
0
0
0
0
73
251
191
5
0
0
0
0
74
245
133
0
0
0
0
0
0
0
0
0
147
255
132
0
0
0
0
0
72
239
76
0
0
0
0
0
0
0
0
3
184
255
80
0
0
0
0
0
121
232
29
0
0
0
0
0
0
0
0
0
151
255
74
0
0
0
0
44
232
200
3
0
0
0
0
0
0
0
0
0
99
255
131
0
0
21
116
205
246
116
0
0
0
0
0
0
0
0
0
0
54
227
253
165
159
227
255
243
115
1
0
0
0
0
0
0
0
0
0
0
0
56
150
255
255
242
163
69
0
0
0
0
0
0
0
0
0
0
0
0
0
0
0
34
37
30
4
0
0
0
0
0
0
0
0
0
0
0
0
0
0
0
0
0
0
0
0
0
0
0
0
0
0
0
0
0
0
0
0
0
0
0
0
0
0
0
0
0
0
0
0
0
0
0
0