0
0
0
0
0
0
0
0
0
0
0
0
0
0
0
0
0
0
0
0
0
0
0
0
0
0
0
0
0
0
0
0
0
0
0
0
0
0
0
0
0
0
0
0
0
0
0
0
0
0
0
0
0
0
0
0
0
0
0
0
0
0
0
0
0
0
0
0
0
0
0
0
0
0
0
0
0
0
0
0
0
0
0
0
0
0
0
0
0
0
0
0
0
0
0
0
0
0
0
0
0
0
0
0
0
0
0
0
0
0
0
0
0
0
0
0
0
0
0
0
0
0
0
0
0
0
0
0
0
19
102
99
55
49
50
50
51
49
14
0
0
0
0
0
0
0
0
9
115
225
255
255
247
242
238
239
241
229
217
55
0
0
0
0
0
0
29
173
255
228
229
197
173
148
117
126
130
91
69
17
0
0
0
0
0
16
174
255
178
47
42
20
4
0
0
0
0
0
0
0
0
0
0
0
0
16
181
255
240
186
104
1
0
0
0
0
0
0
0
0
0
0
0
0
0
0
40
134
179
212
248
117
0
0
0
0
0
0
0
0
0
0
0
0
0
0
0
0
4
119
255
175
8
0
0
0
0
0
0
0
0
0
0
0
5
66
18
36
122
247
232
69
0
0
0
0
0
0
0
0
0
0
0
0
11
234
207
228
253
210
77
0
0
0
0
0
0
0
0
0
0
0
0
0
3
185
247
198
108
14
0
0
0
0
0
0
0
0
0
0
0
0
0
0
0
22
67
6
0
0
0
0
0
0
0
0
0
0
0
0
0
0
0
0
0
0
0
0
0
0
0
0
0
0
0
0
0
0
0
0
0
0
0
0
0
0
0
0
0
0
0
0
0
0
0
0
0
0
0
0
0
0
0
0
0
0
0
0
0
0
0
0
0
0
0
0
0
0
0
0