0
0
0
0
0
0
0
0
0
0
0
0
0
0
0
0
0
0
0
0
0
0
0
0
0
0
0
0
0
0
0
0
0
0
0
0
0
0
0
0
0
0
0
0
0
0
0
0
0
0
0
0
0
0
0
0
0
0
0
0
0
0
0
0
0
0
0
0
0
0
0
0
59
66
5
0
0
0
0
0
0
0
0
0
0
0
0
42
127
21
0
0
186
218
36
0
0
0
0
0
0
0
0
0
0
0
42
214
218
35
0
0
189
255
86
0
0
0
0
0
0
0
0
0
0
9
175
254
79
0
0
0
186
255
87
0
0
0
0
0
0
0
0
0
0
38
226
228
25
0
0
0
190
255
88
0
0
0
0
0
0
0
0
0
0
101
255
156
0
8
61
128
241
241
61
0
0
0
0
0
0
0
0
0
14
207
255
184
136
189
241
255
255
215
35
0
0
0
0
0
0
0
0
0
93
255
255
255
252
250
215
212
254
221
39
0
0
0
0
0
0
0
0
0
68
214
170
132
88
74
26
57
242
195
19
0
0
0
0
0
0
0
0
0
1
21
7
0
0
0
0
40
244
162
0
0
0
0
0
0
0
0
0
0
0
0
0
0
0
0
0
43
244
162
0
0
0
0
0
0
0
0
0
0
0
0
0
0
0
0
0
45
246
162
0
0
0
0
0
0
0
0
0
0
0
0
0
0
0
0
0
30
228
218
116
6
0
0
0
0
0
0
0
0
0
0
0
0
0
0
0
0
166
255
236
17
0
0
0
0
0
0
0
0
0
0
0
0
0
0
0
0
89
228
122
0
0
0
0
0
0
0
0
0
0
0
0
0
0
0
0
0
0
0
0
0
0
0
0
0
0
0
0
0
0
0
0
0
0
0
0
0
0
0
0
0
0
0
0
0