0
0
0
0
0
0
0
0
0
0
0
0
0
0
0
0
0
0
0
0
0
0
0
0
0
0
0
0
0
0
0
0
0
0
0
0
0
0
0
0
0
0
0
0
0
0
0
0
0
0
0
0
0
0
0
0
0
0
0
0
0
0
0
0
0
0
0
0
0
23
29
76
112
110
77
0
0
0
0
0
0
0
0
0
0
0
0
0
71
199
213
249
255
255
245
91
0
0
0
0
0
0
0
0
0
0
54
169
255
255
255
225
198
234
255
219
38
0
0
0
0
0
0
0
0
59
213
255
204
179
101
41
28
202
255
200
26
0
0
0
0
0
0
0
0
112
255
194
21
10
0
32
187
254
254
113
0
0
0
0
0
0
0
0
0
12
149
79
0
0
40
170
255
250
134
2
0
0
0
0
0
0
0
0
0
0
14
0
0
5
181
255
255
141
4
0
0
0
0
0
0
0
0
0
0
0
0
0
0
152
255
255
204
32
0
0
0
0
0
0
0
0
0
0
0
0
0
5
100
240
253
188
50
0
0
0
0
0
0
0
0
0
0
0
0
0
13
103
250
255
130
10
0
0
5
0
0
0
0
0
0
0
0
0
0
0
137
255
255
243
16
20
76
123
109
0
0
0
0
0
0
0
0
0
7
150
238
255
253
250
198
207
250
251
117
0
0
0
0
0
0
0
0
0
21
250
255
252
255
255
255
255
228
86
1
0
0
0
0
0
0
0
0
0
18
232
255
255
225
214
165
115
62
8
0
0
0
0
0
0
0
0
0
0
0
134
191
101
39
20
6
0
0
0
0
0
0
0
0
0
0
0
0
0
0
0
0
0
0
0
0
0
0
0
0
0
0
0
0
0
0
0
0
0
0
0
0
0
0
0
0
0
0
0
0
0
0
0
0
0