0
0
0
0
0
0
0
0
0
0
0
0
0
0
0
0
0
0
0
0
0
0
0
0
0
0
0
0
0
0
0
0
0
0
0
0
0
0
0
0
0
0
0
0
0
0
0
0
0
0
0
0
0
0
0
0
0
0
0
0
0
0
0
0
0
0
0
0
0
0
0
0
0
0
0
0
0
0
0
0
0
0
0
0
0
0
0
0
0
0
5
9
0
0
0
0
0
0
0
0
0
0
0
0
0
0
0
0
37
113
199
232
93
0
0
0
0
0
0
0
0
0
0
0
0
6
60
149
223
208
111
174
212
0
0
0
0
0
0
0
0
0
0
0
0
102
248
209
86
16
0
112
229
20
0
0
0
0
0
0
0
0
0
0
0
55
205
47
0
0
0
116
238
53
0
0
0
0
0
0
0
0
0
0
0
1
41
11
0
0
0
117
232
26
0
0
0
0
0
0
0
0
0
0
0
0
0
0
0
0
0
123
208
0
0
0
0
0
0
0
0
0
0
0
0
0
0
0
0
0
0
156
125
0
0
0
0
0
0
0
0
0
0
0
0
0
0
0
0
0
2
174
96
0
0
0
0
0
0
0
0
0
0
0
0
0
0
0
0
0
34
216
82
0
0
0
0
0
0
0
0
0
0
0
0
0
0
0
0
0
54
238
41
0
0
0
0
0
0
0
0
0
0
0
0
0
0
0
0
0
74
247
33
0
0
0
0
0
0
0
0
0
0
0
0
0
0
0
0
0
111
255
32
0
0
0
0
0
0
0
0
0
0
0
0
0
0
0
0
0
111
245
28
0
0
0
0
0
0
0
0
0
0
0
0
0
0
0
0
0
107
247
28
0
0
0
0
0
0
0
0
0
0
0
0
0
0
0
0
0
25
57
5
0
0
0
0
0
0
0