0
0
0
0
0
0
0
0
0
0
0
0
0
0
0
0
0
0
0
0
0
0
0
0
0
0
0
0
0
0
0
0
0
0
0
0
0
0
0
0
0
0
0
0
0
0
0
0
0
0
12
31
37
17
0
0
0
0
0
0
0
0
0
0
0
0
0
22
71
106
190
249
255
208
71
0
0
0
0
0
0
0
0
0
0
0
75
210
248
255
218
154
126
226
218
17
0
0
0
0
0
0
0
0
0
0
94
219
166
59
5
0
0
108
255
58
0
0
0
0
0
0
0
0
0
0
1
20
4
0
0
0
0
131
255
33
0
0
0
0
0
0
0
0
0
0
0
0
0
0
0
0
73
242
157
2
0
0
0
0
0
0
0
0
0
0
0
0
0
0
0
67
210
132
11
0
0
0
0
0
0
0
0
0
0
0
0
0
0
4
109
225
112
0
0
0
0
0
0
0
0
0
0
0
0
0
0
0
0
72
255
170
2
0
0
0
0
0
0
0
0
0
0
0
0
0
0
0
0
30
225
190
9
0
0
0
0
0
0
0
0
0
0
0
0
0
0
0
0
0
113
255
67
0
0
0
0
0
0
0
0
0
0
28
73
2
0
0
0
0
26
213
197
3
0
0
0
0
0
0
0
0
1
140
140
0
0
0
0
7
55
200
238
18
0
0
0
0
0
0
0
0
0
136
230
122
99
116
148
219
255
246
143
3
0
0
0
0
0
0
0
0
0
18
130
218
255
255
253
217
160
74
0
0
0
0
0
0
0
0
0
0
0
0
0
20
33
37
32
21
3
0
0
0
0
0
0
0
0
0
0
0
0
0
0
0
0
0
0
0
0
0
0
0
0
0
0
0
0
0
0
0
0
0
0
0
0
0
0
0
0
0
0
0
0
0
0
0
0
0