0
0
0
0
0
0
0
0
0
0
0
0
0
0
0
0
0
0
0
0
0
0
0
0
0
0
0
0
0
0
0
0
0
0
0
0
0
0
0
0
0
0
0
0
0
0
0
0
0
0
0
0
0
0
0
0
0
0
0
0
0
0
0
0
0
0
0
0
0
0
0
0
14
60
59
55
14
0
0
0
0
0
0
0
0
0
0
0
0
0
6
89
199
229
223
224
175
10
0
0
0
0
0
0
0
0
0
0
0
30
175
242
177
65
27
67
217
117
68
0
0
0
0
0
0
0
0
0
35
199
217
82
0
0
0
85
251
210
43
0
0
0
0
0
0
0
0
1
144
223
58
0
0
13
113
235
191
35
0
0
0
0
0
0
0
0
0
28
233
103
0
5
81
204
224
113
9
0
0
0
0
0
0
0
0
0
0
24
225
99
33
172
247
178
37
0
0
0
0
0
0
0
0
0
0
0
0
0
155
224
212
188
83
10
0
0
0
0
0
0
0
0
0
0
0
0
0
37
202
255
188
2
0
0
0
0
0
0
0
0
0
0
0
0
0
6
99
231
225
237
171
0
0
0
0
0
0
0
0
0
0
0
0
0
0
129
255
164
44
185
177
0
0
0
0
0
0
0
0
0
0
0
0
0
47
236
191
19
109
247
102
0
0
0
0
0
0
0
0
0
0
0
0
0
174
244
115
164
251
134
0
0
0
0
0
0
0
0
0
0
0
0
0
0
188
255
255
202
94
6
0
0
0
0
0
0
0
0
0
0
0
0
0
0
101
148
92
14
0
0
0
0
0
0
0
0
0
0
0
0
0
0
0
0
0
0
0
0
0
0
0
0
0
0
0
0
0
0
0
0
0
0
0
0
0
0
0
0
0
0
0
0
0
0
0
0
0
0
0
0