0
0
0
0
0
0
0
0
0
0
0
0
0
0
0
0
0
0
0
0
0
0
0
0
0
0
0
0
0
0
0
0
0
0
0
0
0
0
0
0
0
0
0
0
0
0
0
0
0
0
0
3
7
0
0
0
0
0
0
0
0
0
0
0
0
0
0
41
86
100
120
165
177
54
0
0
0
0
0
0
0
0
0
0
0
13
130
193
135
145
122
75
76
32
0
0
0
0
0
0
0
0
0
0
0
151
209
53
0
0
0
0
0
0
0
0
0
0
0
0
0
0
0
0
85
217
50
0
0
0
0
0
0
0
0
0
0
0
0
0
0
0
0
0
186
176
0
0
0
0
0
0
0
0
0
0
0
0
0
0
0
0
0
0
187
166
0
0
0
0
0
0
0
0
0
0
0
0
0
0
0
0
0
0
110
216
33
0
0
0
0
4
7
3
9
13
2
0
0
0
0
0
0
0
18
198
64
0
52
91
162
169
163
68
143
201
177
52
0
0
0
0
0
0
2
179
185
144
219
194
124
84
60
20
34
47
151
197
25
0
0
0
0
0
4
195
255
255
157
21
0
0
0
0
0
0
28
239
116
0
0
0
0
0
1
141
207
132
212
182
128
53
37
38
37
89
193
172
21
0
0
0
0
0
0
9
31
0
40
140
227
209
211
212
212
199
110
14
0
0
0
0
0
0
0
0
0
0
0
0
5
36
67
67
60
10
0
0
0
0
0
0
0
0
0
0
0
0
0
0
0
0
0
0
0
0
0
0
0
0
0
0
0
0
0
0
0
0
0
0
0
0
0
0
0
0
0
0
0
0
0
0
0
0
0
0
0
0
0
0
0
0
0
0
0
0
0
0
0
0
0
0
0
0
0
0
0
0
0
0
0
0
0
0
0
0
0
0
0
0