0
0
0
0
0
0
0
0
0
0
0
0
0
0
0
0
0
0
0
0
0
0
0
0
0
0
0
0
0
0
0
0
0
0
0
0
0
0
0
0
0
0
0
0
0
0
0
0
0
0
0
0
0
0
0
0
0
0
0
0
0
0
0
0
0
0
0
0
0
0
0
0
0
0
0
0
0
0
0
0
0
0
0
0
0
0
0
0
0
0
32
123
182
190
105
0
0
0
0
0
0
0
0
0
0
0
0
0
5
91
232
214
187
216
209
6
0
0
0
0
0
0
0
0
0
0
0
0
83
248
177
37
0
94
208
8
0
0
0
0
0
0
0
0
0
0
0
68
233
181
12
0
53
221
215
6
0
0
0
0
0
0
0
0
0
0
44
231
212
29
0
11
191
254
121
0
0
0
0
0
0
0
0
0
0
0
111
255
125
0
101
197
255
170
7
0
0
0
0
0
0
0
0
0
0
0
67
239
229
194
253
255
229
19
0
0
0
0
0
0
0
0
0
0
0
0
12
82
146
140
152
255
185
0
0
0
0
0
0
0
0
0
0
0
0
0
0
0
0
30
207
237
58
0
0
0
0
0
0
0
0
0
0
0
0
0
0
0
3
154
255
130
0
0
0
0
0
0
0
0
0
0
0
0
0
0
0
0
84
251
205
24
0
0
0
0
0
0
0
0
0
0
0
0
0
0
0
25
235
240
62
0
0
0
0
0
0
0
0
0
0
0
0
0
0
0
4
135
255
139
0
0
0
0
0
0
0
0
0
0
0
0
0
0
0
0
46
251
200
25
0
0
0
0
0
0
0
0
0
0
0
0
0
0
0
0
28
135
63
0
0
0
0
0
0
0
0
0
0
0
0
0
0
0
0
0
0
0
0
0
0
0
0
0
0
0
0
0
0
0