0
0
0
0
0
0
0
0
0
0
0
0
0
0
0
0
0
0
0
0
0
0
0
0
0
0
0
0
0
0
0
0
0
0
0
0
0
0
0
0
0
0
0
0
0
0
0
0
0
0
0
0
0
0
0
0
0
0
0
0
0
0
0
0
0
0
0
0
0
0
0
0
0
0
0
0
0
0
0
0
0
0
0
0
0
0
0
0
44
128
187
75
0
0
0
0
0
0
0
0
0
0
0
0
0
0
27
165
254
247
255
223
25
0
0
0
0
0
0
0
0
0
0
0
0
9
168
255
134
69
98
230
159
92
21
0
0
0
0
0
0
0
0
0
0
82
255
126
0
0
4
181
255
255
147
0
0
0
0
0
0
0
0
0
9
198
241
24
0
0
0
145
255
255
163
0
0
0
0
0
0
0
0
0
19
252
239
24
0
0
0
146
255
248
86
0
0
0
0
0
0
0
0
0
3
180
255
72
0
0
22
192
255
142
7
0
0
0
0
0
0
0
0
0
0
54
225
236
173
168
190
252
198
8
0
0
0
0
0
0
0
0
0
0
0
0
40
135
193
190
222
255
111
0
0
0
0
0
0
0
0
0
0
0
0
0
0
0
0
0
141
248
37
0
0
0
0
0
0
0
0
0
0
0
0
0
0
0
0
2
186
231
24
0
0
0
0
0
0
0
0
0
0
0
0
0
0
0
0
16
229
214
21
4
2
0
0
0
0
0
0
0
0
0
0
0
0
0
0
22
238
195
14
10
4
0
0
0
0
0
0
0
0
0
0
0
0
0
0
0
165
255
152
16
0
0
0
0
0
0
0
0
0
0
0
0
0
0
0
0
56
155
81
0
0
0
0
0
0
0
0
0
0
0
0
0
0
0
0
0
0
0
0
0
0
0
0
0
0
0