0
0
0
0
0
0
0
0
0
0
0
0
0
0
0
0
0
0
0
0
0
0
0
0
0
0
0
0
0
0
0
0
0
0
0
0
0
0
0
0
0
0
0
0
0
0
0
0
0
0
0
0
0
9
36
10
0
0
0
0
0
0
0
0
0
0
0
0
0
0
0
1
61
178
255
122
0
0
0
0
0
0
0
0
0
0
0
0
0
0
66
199
235
255
213
55
0
0
0
0
0
0
0
0
0
0
0
0
8
111
228
255
255
174
36
0
0
0
0
0
0
0
0
0
0
0
0
6
126
253
255
243
154
21
0
0
0
0
0
0
0
0
0
0
0
0
0
120
251
254
255
189
15
0
0
0
0
0
0
0
0
0
0
0
0
0
71
243
255
252
255
249
107
0
0
0
0
0
0
0
0
0
0
0
0
15
172
255
255
255
252
250
233
57
0
0
0
0
0
0
0
0
0
0
0
94
255
213
144
233
100
81
255
180
9
0
0
0
0
0
0
0
0
0
0
96
255
153
4
56
0
78
253
182
11
0
0
0
0
0
0
0
0
0
0
95
255
85
0
0
0
82
255
178
8
0
0
0
0
0
0
0
0
0
0
98
255
101
0
0
13
178
255
105
0
0
0
0
0
0
0
0
0
0
0
52
228
226
118
61
117
255
212
16
0
0
0
0
0
0
0
0
0
0
0
0
84
233
255
253
255
255
123
0
0
0
0
0
0
0
0
0
0
0
0
0
0
60
161
213
220
122
2
0
0
0
0
0
0
0
0
0
0
0
0
0
0
0
3
21
22
0
0
0
0
0
0
0
0
0
0
0
0
0
0
0
0
0
0
0
0
0
0
0
0
0
0
0
0
0
0
0
0
0
0
0
0
0
0
0
0
0
0
0
0
0
0
0
0
0