0
0
0
0
0
0
0
0
0
0
0
0
0
0
0
0
0
0
0
0
0
0
0
0
0
0
0
0
0
0
0
0
0
0
0
0
0
0
0
0
0
0
0
0
0
0
0
0
0
0
0
0
0
0
0
0
0
0
0
0
0
0
0
0
0
0
0
0
56
66
0
0
0
0
0
0
0
0
0
0
0
0
0
0
0
0
0
0
116
239
73
0
0
0
0
0
0
0
0
0
0
0
0
0
0
0
0
0
91
255
152
1
0
0
0
0
0
0
0
0
0
0
0
0
0
0
0
0
63
241
224
37
0
0
0
0
0
0
0
0
0
0
0
0
0
0
0
0
40
224
213
35
0
0
0
0
0
0
0
0
0
0
0
0
0
0
0
0
18
205
125
0
0
0
0
0
0
0
0
0
0
0
0
0
0
0
0
0
0
189
168
0
0
0
0
0
0
0
0
0
0
0
0
0
0
0
0
0
0
190
231
42
0
0
0
0
0
0
0
0
0
0
0
0
0
0
0
0
0
187
252
73
0
0
0
0
0
0
0
0
0
0
0
0
0
0
0
0
0
172
231
46
0
0
0
0
0
0
0
0
0
0
0
0
0
0
0
0
0
170
229
44
0
0
0
0
0
0
0
0
0
0
0
0
0
0
0
0
0
120
250
82
0
0
0
0
0
0
0
0
0
0
0
0
0
0
0
0
0
123
250
80
0
0
0
0
0
0
0
0
0
0
0
0
0
0
0
0
15
197
222
30
0
0
0
0
0
0
0
0
0
0
0
0
0
0
0
0
1
108
155
17
0
0
0
0
0
0
0
0
0
0
0
0
0
0
0
0
0
0
0
0
0
0
0
0
0
0
0
0
0
0
0
0
0
0
0
0
0
0
0
0
0
0
0
0
0
0
0
0