0
0
0
0
0
0
0
0
0
0
0
0
0
0
0
0
0
0
0
0
0
0
0
0
0
0
0
0
0
0
0
0
0
0
0
0
0
0
0
0
0
0
0
0
0
0
0
26
14
8
0
0
0
0
0
0
0
0
0
0
0
0
0
0
11
69
137
229
193
174
89
9
0
0
0
0
0
0
0
0
0
0
0
17
156
249
255
246
238
255
251
114
0
0
0
0
0
0
0
0
0
0
0
90
255
228
111
57
43
104
248
228
54
0
0
0
0
0
0
0
0
0
2
148
172
46
0
0
0
0
199
255
118
0
0
0
0
0
0
0
0
0
1
34
11
0
0
0
0
0
133
255
126
0
0
0
0
0
0
0
0
0
0
0
0
0
0
0
0
0
128
255
147
0
0
0
0
0
0
0
0
0
0
0
0
0
0
0
26
127
223
255
116
0
0
0
0
0
0
0
0
0
0
0
0
0
0
0
107
255
255
255
233
61
0
0
0
0
0
0
0
0
0
0
0
0
0
0
30
128
139
173
255
167
0
0
0
0
0
0
0
0
0
0
0
0
0
13
11
0
0
8
168
246
99
0
0
0
0
0
0
0
0
0
0
0
72
181
55
0
0
0
51
248
209
5
0
0
0
0
0
0
0
0
0
0
134
255
160
76
34
0
47
211
210
5
0
0
0
0
0
0
0
0
0
0
39
156
238
255
226
202
228
255
189
3
0
0
0
0
0
0
0
0
0
0
0
0
59
128
249
255
255
172
47
0
0
0
0
0
0
0
0
0
0
0
0
0
0
0
32
36
36
9
0
0
0
0
0
0
0
0
0
0
0
0
0
0
0
0
0
0
0
0
0
0
0
0
0
0
0
0
0
0
0
0
0
0
0
0
0
0
0
0
0
0
0
0
0
0