0
0
0
0
0
0
0
0
0
0
0
0
0
0
0
0
0
0
0
0
0
0
0
0
0
0
0
0
0
0
0
0
0
0
0
0
0
0
0
0
0
0
0
0
0
0
0
0
2
29
17
0
0
0
0
0
0
0
0
0
0
0
0
0
0
0
0
0
99
244
188
26
0
0
0
0
0
0
0
0
0
0
0
0
0
0
0
22
224
255
255
141
1
0
0
0
0
0
0
0
0
0
0
0
0
0
0
0
93
208
255
121
0
0
0
0
0
0
0
0
0
0
0
0
0
0
0
15
25
205
232
47
0
0
0
0
0
0
0
0
0
0
0
0
0
0
0
105
210
253
131
0
0
0
0
0
0
0
0
0
0
0
0
0
0
0
0
24
214
247
32
0
0
0
0
0
0
0
0
0
0
0
0
0
0
0
0
23
222
255
148
2
0
0
0
0
0
0
0
0
0
0
0
0
0
0
0
33
255
136
143
122
9
0
0
0
0
0
0
0
0
0
0
0
0
0
0
34
247
71
0
138
143
6
0
0
0
0
0
0
0
0
0
0
0
0
0
35
243
57
0
8
170
100
0
0
0
0
0
0
0
0
0
0
0
0
0
31
231
58
0
0
128
225
36
0
0
0
0
0
0
0
0
0
0
0
0
1
146
102
0
12
186
229
41
0
0
0
0
0
0
0
0
0
0
0
0
0
43
159
175
200
255
185
17
0
0
0
0
0
0
0
0
0
0
0
0
0
0
36
195
255
197
59
0
0
0
0
0
0
0
0
0
0
0
0
0
0
0
0
14
33
15
0
0
0
0
0
0
0
0
0
0
0
0
0
0
0
0
0
0
0
0
0
0
0
0
0
0
0
0
0
0
0
0
0
0
0
0
0
0
0
0
0
0
0
0
0
0
0