0
0
0
0
0
0
0
0
0
0
0
0
0
0
0
0
0
0
0
0
0
0
0
0
0
0
0
0
0
0
0
0
0
0
0
0
0
0
0
0
0
0
0
0
0
0
0
0
0
29
97
97
101
143
167
186
222
127
0
0
0
0
0
0
0
0
0
37
37
188
255
255
243
198
180
149
106
45
0
0
0
0
0
0
0
0
0
107
222
90
66
72
51
20
6
0
0
0
0
0
0
0
0
0
0
0
41
235
220
28
0
0
0
0
0
0
0
0
0
0
0
0
0
0
0
0
62
248
209
28
0
0
0
0
0
0
0
0
0
0
0
0
0
0
0
0
129
255
120
0
0
0
0
0
0
0
0
0
0
0
0
0
0
0
0
23
202
255
126
72
43
5
0
0
0
0
0
0
0
0
0
0
0
0
0
27
206
255
246
241
221
194
104
9
0
0
0
0
0
0
0
0
0
0
0
7
92
132
103
65
92
182
253
169
28
0
0
0
0
0
0
0
0
0
0
0
0
0
0
0
0
0
140
255
163
0
0
0
0
0
0
0
0
0
0
0
4
3
0
0
0
0
5
168
250
25
0
0
0
0
0
0
0
0
2
117
164
160
117
69
48
26
27
159
255
40
0
0
0
0
0
0
0
0
1
167
255
255
255
242
225
211
213
245
246
21
0
0
0
0
0
0
0
0
0
2
106
208
245
255
255
255
255
241
107
0
0
0
0
0
0
0
0
0
0
0
0
18
74
102
109
109
104
58
7
0
0
0
0
0
0
0
0
0
0
0
0
0
0
0
0
0
0
0
0
0
0
0
0
0
0
0
0
0
0
0
0
0
0
0
0
0
0
0
0
0
0
0
0
0
0
0
0
0
0
0
0
0
0
0
0
0
0
0
0
0
0
0
0
0