0
0
0
0
0
0
0
0
0
0
0
0
0
0
0
0
0
0
0
0
0
0
0
0
0
0
0
0
0
0
3
104
71
0
0
0
0
0
0
0
0
0
0
0
0
0
0
0
0
0
75
255
164
0
0
0
0
0
0
0
0
0
0
0
0
0
0
0
0
0
154
255
139
0
0
0
0
0
0
0
0
0
0
0
0
0
0
0
0
75
250
194
30
0
0
0
0
0
0
0
0
0
0
0
0
0
0
0
38
202
255
114
0
0
0
0
0
0
0
0
0
0
0
0
0
0
0
0
135
255
195
25
0
0
0
0
0
0
0
0
0
0
0
0
0
0
0
69
235
241
69
0
0
0
0
0
0
0
0
0
0
0
0
0
0
0
0
176
255
157
0
0
0
0
0
0
0
0
0
0
0
0
0
0
0
0
32
228
253
83
24
63
55
7
0
0
0
0
0
0
0
0
0
0
0
0
143
255
250
219
234
255
255
187
50
0
0
0
0
0
0
0
0
0
0
0
157
255
255
233
171
122
173
255
158
0
0
0
0
0
0
0
0
0
0
0
157
255
188
45
0
14
152
255
140
0
0
0
0
0
0
0
0
0
0
0
162
255
152
31
64
187
255
188
25
0
0
0
0
0
0
0
0
0
0
0
81
244
255
230
247
255
205
40
0
0
0
0
0
0
0
0
0
0
0
0
0
83
187
188
186
86
4
0
0
0
0
0
0
0
0
0
0
0
0
0
0
0
0
0
0
0
0
0
0
0
0
0
0
0
0
0
0
0
0
0
0
0
0
0
0
0
0
0
0
0
0
0
0
0
0
0
0
0
0
0
0
0
0
0
0
0
0
0
0
0
0
0
0
0
0
0
0
0
0
0
0
0
0
0
0
0
0
0
0
0
0
0
0
0