0
0
0
0
0
0
0
0
0
0
0
0
0
0
0
0
0
0
0
0
0
0
0
0
0
0
0
0
0
0
0
0
0
0
0
0
0
0
0
0
0
0
0
0
0
0
0
0
0
0
0
0
0
12
37
8
0
0
0
0
0
0
0
0
0
0
0
0
0
0
0
0
0
148
255
67
0
0
0
0
0
0
0
0
0
0
0
0
0
0
0
0
38
243
252
49
0
0
0
0
0
0
0
0
0
0
0
0
0
0
0
3
157
255
187
7
0
0
0
0
0
0
0
0
0
0
0
0
0
0
0
99
255
247
72
0
0
0
0
0
0
0
0
0
0
0
0
0
0
0
8
180
255
159
0
0
0
0
0
0
0
0
0
0
0
0
0
0
0
0
102
255
235
50
0
0
0
0
0
0
0
0
0
0
0
0
0
0
0
17
210
255
136
0
0
0
0
0
0
0
0
0
0
0
0
0
0
0
0
120
255
229
25
0
0
0
0
0
0
0
0
0
0
0
0
0
0
0
37
222
255
113
0
0
0
0
0
0
0
0
0
0
0
0
0
0
0
21
193
255
175
6
0
0
0
0
0
0
0
0
0
0
0
0
0
0
12
163
255
221
42
0
0
0
0
0
0
0
0
0
0
0
0
0
0
3
124
255
250
92
0
0
0
0
0
0
0
0
0
0
0
0
0
0
0
120
247
255
144
6
0
0
0
0
0
0
0
0
0
0
0
0
0
0
42
241
255
151
8
0
0
0
0
0
0
0
0
0
0
0
0
0
0
0
12
38
36
6
0
0
0
0
0
0
0
0
0
0
0
0
0
0
0
0
0
0
0
0
0
0
0
0
0
0
0
0
0
0
0
0
0
0
0
0
0
0
0
0
0
0
0
0
0
0
0
0
0
0
0
0