0
0
0
0
0
0
0
0
0
0
0
0
0
0
0
0
0
0
0
0
0
0
0
0
0
0
0
0
0
0
0
0
0
0
0
0
0
0
0
0
0
0
0
0
0
0
0
0
0
0
0
0
0
0
0
0
0
0
0
0
0
0
0
0
0
0
0
0
0
0
0
0
0
0
0
0
0
0
0
0
0
0
0
0
0
0
0
0
0
49
21
0
0
0
48
166
44
0
0
0
0
0
0
0
0
0
0
0
35
214
114
0
0
8
168
226
42
0
0
0
0
0
0
0
0
0
0
0
105
251
74
0
0
120
255
125
0
0
0
0
0
0
0
0
0
0
0
16
193
175
4
0
38
232
218
25
0
0
0
0
0
0
0
0
0
0
0
68
255
118
0
0
176
245
82
0
0
0
0
0
0
0
0
0
0
0
0
139
236
53
0
77
252
152
0
0
0
0
0
0
0
0
0
0
0
0
15
223
205
25
8
190
241
40
0
0
0
0
0
0
0
0
0
0
0
0
3
196
255
185
166
251
234
31
0
0
0
0
0
0
0
0
0
0
0
0
0
55
205
245
255
247
129
1
0
0
0
0
0
0
0
0
0
0
0
0
0
0
13
174
255
117
0
0
0
0
0
0
0
0
0
0
0
0
0
0
0
0
76
250
158
10
0
0
0
0
0
0
0
0
0
0
0
0
0
0
0
24
206
205
19
0
0
0
0
0
0
0
0
0
0
0
0
0
0
0
5
137
255
86
0
0
0
0
0
0
0
0
0
0
0
0
0
0
0
0
66
240
142
1
0
0
0
0
0
0
0
0
0
0
0
0
0
0
0
0
65
101
4
0
0
0
0
0
0
0
0
0
0
0
0
0
0
0
0
0
0
0
0
0
0
0
0
0
0
0
0
0
0
0