0
0
0
0
0
0
0
0
0
0
0
0
0
0
0
0
0
0
0
0
0
0
0
0
0
0
0
0
0
0
0
0
0
0
0
0
0
0
0
0
0
0
0
0
0
0
0
0
0
0
0
0
0
0
0
16
33
3
0
0
0
0
0
0
0
0
0
0
0
0
0
0
16
47
99
196
253
77
0
0
0
0
0
0
0
0
0
0
0
0
37
109
199
228
255
255
255
162
0
0
0
0
0
0
0
0
0
0
20
115
244
255
255
241
186
141
187
68
0
0
0
0
0
0
0
0
0
50
189
255
255
222
135
71
0
0
0
0
0
0
0
0
0
0
0
0
67
206
255
255
179
38
0
0
0
0
0
0
0
0
0
0
0
0
0
17
194
255
253
247
67
0
0
0
0
0
0
0
0
0
0
0
0
0
0
68
240
255
254
253
222
172
32
0
0
0
0
0
0
0
0
0
0
0
4
193
255
250
238
236
169
243
160
2
0
0
0
0
0
0
0
0
0
0
7
220
255
197
224
141
0
78
223
117
0
0
0
0
0
0
0
0
0
0
7
218
255
141
130
57
0
0
153
172
0
0
0
0
0
0
0
0
0
0
7
225
255
131
0
0
0
0
190
166
0
0
0
0
0
0
0
0
0
0
0
93
241
225
121
76
107
185
255
166
0
0
0
0
0
0
0
0
0
0
0
0
138
255
255
252
255
255
255
146
0
0
0
0
0
0
0
0
0
0
0
0
11
81
143
237
178
173
125
34
0
0
0
0
0
0
0
0
0
0
0
0
0
0
1
29
10
8
0
0
0
0
0
0
0
0
0
0
0
0
0
0
0
0
0
0
0
0
0
0
0
0
0
0
0
0
0
0
0
0
0
0
0
0
0
0
0
0
0
0
0
0
0
0
0
0