0
0
0
0
0
0
0
0
0
0
0
0
0
0
0
0
0
0
0
0
0
0
0
0
0
0
0
0
0
0
0
0
0
0
0
0
0
0
0
0
0
0
0
0
0
0
0
0
0
0
0
0
0
0
0
0
0
0
0
0
0
0
0
0
0
0
0
0
0
0
0
0
0
0
0
0
0
0
0
0
0
0
0
0
0
0
0
0
9
9
0
0
0
0
0
1
2
0
0
0
0
0
0
0
0
2
75
164
252
255
126
2
0
0
46
176
132
5
0
0
0
0
0
0
16
127
255
231
119
139
138
7
0
31
206
255
126
0
0
0
0
0
0
0
130
217
72
29
0
0
1
0
23
162
255
169
0
0
0
0
0
0
0
0
181
209
3
0
0
0
23
80
211
255
206
31
0
0
0
0
0
0
0
0
52
210
190
161
163
162
206
244
255
237
75
0
0
0
0
0
0
0
0
0
0
46
151
201
209
164
136
216
255
118
0
0
0
0
0
0
0
0
0
0
0
0
0
11
14
0
0
182
225
25
0
0
0
0
0
0
0
0
0
0
0
0
0
0
0
0
117
251
118
0
0
0
0
0
0
0
0
0
0
0
0
0
0
0
0
6
213
212
25
0
0
0
0
0
0
0
0
0
0
0
0
0
0
0
0
63
236
100
0
0
0
0
0
0
0
0
0
0
0
0
0
0
0
0
14
195
224
34
0
0
0
0
0
0
0
0
0
0
0
0
0
0
0
0
48
230
161
0
0
0
0
0
0
0
0
0
0
0
0
0
0
0
0
0
53
228
98
5
0
0
0
0
0
0
0
0
0
0
0
0
0
0
0
0
19
183
193
34
0
0
0
0
0
0
0
0
0
0
0
0
0
0
0
0
2
32
29
0
0
0
0
0
0
0
0
0