0
0
0
0
0
0
0
0
0
0
0
0
0
0
0
0
0
0
0
0
0
0
0
0
0
0
0
0
0
0
0
0
0
0
0
0
0
0
0
0
0
0
0
0
0
0
0
0
0
0
0
0
0
0
0
0
0
0
0
0
0
0
0
0
0
0
0
0
0
0
0
0
0
0
0
0
0
0
0
0
0
0
0
0
0
0
0
0
0
0
1
7
10
7
0
0
0
0
0
0
0
0
0
0
0
0
0
0
14
78
169
230
255
219
53
0
0
0
0
0
0
0
0
0
0
0
0
90
191
247
252
190
196
255
84
0
0
0
0
0
0
0
0
0
0
0
78
244
255
221
67
0
38
209
62
0
0
0
0
0
0
0
0
0
0
53
214
251
141
24
34
88
159
200
42
0
0
0
0
0
0
0
0
0
0
116
255
251
185
177
224
255
255
192
17
0
0
0
0
0
0
0
0
0
0
15
125
212
211
214
211
233
255
193
23
0
0
0
0
0
0
0
0
0
0
0
0
26
24
23
103
233
231
48
0
0
0
0
0
0
0
0
0
0
0
0
0
0
0
13
208
255
167
0
0
0
0
0
0
0
0
0
0
0
0
0
0
0
0
58
239
239
67
0
0
0
0
0
0
0
0
0
0
0
0
0
0
0
26
193
255
115
0
0
0
0
0
0
0
0
0
0
0
0
0
0
0
0
33
225
226
35
0
0
0
0
0
0
0
0
0
0
0
0
0
0
0
6
134
241
120
6
0
0
0
0
0
0
0
0
0
0
0
0
0
0
0
34
251
210
6
0
0
0
0
0
0
0
0
0
0
0
0
0
0
0
0
18
206
130
0
0
0
0
0
0
0
0
0
0
0
0
0
0
0
0
0
4
50
13
0
0
0
0
0
0
0
0
0
0