0
0
0
0
0
0
0
0
0
0
0
0
0
0
0
0
0
0
0
0
0
0
0
0
0
0
0
0
0
0
0
0
0
0
0
0
0
0
0
0
0
0
0
0
0
0
0
0
0
0
0
0
0
0
0
0
0
0
0
0
0
0
0
0
0
0
0
0
0
0
0
0
0
0
0
0
0
0
0
0
0
0
0
0
0
0
0
8
10
10
8
0
0
0
0
0
0
0
0
0
0
0
0
6
17
53
144
231
252
253
230
121
12
0
0
0
0
0
0
0
0
0
7
134
200
237
255
230
175
177
229
255
160
12
0
0
0
0
0
0
0
0
3
107
173
145
65
26
8
8
28
153
255
135
0
0
0
0
0
0
0
0
0
0
0
0
0
0
0
0
0
38
243
168
0
0
0
0
0
0
0
0
0
0
0
0
0
0
0
0
0
62
250
166
0
0
0
0
0
0
0
0
0
0
0
0
0
0
0
0
0
125
255
154
0
0
0
0
0
0
0
0
0
0
0
0
0
0
0
0
15
192
240
54
0
0
0
0
0
0
0
0
0
0
0
0
0
0
0
0
65
252
202
0
0
0
0
0
0
0
0
0
0
0
0
0
0
0
0
0
168
255
118
0
0
0
0
0
0
0
0
0
0
0
0
0
0
0
0
58
243
216
24
0
0
0
0
0
0
0
0
0
0
0
0
0
0
0
0
166
255
111
0
0
0
0
0
0
0
0
0
0
0
0
0
0
0
0
0
186
230
41
0
0
0
0
0
0
0
0
0
0
0
0
0
0
0
0
2
199
241
60
0
0
0
0
0
0
0
0
0
0
0
0
0
0
0
0
0
142
233
84
0
0
0
0
0
0
0
0
0
0
0
0
0
0
0
0
0
18
41
5
0
0
0
0
0
0
0
0