0
0
0
0
0
0
0
0
0
0
0
0
0
0
0
0
0
0
0
0
0
0
0
0
0
0
0
0
0
0
0
0
0
0
0
0
0
0
0
0
0
0
0
0
0
0
0
0
0
0
0
0
0
0
0
0
0
0
0
0
0
0
0
0
0
0
0
0
0
0
0
0
0
0
0
0
0
0
0
0
0
0
0
0
0
0
0
0
0
0
2
6
2
6
2
0
0
0
0
0
0
0
0
0
0
0
0
28
129
139
178
224
190
219
163
1
0
0
0
0
0
0
0
0
13
78
138
199
255
254
211
132
124
197
210
6
0
0
0
0
0
0
0
0
152
241
213
133
41
31
19
0
0
168
209
5
0
0
0
0
0
0
0
57
227
103
16
0
0
0
0
0
0
169
238
8
0
0
0
0
0
0
0
153
255
72
0
0
0
0
8
61
122
226
213
6
0
0
0
0
0
0
0
96
229
241
154
122
129
159
186
189
174
242
146
0
0
0
0
0
0
0
0
0
49
161
216
229
202
202
170
92
20
202
96
0
0
0
0
0
0
0
0
0
0
5
20
24
15
16
5
0
1
166
134
0
0
0
0
0
0
0
0
0
0
0
0
0
0
0
0
0
3
162
152
0
0
0
0
0
0
0
0
0
0
0
0
0
0
0
0
0
13
206
97
0
0
0
0
0
0
0
0
0
0
0
0
0
0
0
0
0
48
242
86
0
0
0
0
0
0
0
0
0
0
0
0
0
0
0
0
0
117
255
77
0
0
0
0
0
0
0
0
0
0
0
0
0
0
0
0
0
117
236
47
0
0
0
0
0
0
0
0
0
0
0
0
0
0
0
0
0
103
196
27
0
0
0
0
0
0
0
0
0
0
0
0
0
0
0
0
0
19
34
0
0
0
0
0
0