0
0
0
0
0
0
0
0
0
0
0
0
0
0
0
0
0
0
0
0
0
0
0
0
0
0
0
0
0
0
0
0
0
0
0
0
0
0
0
0
0
0
0
0
0
0
0
0
0
0
0
0
0
0
0
0
0
0
0
0
0
0
0
0
0
0
0
0
0
0
0
0
0
0
0
0
0
0
0
0
0
0
0
0
0
0
0
0
0
0
0
0
0
0
40
100
154
123
11
0
0
0
0
0
0
0
0
0
0
0
11
46
110
184
243
255
237
212
91
0
0
0
0
0
0
0
0
0
12
68
174
231
255
254
200
127
54
25
13
0
0
0
0
0
0
0
0
0
124
246
231
162
95
52
14
0
0
0
0
0
0
0
0
0
0
0
0
45
215
157
33
0
0
0
0
0
0
0
0
0
0
0
0
0
0
0
0
121
255
66
0
0
0
0
0
0
0
0
0
0
0
0
0
0
0
0
0
89
255
118
0
0
0
0
0
0
0
0
0
0
0
0
0
0
0
0
0
30
190
229
48
0
0
0
0
0
0
0
0
0
0
0
0
0
0
1
0
0
87
255
177
15
0
0
0
0
0
0
0
0
0
0
0
0
55
85
0
0
5
182
247
68
0
0
0
0
0
0
0
0
0
0
0
0
155
208
37
0
4
123
230
54
0
0
0
0
0
0
0
0
0
0
0
0
137
255
233
189
213
255
214
38
0
0
0
0
0
0
0
0
0
0
0
0
15
109
156
220
219
173
98
13
0
0
0
0
0
0
0
0
0
0
0
0
0
0
2
22
22
7
0
0
0
0
0
0
0
0
0
0
0
0
0
0
0
0
0
0
0
0
0
0
0
0
0
0
0
0
0
0
0
0
0
0
0
0
0
0
0
0
0
0
0
0
0
0
0
0
0
0