0
0
0
0
0
0
0
0
0
0
0
0
0
0
0
0
0
0
0
0
0
0
0
0
0
0
0
0
0
0
0
0
0
0
0
0
0
0
0
0
0
0
0
0
0
0
0
0
0
0
0
0
0
0
0
0
0
0
0
0
0
0
0
0
0
0
0
26
70
7
0
0
0
0
0
0
0
0
0
0
0
0
0
0
0
0
0
183
249
129
0
0
0
0
0
0
0
0
0
0
0
0
0
0
0
0
118
255
255
255
168
53
34
49
66
67
29
0
0
0
0
0
0
0
0
67
230
255
255
255
255
254
218
240
255
255
164
8
0
0
0
0
0
0
10
201
255
124
25
71
183
222
224
224
184
134
68
0
0
0
0
0
0
0
57
255
255
98
13
0
0
0
0
0
0
0
0
0
0
0
0
0
0
0
18
206
254
252
216
149
42
0
0
0
0
0
0
0
0
0
0
0
0
0
0
1
57
148
221
255
247
151
30
0
0
0
0
0
0
0
0
0
0
0
0
0
0
0
27
120
209
255
206
57
0
0
0
0
0
0
0
0
0
0
0
0
0
0
0
0
8
152
255
176
7
0
0
0
0
0
0
0
0
0
0
0
0
0
0
0
0
60
248
213
30
0
0
0
0
0
0
0
0
0
0
0
62
48
0
0
24
170
255
179
13
0
0
0
0
0
0
0
0
0
0
15
194
172
64
104
214
255
243
39
0
0
0
0
0
0
0
0
0
0
0
0
102
255
255
255
255
242
112
10
0
0
0
0
0
0
0
0
0
0
0
0
2
124
223
220
152
45
0
0
0
0
0
0
0
0
0
0
0
0
0
0
0
0
0
0
0
0
0
0
0
0
0
0
0
0
0
0
0
0
0
0
0
0
0
0
0
0
0
0
0
0
0
0
0
0