0
0
0
0
0
0
0
0
0
0
0
0
0
0
0
0
0
0
0
0
0
0
0
0
0
0
0
0
0
0
0
0
0
0
0
0
0
0
0
0
0
0
0
0
0
0
0
0
0
0
0
0
0
0
0
0
0
0
0
0
0
0
0
0
0
0
0
0
0
29
110
76
11
0
0
0
0
0
0
0
0
0
0
0
0
0
0
0
28
181
255
247
106
0
0
0
0
0
0
0
0
0
0
0
0
0
0
28
185
255
252
255
247
108
0
0
0
0
0
0
0
0
0
0
0
0
14
177
255
255
255
255
255
211
74
0
0
0
0
0
0
0
0
0
0
0
64
242
245
182
98
174
240
255
217
10
0
0
0
0
0
0
0
0
0
15
182
255
171
0
0
0
85
238
245
66
0
0
0
0
0
0
0
0
0
49
229
255
100
0
0
0
0
108
251
148
0
0
0
0
0
0
0
0
0
65
250
180
15
0
0
0
0
28
221
194
0
0
0
0
0
0
0
0
0
83
255
83
0
0
0
0
0
73
254
192
0
0
0
0
0
0
0
0
0
68
253
90
0
0
0
0
8
168
250
78
0
0
0
0
0
0
0
0
0
47
229
87
0
0
10
75
168
227
149
2
0
0
0
0
0
0
0
0
0
54
238
172
55
13
91
255
244
110
22
2
0
0
0
0
0
0
0
0
0
16
175
255
242
182
181
144
50
24
0
0
0
0
0
0
0
0
0
0
0
0
56
243
195
78
22
0
0
0
0
0
0
0
0
0
0
0
0
0
0
0
0
147
208
137
102
17
0
0
0
0
0
0
0
0
0
0
0
0
0
0
0
0
0
0
0
0
0
0
0
0
0
0
0
0
0
0
0
0
0
0
0
0
0
0
0
0
0
0
0
0
0
0
0
0