0
0
0
0
0
0
0
0
0
0
0
0
0
0
0
0
0
0
0
0
0
0
0
0
0
0
0
0
0
0
0
0
0
0
0
0
0
0
0
0
0
0
0
0
0
0
0
0
0
0
0
0
0
21
14
0
0
0
0
0
0
0
0
0
0
0
0
0
0
0
0
0
9
196
99
0
0
0
0
0
0
0
0
0
0
0
0
0
0
0
0
0
70
246
65
0
0
0
0
0
0
0
0
0
0
0
0
0
0
0
0
0
194
189
11
0
0
0
0
0
0
0
0
0
0
0
0
0
0
0
0
71
237
85
0
0
0
0
0
0
0
0
0
0
0
0
0
0
0
0
16
195
177
0
0
0
0
0
0
0
0
0
0
0
0
0
0
0
0
0
122
249
62
0
0
0
0
0
0
0
0
0
0
0
0
0
0
0
0
38
235
147
0
0
0
0
0
0
0
0
0
0
0
0
0
0
0
0
1
159
209
21
0
0
0
0
0
0
0
0
0
0
0
0
0
0
0
0
79
246
100
0
0
0
0
0
0
0
0
0
0
0
0
0
0
0
0
17
199
185
4
0
0
0
0
0
0
0
0
0
0
0
0
0
0
0
0
138
244
57
0
0
0
0
0
0
0
0
0
0
0
0
0
0
0
0
66
241
124
0
0
0
0
0
0
0
0
0
0
0
0
0
0
0
0
21
201
199
6
0
0
0
0
0
0
0
0
0
0
0
0
0
0
0
0
115
244
61
0
0
0
0
0
0
0
0
0
0
0
0
0
0
0
0
0
23
31
1
0
0
0
0
0
0
0
0
0
0
0
0
0
0
0
0
0
0
0
0
0
0
0
0
0
0
0
0
0
0
0
0
0
0
0
0
0
0
0
0
0
0
0
0
0
0
0
0
0
0
0
0