0
0
0
0
0
0
0
0
0
0
0
0
0
0
0
0
0
0
0
0
0
0
0
0
0
0
0
0
0
0
0
0
0
0
0
0
0
0
0
0
0
0
0
0
0
0
0
0
0
0
0
0
0
0
0
0
0
0
0
0
0
0
0
0
0
0
0
0
0
0
0
0
0
0
0
0
0
0
0
0
0
0
0
0
0
0
0
0
9
46
106
137
184
150
60
1
0
0
0
0
0
0
0
0
0
0
18
154
213
251
255
255
255
255
246
70
0
0
0
0
0
0
0
0
0
2
145
255
202
131
104
97
172
255
255
82
0
0
0
0
0
0
0
0
0
0
56
126
17
0
0
85
221
255
160
11
0
0
0
0
0
0
0
0
0
0
0
0
25
101
185
255
221
110
7
0
0
0
0
0
0
0
0
0
0
0
17
113
207
255
255
182
94
62
17
0
0
0
0
0
0
0
0
0
0
32
192
255
255
255
255
245
249
253
229
56
0
0
0
0
0
0
0
0
0
86
255
255
248
210
204
165
131
194
255
90
0
0
0
0
0
0
0
0
0
12
68
76
41
22
16
0
37
210
255
81
0
0
0
0
0
0
0
0
0
0
0
0
0
0
0
84
213
255
175
16
0
0
0
0
0
0
0
0
0
0
0
0
0
73
187
250
245
131
15
0
0
0
0
0
0
0
0
0
0
0
0
27
149
252
255
186
61
0
0
0
0
0
0
0
0
0
0
0
0
24
122
211
255
201
79
10
0
0
0
0
0
0
0
0
0
0
0
0
106
219
240
160
77
23
0
0
0
0
0
0
0
0
0
0
0
0
0
0
78
129
46
0
0
0
0
0
0
0
0
0
0
0
0
0
0
0
0
0
0
0
0
0
0
0
0
0
0
0
0
0
0
0
0
0