0
0
0
0
0
0
0
0
0
0
0
0
0
0
0
0
0
0
0
0
0
0
0
0
0
0
0
0
0
0
0
0
0
0
0
0
0
0
0
0
0
0
0
0
0
0
0
0
0
0
0
0
0
0
0
0
0
0
0
0
0
0
0
0
0
0
0
0
0
0
0
0
0
0
0
0
0
0
0
0
0
0
0
15
148
78
0
0
0
0
0
0
0
0
35
6
0
0
0
0
0
0
0
48
239
215
26
0
0
0
0
0
0
4
195
168
9
0
0
0
0
0
0
49
231
232
50
0
0
0
0
0
0
68
246
222
34
0
0
0
0
0
0
49
231
229
47
0
0
0
0
0
0
106
255
188
0
0
0
0
0
0
0
49
230
239
56
0
0
0
0
0
0
106
255
164
0
0
0
0
0
0
0
46
229
255
159
5
0
0
0
0
0
164
255
136
0
0
0
0
0
0
0
0
152
255
255
159
67
71
73
43
65
234
255
101
0
0
0
0
0
0
0
0
14
174
255
255
255
255
255
234
236
255
252
73
0
0
0
0
0
0
0
0
0
30
184
235
243
243
243
239
229
255
240
13
0
0
0
0
0
0
0
0
0
0
0
32
72
70
72
45
24
229
182
1
0
0
0
0
0
0
0
0
0
0
0
0
0
0
0
0
29
242
194
4
0
0
0
0
0
0
0
0
0
0
0
0
0
0
0
0
30
245
222
7
0
0
0
0
0
0
0
0
0
0
0
0
0
0
0
0
11
189
161
0
0
0
0
0
0
0
0
0
0
0
0
0
0
0
0
0
7
186
174
0
0
0
0
0
0
0
0
0
0
0
0
0
0
0
0
0
0
64
98
0
0
0
0
0
0
0
0
0
0
0
0
0
0
0
0
0
0
0
0
0
0
0
0
0