0
0
0
0
0
0
0
0
0
0
0
0
0
0
0
0
0
0
0
0
0
0
0
0
0
0
0
0
0
0
0
0
0
0
0
0
0
0
0
0
0
0
0
0
0
0
0
0
0
0
0
0
0
0
0
0
0
0
0
0
0
0
0
0
0
0
0
0
0
0
0
29
78
113
61
0
0
0
0
0
0
0
0
0
0
0
0
0
0
19
155
219
238
255
232
141
33
0
0
0
0
0
0
0
0
0
0
0
71
209
255
196
73
164
255
248
65
0
0
0
0
0
0
0
0
0
0
6
173
255
125
4
54
224
253
124
14
0
0
0
0
0
0
0
0
0
0
9
180
236
37
117
243
243
95
0
0
0
0
0
0
0
0
0
0
0
0
0
138
255
212
255
199
56
0
0
0
0
0
0
0
0
0
0
0
0
0
0
114
255
255
173
27
0
0
0
0
0
0
0
0
0
0
0
0
0
0
0
146
255
201
12
0
0
0
0
0
0
0
0
0
0
0
0
0
0
9
135
250
255
195
6
0
0
0
0
0
0
0
0
0
0
0
0
0
0
126
255
165
227
190
0
0
0
0
0
0
0
0
0
0
0
0
0
0
55
242
156
38
227
189
0
0
0
0
0
0
0
0
0
0
0
0
0
0
133
255
29
74
255
171
0
0
0
0
0
0
0
0
0
0
0
0
0
1
172
240
81
194
250
53
0
0
0
0
0
0
0
0
0
0
0
0
0
0
102
255
251
255
122
1
0
0
0
0
0
0
0
0
0
0
0
0
0
0
11
116
199
99
0
0
0
0
0
0
0
0
0
0
0
0
0
0
0
0
0
0
0
0
0
0
0
0
0
0
0
0
0
0
0
0
0
0
0
0
0
0
0
0
0
0
0
0
0
0
0
0
0
0
0