0
0
0
0
0
0
0
0
0
0
0
0
0
0
0
0
0
0
0
0
0
0
0
0
0
0
0
0
0
0
0
0
0
0
0
0
0
0
0
0
0
0
0
0
0
0
0
0
0
18
36
7
0
0
0
0
0
0
0
0
0
0
0
0
0
0
0
0
71
211
255
158
3
0
0
0
0
0
0
0
0
0
0
0
0
0
0
32
224
223
181
255
101
0
0
0
0
0
0
0
0
0
0
0
0
0
0
97
255
83
9
193
206
0
0
0
0
0
0
0
0
0
0
0
0
0
0
101
247
53
0
156
243
32
0
0
0
0
0
0
0
0
0
0
0
0
0
19
66
12
0
125
240
56
0
0
0
0
0
0
0
0
0
0
0
0
0
0
0
0
0
103
234
55
0
0
0
0
0
0
0
0
0
0
0
0
0
0
0
0
0
138
241
44
0
0
0
0
0
0
0
0
0
0
0
0
0
4
68
44
0
163
227
0
0
0
0
0
0
0
0
0
0
0
0
0
0
66
250
211
75
195
167
0
0
0
0
0
0
0
0
0
0
0
0
0
0
163
255
255
243
253
81
0
0
0
0
0
0
0
0
0
0
0
0
0
31
237
184
127
254
255
166
20
0
0
0
0
0
0
0
0
0
0
0
0
56
242
108
74
253
190
143
21
0
0
0
0
0
0
0
0
0
0
0
0
21
213
211
227
160
10
0
0
0
0
0
0
0
0
0
0
0
0
0
0
0
85
245
160
14
0
0
0
0
0
0
0
0
0
0
0
0
0
0
0
0
0
29
7
0
0
0
0
0
0
0
0
0
0
0
0
0
0
0
0
0
0
0
0
0
0
0
0
0
0
0
0
0
0
0
0
0
0
0
0
0
0
0
0
0
0
0
0
0
0
0
0
0
0