0
0
0
0
0
0
0
0
0
0
0
0
0
0
0
0
0
0
0
0
0
0
0
0
0
0
0
0
0
0
0
0
0
0
0
0
0
0
0
0
0
0
0
0
0
0
0
0
0
0
0
0
46
215
181
5
0
0
0
0
0
0
0
0
0
0
0
0
0
0
0
15
196
255
171
2
0
0
0
0
0
0
2
18
4
0
0
0
0
0
35
180
255
211
42
0
0
0
0
0
0
0
0
2
0
0
0
0
0
13
202
226
141
246
82
0
0
0
0
0
0
0
0
0
0
0
0
0
9
149
238
83
25
247
183
3
0
0
0
0
0
0
0
0
0
0
0
0
145
250
92
0
18
212
211
5
0
0
0
0
0
0
0
0
0
0
0
114
240
119
0
0
14
196
210
5
0
0
0
0
0
0
0
0
0
0
88
250
148
2
0
0
29
243
206
5
0
0
0
0
0
0
0
0
0
47
219
223
21
0
0
0
150
254
113
0
0
0
0
0
0
0
0
0
0
186
255
95
0
0
0
100
255
205
22
0
0
0
0
0
0
0
0
0
115
255
181
7
0
0
82
232
230
53
0
0
0
0
0
0
0
0
0
6
189
247
65
0
30
120
251
235
75
0
0
0
0
0
0
0
0
0
0
32
221
227
88
169
222
255
192
64
0
0
0
0
0
0
0
0
0
0
0
20
184
255
255
241
203
116
6
0
0
0
0
0
0
0
0
0
0
0
0
0
38
107
110
63
13
0
0
0
0
0
0
0
0
0
0
0
0
0
0
0
0
0
0
0
0
0
0
0
0
0
0
0
0
0
0
0
0
0
0
0
0
0
0
0
0
0
0
0
0
0
0
0
0
0
0
0
0
0
0
0
0
0
0
0
0
0
0
0
0
0
0
0
0
0
0
0