0
0
0
0
0
0
0
0
0
0
0
0
0
0
0
0
0
0
0
0
0
0
0
0
0
0
0
0
0
0
0
0
0
0
0
0
0
0
0
0
0
0
0
0
0
0
0
17
38
44
13
0
0
0
0
0
0
0
0
0
0
0
0
0
0
0
87
180
194
195
167
95
1
0
0
0
0
0
0
0
0
0
0
0
0
78
194
71
26
16
71
168
86
0
0
0
0
0
0
0
0
0
0
0
2
169
102
0
0
0
0
20
110
2
0
0
0
0
0
0
0
0
0
0
0
155
130
0
0
0
0
0
8
0
0
0
0
0
0
0
0
0
0
0
0
69
217
56
0
0
0
0
0
0
0
0
0
0
0
0
0
0
0
0
0
0
101
205
87
0
35
50
2
0
0
0
0
0
0
0
0
0
0
0
0
0
0
66
182
171
159
40
0
0
0
0
0
0
0
0
0
0
0
0
0
0
0
0
104
225
187
64
0
0
0
0
0
0
0
0
0
0
0
0
0
0
0
19
175
61
71
190
114
4
0
0
0
0
0
0
0
0
0
0
0
0
0
37
156
7
0
36
180
175
30
0
0
0
0
0
0
0
0
0
0
0
0
28
186
48
0
0
9
139
174
26
0
0
0
0
0
0
0
0
0
0
0
1
153
182
8
0
0
0
137
137
0
0
0
0
0
0
0
0
0
0
0
0
33
177
180
76
44
17
118
196
7
0
0
0
0
0
0
0
0
0
0
0
0
9
111
178
225
207
210
103
0
0
0
0
0
0
0
0
0
0
0
0
0
0
0
13
37
44
33
0
0
0
0
0
0
0
0
0
0
0
0
0
0
0
0
0
0
0
0
0
0
0
0
0
0
0
0
0
0
0
0
0
0
0
0
0
0
0
0
0
0
0
0
0