0
0
0
0
0
0
0
0
0
0
0
0
0
0
0
0
0
0
0
0
0
0
0
0
0
0
0
0
0
0
0
0
0
0
0
0
0
0
0
0
0
0
0
0
0
0
0
0
0
0
12
29
3
0
0
0
0
0
0
0
0
0
0
0
0
0
0
0
0
0
140
244
78
0
0
0
0
0
0
0
0
0
0
0
0
0
0
0
0
48
236
255
212
48
0
0
0
0
0
0
0
0
0
0
0
0
0
0
93
222
133
88
217
39
0
0
0
0
0
0
0
0
0
0
0
0
0
33
219
113
0
46
209
32
0
0
0
0
0
0
0
0
0
0
0
0
0
60
223
25
0
110
209
14
0
0
0
0
0
0
0
0
0
0
0
0
0
36
220
112
57
223
178
0
0
0
0
0
0
0
0
0
0
0
0
0
0
0
101
234
231
211
50
0
0
0
0
0
0
0
0
0
0
0
0
0
0
0
12
210
255
75
0
0
0
0
0
0
0
0
0
0
0
0
0
0
0
0
112
234
223
154
2
0
0
0
0
0
0
0
0
0
0
0
0
0
0
90
232
87
55
222
67
0
0
0
0
0
0
0
0
0
0
0
0
0
22
215
137
0
19
206
125
0
0
0
0
0
0
0
0
0
0
0
0
0
82
212
22
0
50
210
59
0
0
0
0
0
0
0
0
0
0
0
0
0
62
233
126
83
215
165
7
0
0
0
0
0
0
0
0
0
0
0
0
0
6
110
200
218
137
21
0
0
0
0
0
0
0
0
0
0
0
0
0
0
0
0
16
22
0
0
0
0
0
0
0
0
0
0
0
0
0
0
0
0
0
0
0
0
0
0
0
0
0
0
0
0
0
0
0
0
0
0
0
0
0
0
0
0
0
0
0
0
0
0
0
0
0
0