0
0
0
0
0
0
0
0
0
0
0
0
0
0
0
0
0
0
0
0
0
0
0
0
0
0
0
0
0
0
0
0
0
0
0
0
0
0
0
0
0
0
0
0
0
0
0
0
0
1
0
27
37
37
26
0
0
0
0
0
0
0
0
0
0
0
0
1
73
141
109
236
255
255
228
65
0
0
0
0
0
0
0
0
0
0
0
99
242
255
155
139
142
201
255
200
26
0
0
0
0
0
0
0
0
0
0
148
255
227
75
0
0
110
255
185
13
0
0
0
0
0
0
0
0
0
0
28
93
50
1
0
75
213
255
112
0
0
0
0
0
0
0
0
0
0
0
0
0
0
36
138
246
255
140
9
0
0
0
0
0
0
0
0
0
0
0
13
104
174
229
255
215
135
8
0
0
0
0
0
0
0
0
0
0
0
0
102
255
255
255
249
52
2
0
0
0
0
0
0
0
0
0
0
0
0
0
42
194
225
232
251
73
0
0
0
0
0
0
0
0
0
0
0
0
0
0
0
12
44
98
255
216
26
0
0
0
0
0
0
0
0
79
137
18
0
0
0
0
0
48
251
254
97
0
0
0
0
0
0
0
0
150
255
118
0
0
0
0
10
127
255
228
44
0
0
0
0
0
0
0
0
72
247
242
97
10
15
8
117
255
255
145
0
0
0
0
0
0
0
0
0
7
114
238
255
242
243
246
255
255
194
17
0
0
0
0
0
0
0
0
0
0
0
116
208
255
255
224
168
149
49
0
0
0
0
0
0
0
0
0
0
0
0
3
18
37
37
24
6
2
0
0
0
0
0
0
0
0
0
0
0
0
0
0
0
0
0
0
0
0
0
0
0
0
0
0
0
0
0
0
0
0
0
0
0
0
0
0
0
0
0
0
0
0
0
0
0
0
0