0
0
0
0
0
0
0
0
0
0
0
0
0
0
0
0
0
0
0
0
0
0
0
0
0
0
0
0
0
0
0
0
0
0
0
0
0
0
0
0
0
0
0
0
0
0
0
0
0
0
0
0
0
0
0
0
0
0
0
0
0
0
0
0
0
0
0
0
0
0
0
0
73
113
66
0
0
0
0
0
0
0
0
0
0
0
0
0
0
0
22
128
239
255
164
0
0
0
0
0
0
0
0
0
0
0
0
0
0
0
91
255
253
255
155
0
0
0
0
0
0
0
0
0
0
0
0
0
0
62
188
255
251
255
158
0
0
0
0
0
0
0
0
0
0
0
0
0
0
184
255
213
245
247
69
0
0
0
0
0
0
0
0
0
0
0
0
0
95
245
221
191
250
142
3
0
0
0
0
0
0
0
0
0
0
0
0
0
152
255
242
248
239
64
0
0
0
0
0
0
0
0
0
0
0
0
0
0
124
255
253
255
130
0
0
0
0
0
0
0
0
0
0
0
0
0
0
0
28
214
255
226
39
0
0
0
0
0
0
0
0
0
0
0
0
0
0
0
106
245
238
89
0
0
0
0
0
0
0
0
0
0
0
0
0
0
0
78
248
242
88
0
0
0
0
0
0
0
0
0
0
0
0
0
0
0
79
222
255
104
0
0
0
0
0
0
0
0
0
0
0
0
0
14
26
101
235
255
164
14
0
0
0
0
0
0
0
0
0
0
0
0
0
104
219
250
241
127
18
0
0
0
0
0
0
0
0
0
0
0
0
0
0
111
232
212
95
0
0
0
0
0
0
0
0
0
0
0
0
0
0
0
0
0
0
0
0
0
0
0
0
0
0
0
0
0
0
0
0
0
0
0
0
0
0
0
0
0
0
0
0
0
0
0
0
0
0
0
0
0