0
0
0
0
0
0
0
0
0
0
0
0
0
0
0
0
0
0
0
0
0
0
0
0
0
0
0
0
0
0
0
0
0
0
0
0
0
0
0
0
0
0
0
0
0
0
0
22
37
30
10
10
9
19
37
9
0
0
0
0
0
0
0
0
0
0
0
195
255
242
180
178
177
213
254
55
0
0
0
0
0
0
0
0
0
0
2
223
248
236
254
255
227
198
124
8
0
0
0
0
0
0
0
0
0
0
80
248
226
73
46
52
28
3
0
0
0
0
0
0
0
0
0
0
0
24
196
255
154
6
0
0
0
0
0
0
0
0
0
0
0
0
0
0
3
156
255
233
46
0
0
0
0
0
0
0
0
0
0
0
0
0
0
0
98
255
255
241
172
157
99
42
0
0
0
0
0
0
0
0
0
0
0
0
160
255
255
255
255
255
255
215
131
1
0
0
0
0
0
0
0
0
0
0
108
203
156
150
134
127
197
247
255
158
24
0
0
0
0
0
0
0
0
0
5
23
0
0
0
0
18
94
214
255
174
18
0
0
0
0
0
0
0
0
0
0
0
0
0
0
0
0
49
251
252
55
0
0
0
0
0
0
0
0
0
0
0
0
0
0
0
0
8
194
255
96
0
0
0
0
0
0
0
0
38
59
54
51
17
31
54
50
67
214
255
155
0
0
0
0
0
0
0
8
149
221
249
253
214
229
253
247
249
255
232
73
0
0
0
0
0
0
0
0
18
47
90
139
194
197
211
255
255
197
71
3
0
0
0
0
0
0
0
0
0
0
0
0
14
15
20
37
35
16
0
0
0
0
0
0
0
0
0
0
0
0
0
0
0
0
0
0
0
0
0
0
0
0
0
0
0
0
0
0
0
0
0
0
0
0
0
0
0
0
0
0
0
0
0
0