0
0
0
0
0
0
0
0
0
0
0
0
0
0
0
0
0
0
0
0
0
0
0
0
0
0
0
0
0
0
0
0
0
0
0
0
0
0
0
0
0
0
0
0
0
0
0
0
0
0
0
0
0
0
0
0
0
0
0
0
0
0
0
0
0
0
0
49
88
24
0
0
23
54
53
56
24
0
0
0
0
0
0
0
0
0
65
221
255
215
193
190
213
236
235
237
171
18
0
0
0
0
0
0
0
0
120
255
233
207
230
254
219
209
183
133
75
12
0
0
0
0
0
0
0
0
118
255
162
13
43
78
30
19
5
0
0
0
0
0
0
0
0
0
0
0
118
255
196
14
0
0
0
0
0
0
0
0
0
0
0
0
0
0
0
0
116
255
240
95
48
12
0
0
0
0
0
0
0
0
0
0
0
0
0
0
147
255
255
241
237
174
75
0
0
0
0
0
0
0
0
0
0
0
0
9
178
255
255
230
189
237
254
118
0
0
0
0
0
0
0
0
0
0
0
0
122
255
190
54
8
53
182
243
81
0
0
0
0
0
0
0
0
0
0
0
13
49
18
0
0
0
113
255
131
0
0
0
0
0
0
0
0
0
0
0
0
0
0
0
0
0
116
255
168
1
0
0
0
0
0
0
0
0
17
0
0
0
0
0
0
58
210
255
142
0
0
0
0
0
0
0
0
0
149
110
13
14
13
29
95
223
255
175
15
0
0
0
0
0
0
0
0
0
107
246
194
189
188
215
255
253
166
32
0
0
0
0
0
0
0
0
0
0
9
84
160
219
229
184
130
66
5
0
0
0
0
0
0
0
0
0
0
0
0
0
0
0
0
0
0
0
0
0
0
0
0
0
0
0
0
0
0
0
0
0
0
0
0
0
0
0
0
0
0
0
0
0
0
0