0
0
0
0
0
0
0
0
0
0
0
0
0
0
0
0
0
0
0
0
0
0
0
0
0
0
0
0
0
0
0
0
0
0
0
0
0
0
0
0
0
0
0
0
0
0
0
0
0
0
0
0
0
0
0
0
0
0
0
0
0
0
0
0
0
0
0
0
0
0
0
0
0
0
0
0
0
0
0
0
0
0
0
0
0
0
0
0
0
51
147
181
179
158
26
0
0
0
0
0
0
0
0
0
0
0
0
0
115
225
169
64
37
193
92
0
0
0
0
0
0
0
0
0
0
0
0
126
235
99
0
0
0
118
141
0
0
0
0
0
0
0
0
0
0
0
79
231
86
0
0
0
0
78
131
1
0
0
0
0
0
0
0
0
0
19
191
129
0
0
0
0
0
8
26
1
0
0
0
0
0
0
0
0
0
89
208
23
0
0
0
0
0
20
7
0
0
0
0
0
0
0
0
0
0
159
175
4
0
0
0
0
61
199
48
0
0
0
0
0
0
0
0
0
0
113
192
13
0
0
26
105
219
109
0
0
0
0
0
0
0
0
0
0
0
28
194
208
178
179
203
246
181
0
0
0
0
0
0
0
0
0
0
0
0
0
39
133
165
121
92
223
61
0
0
0
0
0
0
0
0
0
0
0
0
0
0
0
0
0
114
197
12
0
0
0
0
0
0
0
0
0
0
0
0
0
0
0
0
15
211
98
0
0
0
0
0
0
0
0
0
0
0
0
0
0
0
0
0
50
205
29
0
0
0
0
0
0
0
0
0
0
0
0
0
0
0
0
0
48
204
25
0
0
0
0
0
0
0
0
0
0
0
0
0
0
0
0
0
19
118
30
0
0
0
0
0
0
0
0
0
0
0
0
0
0
0
0
0
0
0
0
0
0
0
0
0
0
0
0