0
0
0
0
0
0
0
0
0
0
0
0
0
0
0
0
0
0
0
0
0
0
0
0
0
0
0
0
0
0
0
0
0
0
0
0
0
0
0
0
0
0
0
0
0
0
0
0
0
0
0
0
8
26
34
7
0
0
0
0
0
0
0
0
0
0
0
0
0
0
0
92
177
228
255
115
0
0
0
0
0
0
0
0
0
0
0
0
0
0
134
243
255
255
255
231
62
0
0
0
0
0
0
0
0
0
0
0
4
106
255
255
200
171
248
255
105
0
0
0
0
0
0
0
0
0
0
5
121
246
255
180
19
69
244
255
96
0
0
0
0
0
0
0
0
0
1
91
253
255
162
23
0
95
254
210
32
0
0
0
0
0
0
0
0
0
98
240
255
204
0
0
0
150
255
162
0
0
0
0
0
0
0
0
0
52
206
255
181
35
0
0
0
147
255
167
0
0
0
0
0
0
0
0
27
190
255
203
17
0
0
0
2
155
255
141
0
0
0
0
0
0
0
0
155
255
228
73
0
0
0
0
17
209
255
72
0
0
0
0
0
0
0
58
234
255
120
0
0
0
0
0
85
255
215
22
0
0
0
0
0
0
1
150
255
179
8
0
0
0
0
19
196
255
137
0
0
0
0
0
0
0
8
172
255
175
28
11
2
1
49
172
255
211
62
0
0
0
0
0
0
0
0
42
217
255
234
202
179
183
252
255
210
66
0
0
0
0
0
0
0
0
0
0
65
171
181
203
255
255
177
121
34
0
0
0
0
0
0
0
0
0
0
0
0
7
10
17
36
35
9
0
0
0
0
0
0
0
0
0
0
0
0
0
0
0
0
0
0
0
0
0
0
0
0
0
0
0
0
0
0
0
0
0
0
0
0
0
0
0
0
0
0
0
0
0
0
0
0
0