0
0
0
0
0
0
0
0
0
0
0
0
0
0
0
0
0
0
0
0
0
0
0
0
0
0
0
0
0
0
0
0
0
0
0
0
0
0
0
0
0
0
0
0
0
0
0
0
0
0
0
0
0
17
36
20
0
0
0
0
0
0
0
0
0
0
0
0
0
0
60
77
93
203
255
144
0
0
0
0
0
0
0
0
0
0
0
0
0
50
235
246
232
194
154
66
0
0
0
0
0
0
0
0
0
0
0
0
24
204
226
94
24
3
0
0
0
0
0
0
0
0
0
0
0
0
0
17
180
233
42
0
0
0
0
0
0
0
0
0
0
0
0
0
0
0
42
203
255
188
136
122
36
0
0
0
0
0
0
0
0
0
0
0
0
0
86
250
255
255
245
255
221
42
0
0
0
0
0
0
0
0
0
0
0
0
49
236
255
132
46
94
240
176
15
0
0
0
0
0
0
0
0
0
0
0
50
243
205
23
0
0
153
255
69
0
0
0
0
0
0
0
0
0
0
0
35
209
92
0
0
0
67
255
71
0
0
0
0
0
0
0
0
0
0
0
0
33
5
0
0
0
116
255
69
0
0
0
0
0
0
0
0
0
0
0
72
130
0
0
0
24
222
218
32
0
0
0
0
0
0
0
0
0
0
40
217
106
0
2
15
159
255
112
0
0
0
0
0
0
0
0
0
0
0
146
255
205
156
196
238
255
129
0
0
0
0
0
0
0
0
0
0
0
0
62
161
203
230
203
155
120
11
0
0
0
0
0
0
0
0
0
0
0
0
0
3
17
25
17
1
0
0
0
0
0
0
0
0
0
0
0
0
0
0
0
0
0
0
0
0
0
0
0
0
0
0
0
0
0
0
0
0
0
0
0
0
0
0
0
0
0
0
0
0
0
0
0
0
0