0
0
0
0
0
0
0
0
0
0
0
0
0
0
0
0
0
0
0
0
0
0
0
0
0
0
0
0
0
0
0
0
0
0
0
0
0
0
0
0
0
0
0
0
0
0
0
0
0
0
0
0
0
11
31
1
0
0
0
0
0
0
0
0
0
0
0
0
0
0
0
0
0
129
233
9
0
0
0
0
0
0
0
0
0
0
0
0
0
0
0
0
47
238
232
8
0
0
0
0
0
0
0
0
0
0
0
0
0
0
0
0
98
255
208
5
0
0
0
0
0
0
0
0
0
0
0
0
0
0
0
54
226
247
91
0
0
0
0
0
0
0
0
0
0
0
0
0
0
0
0
140
255
196
17
0
0
0
0
0
0
0
0
0
0
0
0
0
0
0
94
249
250
117
1
0
0
0
0
0
0
0
0
0
0
0
0
0
0
14
201
255
194
2
0
0
0
0
0
0
0
0
0
0
0
0
0
0
29
165
255
234
77
0
0
0
0
0
0
0
0
0
0
0
0
0
0
27
181
255
255
124
0
0
0
0
0
0
0
0
0
0
0
0
0
0
0
176
255
255
163
8
0
0
0
0
0
0
0
0
0
0
0
0
0
0
24
219
255
223
41
0
0
0
0
0
0
0
0
0
0
0
0
0
0
0
120
255
255
125
0
0
0
0
0
0
0
0
0
0
0
0
0
0
0
21
202
255
255
104
0
0
0
0
0
0
0
0
0
0
0
0
0
0
0
5
119
248
255
89
0
0
0
0
0
0
0
0
0
0
0
0
0
0
0
0
2
31
34
9
0
0
0
0
0
0
0
0
0
0
0
0
0
0
0
0
0
0
0
0
0
0
0
0
0
0
0
0
0
0
0
0
0
0
0
0
0
0
0
0
0
0
0
0
0
0
0
0
0
0