0
0
0
0
0
0
0
0
0
0
0
0
0
0
0
0
0
0
0
0
0
0
0
0
0
0
0
0
0
0
0
0
0
0
0
0
0
0
0
0
0
0
0
0
0
0
0
0
0
0
0
0
0
0
0
0
0
0
0
0
0
0
0
0
0
0
0
0
0
25
69
0
0
0
0
0
0
0
0
0
0
0
0
0
0
0
0
0
18
167
94
0
0
0
0
0
0
0
0
0
0
0
0
0
0
0
0
0
137
145
0
0
0
0
0
0
0
0
0
0
0
0
0
0
0
0
0
34
173
24
0
0
87
61
0
0
0
0
0
0
0
0
0
0
0
0
0
73
158
0
0
0
163
58
0
0
0
0
0
0
0
0
0
0
0
0
0
121
142
0
0
39
212
81
9
0
0
0
0
0
0
0
0
0
0
0
0
152
88
0
4
123
197
44
0
0
0
0
0
0
0
0
0
0
0
0
0
160
95
121
169
226
74
0
0
0
0
0
0
0
0
0
0
0
0
0
0
87
170
127
113
168
15
0
0
0
0
0
0
0
0
0
0
0
0
0
0
0
7
0
145
98
0
0
0
0
0
0
0
0
0
0
0
0
0
0
0
0
0
18
184
31
0
0
0
0
0
0
0
0
0
0
0
0
0
0
0
0
0
73
157
0
0
0
0
0
0
0
0
0
0
0
0
0
0
0
0
0
0
114
119
0
0
0
0
0
0
0
0
0
0
0
0
0
0
0
0
0
0
92
81
0
0
0
0
0
0
0
0
0
0
0
0
0
0
0
0
0
0
56
77
0
0
0
0
0
0
0
0
0
0
0
0
0
0
0
0
0
0
0
0
0
0
0
0
0
0
0
0
0
0
0
0
0
0
0
0
0
0
0
0
0
0
0
0
0
0
0
0
0