0
0
0
0
0
0
0
0
0
0
0
0
0
0
0
0
0
0
0
0
0
0
0
0
0
0
0
0
0
0
0
0
0
0
0
0
0
0
0
0
0
0
0
0
0
0
0
0
77
221
183
45
23
0
0
0
0
0
0
0
0
0
0
0
0
0
3
67
192
255
255
237
229
72
0
0
0
0
0
0
0
0
0
0
0
0
97
247
255
252
245
250
255
227
42
0
0
0
0
0
0
0
0
0
0
0
99
216
174
97
23
74
241
255
69
0
0
0
0
0
0
0
0
0
0
0
1
21
6
0
0
4
190
255
119
0
0
0
0
0
0
0
0
0
0
0
0
0
0
0
0
3
180
255
208
6
0
0
0
0
0
0
0
0
0
0
0
0
0
0
0
28
228
255
181
3
0
0
0
0
0
0
0
0
0
0
0
0
0
0
0
86
246
255
96
0
0
0
0
0
0
0
0
0
0
0
0
0
0
0
31
203
255
240
52
0
0
0
0
0
0
0
0
0
0
0
8
0
2
15
127
251
255
150
4
0
0
0
0
0
0
0
0
46
142
161
195
102
94
224
249
255
237
170
109
59
28
0
0
0
0
0
6
169
255
255
255
236
234
255
255
255
255
242
97
108
57
0
0
0
0
0
11
182
255
255
255
254
254
255
251
177
137
69
2
0
0
0
0
0
0
0
3
60
152
204
245
255
255
255
134
5
0
0
0
0
0
0
0
0
0
0
0
0
0
18
79
109
109
93
5
0
0
0
0
0
0
0
0
0
0
0
0
0
0
0
0
0
0
0
0
0
0
0
0
0
0
0
0
0
0
0
0
0
0
0
0
0
0
0
0
0
0
0
0
0
0
0
0
0
0
0
0
0
0
0
0
0
0
0
0
0
0
0
0
0
0
0
0
0