0
0
0
0
0
0
0
0
0
0
0
0
0
0
0
0
0
0
0
0
0
0
0
0
0
0
0
0
0
0
0
0
0
0
0
0
0
0
0
0
0
0
0
0
0
0
0
0
0
0
0
0
0
0
0
0
0
0
0
0
0
0
0
0
0
0
0
0
0
0
0
0
0
0
0
0
0
0
0
0
0
0
0
0
0
0
0
0
24
99
179
132
36
0
0
0
0
0
0
0
0
0
0
0
0
0
7
86
206
255
255
255
231
91
14
0
0
0
0
0
0
0
0
0
0
21
153
253
255
202
129
122
238
250
129
0
0
0
0
0
0
0
0
0
0
92
255
209
81
15
11
122
247
255
159
0
0
0
0
0
0
0
0
0
0
140
255
174
86
132
187
249
253
255
128
0
0
0
0
0
0
0
0
0
0
93
255
255
255
255
255
247
254
246
76
0
0
0
0
0
0
0
0
0
0
14
88
160
197
154
94
156
255
176
18
0
0
0
0
0
0
0
0
0
0
0
0
0
5
0
20
205
245
61
0
0
0
0
0
0
0
0
0
0
0
0
0
0
0
0
69
245
225
27
0
0
0
0
0
0
0
0
0
0
0
0
0
0
0
0
177
255
116
0
0
0
0
0
0
0
0
0
0
0
0
0
0
0
0
58
242
247
30
0
0
0
0
0
0
0
0
0
0
0
0
0
0
0
0
169
255
230
53
0
0
0
0
0
0
0
0
0
0
0
0
0
0
0
61
231
255
255
97
0
0
0
0
0
0
0
0
0
0
0
0
0
0
0
132
255
235
130
14
0
0
0
0
0
0
0
0
0
0
0
0
0
0
0
63
147
74
0
0
0
0
0
0
0
0
0
0
0
0
0
0
0
0
0
0
0
0
0
0
0
0
0
0
0
0
0