0
0
0
0
0
0
0
0
0
0
0
0
0
0
0
0
0
0
0
0
0
0
0
0
0
0
0
0
0
0
0
0
0
0
0
0
0
0
0
0
0
0
0
0
0
0
0
0
0
0
0
0
55
203
217
25
0
0
0
0
0
0
0
0
0
0
0
0
0
0
0
55
218
255
215
19
0
0
0
0
0
0
0
0
0
0
0
0
0
0
96
213
255
200
50
0
0
0
0
0
0
0
0
0
0
0
0
0
5
117
252
255
198
40
0
0
0
0
0
0
0
0
0
0
0
0
0
0
80
245
255
193
53
0
0
0
0
0
0
0
0
0
0
0
0
0
0
44
217
255
197
53
0
0
0
0
0
0
0
0
0
0
0
0
0
0
13
174
255
250
66
0
0
0
0
0
0
0
0
0
0
0
0
0
0
0
68
247
255
131
1
0
0
0
0
0
0
0
0
0
0
0
0
0
0
0
95
252
223
40
16
0
0
0
0
0
0
0
0
0
0
0
0
0
0
0
153
255
180
125
200
133
65
0
0
0
0
0
0
0
0
0
0
0
0
0
156
255
242
249
255
255
236
93
0
0
0
0
0
0
0
0
0
0
0
0
103
250
255
253
180
201
255
202
24
0
0
0
0
0
0
0
0
0
0
0
74
244
254
253
155
169
255
200
23
0
0
0
0
0
0
0
0
0
0
0
16
216
255
255
255
255
220
98
1
0
0
0
0
0
0
0
0
0
0
0
0
65
109
107
108
110
45
0
0
0
0
0
0
0
0
0
0
0
0
0
0
0
0
0
0
0
0
0
0
0
0
0
0
0
0
0
0
0
0
0
0
0
0
0
0
0
0
0
0
0
0
0
0
0
0
0
0
0
0
0
0
0
0
0
0
0
0
0
0
0
0
0
0
0