0
0
0
0
0
0
0
0
0
0
0
0
0
0
0
0
0
0
0
0
0
0
0
0
0
0
0
0
0
0
0
0
0
0
0
0
0
0
0
0
0
0
0
0
0
0
0
0
0
0
0
0
0
0
0
0
0
0
0
0
0
0
0
0
0
0
0
0
0
0
0
0
0
0
0
0
0
0
0
0
0
0
0
0
0
0
0
84
125
138
124
142
167
45
0
0
0
0
0
0
0
0
0
0
0
0
0
143
228
237
215
244
255
145
0
0
0
0
0
0
0
0
0
0
0
0
0
12
44
59
39
187
255
102
0
0
0
0
0
0
0
0
0
0
0
0
0
0
0
0
46
236
240
46
0
0
0
0
0
0
0
0
0
0
0
0
0
0
0
0
112
255
194
1
0
0
0
0
0
0
0
0
0
0
0
0
0
0
0
15
213
255
94
0
0
0
0
0
0
0
0
0
0
0
0
0
0
0
0
85
255
219
28
0
0
0
0
0
0
0
0
0
0
0
0
0
0
0
12
189
255
118
0
0
0
0
0
0
0
0
0
0
0
0
0
0
0
0
63
241
226
40
0
0
0
0
0
0
0
0
0
0
0
0
0
0
0
16
186
255
142
0
0
0
0
0
0
0
0
0
0
0
0
0
0
0
0
101
255
221
25
0
0
0
0
0
0
0
0
0
0
0
0
0
0
0
24
202
255
97
0
0
0
0
0
0
0
0
0
0
0
0
0
0
0
0
121
255
185
12
0
0
0
0
0
0
0
0
0
0
0
0
0
0
0
16
194
255
74
0
0
0
0
0
0
0
0
0
0
0
0
0
0
0
0
0
87
121
3
0
0
0
0
0
0
0
0
0
0
0
0
0
0
0
0
0
0
0
0
0
0
0
0
0
0
0
0
0
0
0