0
0
0
0
0
0
0
0
0
0
0
0
0
0
0
0
0
0
0
0
0
0
0
0
0
0
0
0
0
0
0
0
0
0
99
128
17
0
0
0
0
0
0
0
0
0
0
0
0
0
0
0
0
57
235
133
9
0
0
0
0
0
0
0
0
0
0
0
0
0
0
0
84
214
196
19
0
0
0
0
0
0
0
0
0
0
0
0
0
0
0
50
246
202
32
0
0
0
0
0
0
0
0
0
0
0
0
0
0
0
49
199
222
73
0
0
0
0
0
0
0
0
0
0
0
0
0
0
0
24
197
255
100
0
0
0
0
0
0
0
0
0
0
0
0
0
0
0
14
163
254
146
10
0
0
0
0
0
0
0
0
0
0
0
0
0
0
16
168
243
115
3
0
0
0
0
0
0
0
0
0
0
0
0
0
0
1
150
255
138
0
0
0
0
0
0
0
0
0
0
0
0
0
0
0
3
141
251
167
32
0
0
0
0
0
0
0
0
0
0
0
0
0
0
0
50
242
223
13
0
0
0
10
0
0
0
0
0
0
0
0
0
0
0
0
60
255
131
0
15
68
161
214
94
0
0
0
0
0
0
0
0
0
0
0
82
243
41
48
195
255
255
255
108
0
0
0
0
0
0
0
0
0
0
0
104
249
215
237
255
255
221
102
8
0
0
0
0
0
0
0
0
0
0
0
6
56
176
188
173
111
52
0
0
0
0
0
0
0
0
0
0
0
0
0
0
0
0
0
0
0
0
0
0
0
0
0
0
0
0
0
0
0
0
0
0
0
0
0
0
0
0
0
0
0
0
0
0
0
0
0
0
0
0
0
0
0
0
0
0
0
0
0
0
0
0
0
0
0
0
0
0
0
0
0
0
0
0
0
0
0
0
0
0
0
0
0
0
0
0