0
0
0
0
0
0
0
0
0
0
0
0
0
0
0
0
0
0
0
0
0
0
0
0
0
0
0
0
0
0
0
0
0
0
0
0
0
0
0
0
0
0
0
0
0
0
0
0
0
0
0
0
0
0
0
0
0
0
0
0
0
0
0
0
0
0
0
35
113
108
55
16
0
0
0
0
0
0
0
0
0
0
0
0
0
0
0
181
231
194
204
205
83
0
0
0
0
0
0
0
0
0
0
0
0
0
0
193
158
0
53
169
116
0
0
0
0
0
0
0
0
0
0
0
0
0
0
157
157
0
18
25
0
0
0
0
0
0
0
0
0
0
0
0
0
0
0
102
163
0
0
0
0
0
0
0
0
0
0
0
0
0
0
0
0
0
0
37
216
37
0
0
0
0
0
0
0
0
0
0
0
0
0
0
0
0
0
14
199
119
0
0
0
0
0
0
0
0
0
0
0
0
0
0
0
0
0
0
97
244
144
15
0
0
0
0
0
0
0
0
0
0
0
0
0
0
0
0
1
93
230
140
0
0
0
0
0
0
0
0
0
0
0
0
0
0
0
0
0
0
72
232
66
0
0
0
0
0
0
0
0
0
0
0
0
0
0
0
0
0
0
136
190
0
0
0
0
0
0
0
0
0
0
0
0
0
0
0
0
0
0
83
216
2
0
0
0
0
0
0
0
0
0
0
0
0
0
17
37
0
0
109
208
0
0
0
0
0
0
0
0
0
0
0
0
0
0
73
222
123
92
204
115
0
0
0
0
0
0
0
0
0
0
0
0
0
0
15
118
200
195
91
2
0
0
0
0
0
0
0
0
0
0
0
0
0
0
0
0
0
0
0
0
0
0
0
0
0
0
0
0
0
0
0
0
0
0
0
0
0
0
0
0
0
0
0
0
0
0
0