0
0
0
0
0
0
0
0
0
0
0
0
0
0
0
0
0
0
0
0
0
0
0
0
0
0
0
0
0
0
0
0
0
0
0
0
0
0
0
0
0
0
0
0
0
0
0
0
0
0
0
0
0
0
0
0
0
0
0
0
0
0
0
0
0
0
0
0
0
0
0
0
0
0
0
4
78
64
0
0
0
0
0
0
0
0
0
0
0
101
54
0
0
0
0
121
255
82
0
0
0
0
0
0
0
0
0
0
18
214
175
0
0
0
33
232
214
17
0
0
0
0
0
0
0
0
0
0
100
247
159
0
0
0
156
253
101
0
0
0
0
0
0
0
0
0
0
78
239
220
24
0
0
58
240
176
10
0
0
0
0
0
0
0
0
1
62
226
231
87
0
0
61
208
235
59
0
0
0
0
0
0
0
0
0
36
199
255
145
36
44
34
176
255
139
0
0
0
0
0
0
0
0
0
3
163
255
250
243
255
255
229
249
222
42
0
0
0
0
0
0
0
0
0
9
175
255
253
190
138
158
251
255
105
0
0
0
0
0
0
0
0
0
0
0
25
101
67
10
0
154
255
170
3
0
0
0
0
0
0
0
0
0
0
0
0
0
0
0
121
255
187
28
0
0
0
0
0
0
0
0
0
0
0
0
0
0
0
57
239
243
66
0
0
0
0
0
0
0
0
0
0
0
0
0
0
0
30
199
255
120
0
0
0
0
0
0
0
0
0
0
0
0
0
0
0
0
129
255
239
8
0
0
0
0
0
0
0
0
0
0
0
0
0
0
0
0
106
221
102
0
0
0
0
0
0
0
0
0
0
0
0
0
0
0
0
0
0
0
0
0
0
0
0
0
0
0
0
0
0
0
0
0
0
0
0
0
0
0
0
0
0
0
0
0
0
0
0
0
0