0
0
0
0
0
0
0
0
0
0
0
0
0
0
0
0
0
0
0
0
0
0
0
0
0
0
0
0
0
0
0
0
0
0
0
0
0
0
0
0
0
0
0
0
0
0
0
0
0
0
19
38
22
13
0
0
0
0
0
0
0
0
0
0
0
0
0
4
37
107
211
255
223
195
132
9
0
0
0
0
0
0
0
0
0
0
0
65
216
244
215
149
136
151
224
43
0
0
0
0
0
0
0
0
0
0
26
217
241
104
6
0
0
16
197
65
0
0
0
0
0
0
0
0
0
0
50
241
147
0
0
0
0
12
202
97
0
0
0
0
0
0
0
0
0
0
35
240
203
50
0
0
11
118
218
61
0
0
0
0
0
0
0
0
0
0
16
165
254
238
119
82
179
255
100
0
0
0
0
0
0
0
0
0
0
0
0
22
203
255
252
251
251
118
7
0
0
0
0
0
0
0
0
0
0
0
0
0
134
255
255
255
228
73
4
0
0
0
0
0
0
0
0
0
0
0
22
147
225
214
130
172
251
232
43
0
0
0
0
0
0
0
0
0
0
0
96
250
131
27
0
5
104
255
89
0
0
0
0
0
0
0
0
0
0
0
113
224
15
0
0
0
84
252
78
0
0
0
0
0
0
0
0
0
0
10
161
237
78
8
0
27
199
240
46
0
0
0
0
0
0
0
0
0
0
0
91
253
246
169
185
237
255
130
6
0
0
0
0
0
0
0
0
0
0
0
13
95
171
255
250
201
103
4
0
0
0
0
0
0
0
0
0
0
0
0
0
0
13
37
33
16
0
0
0
0
0
0
0
0
0
0
0
0
0
0
0
0
0
0
0
0
0
0
0
0
0
0
0
0
0
0
0
0
0
0
0
0
0
0
0
0
0
0
0
0
0
0
0
0