0
0
0
0
0
0
0
0
0
0
0
0
0
0
0
0
0
0
0
0
0
0
0
0
0
0
0
0
0
0
0
0
0
0
0
0
0
0
0
0
0
0
0
0
0
0
0
0
0
0
0
0
0
0
0
0
0
0
0
0
0
0
0
0
0
0
0
0
0
43
64
0
0
0
0
0
0
0
0
0
0
0
0
0
0
0
0
0
42
206
224
131
160
159
63
0
0
0
0
0
0
0
0
0
0
0
0
0
118
179
141
226
117
147
214
79
0
0
0
0
0
0
0
0
0
0
0
1
160
108
136
91
0
0
126
172
0
0
0
0
0
0
0
0
0
0
0
12
190
167
14
5
0
14
188
95
0
0
0
0
0
0
0
0
0
0
0
1
157
180
0
0
19
143
162
5
0
0
0
0
0
0
0
0
0
0
0
0
118
179
0
29
178
181
22
0
0
0
0
0
0
0
0
0
0
0
0
0
74
161
88
188
136
2
0
0
0
0
0
0
0
0
0
0
0
0
0
0
65
222
211
85
0
0
0
0
0
0
0
0
0
0
0
0
0
0
2
42
175
252
87
0
0
0
0
0
0
0
0
0
0
0
0
0
0
9
143
238
139
206
114
0
0
0
0
0
0
0
0
0
0
0
0
0
0
128
243
100
0
160
157
0
0
0
0
0
0
0
0
0
0
0
0
0
0
110
207
34
0
102
151
0
0
0
0
0
0
0
0
0
0
0
0
0
0
9
125
189
109
165
116
0
0
0
0
0
0
0
0
0
0
0
0
0
0
0
0
65
156
148
13
0
0
0
0
0
0
0
0
0
0
0
0
0
0
0
0
0
0
0
0
0
0
0
0
0
0
0
0
0
0
0
0
0
0
0
0
0
0
0
0
0
0
0
0
0
0
0
0
0