0
0
0
0
0
0
0
0
0
0
0
0
0
0
0
0
0
0
0
0
0
0
0
0
0
0
0
0
0
0
0
0
0
0
0
0
0
0
0
0
0
0
0
0
0
0
0
0
0
0
0
0
0
0
0
0
0
0
0
0
0
0
0
0
15
52
111
109
99
42
27
29
28
6
0
0
0
0
0
0
0
0
1
74
188
228
255
255
255
219
208
210
208
156
126
92
0
0
0
0
0
0
4
166
255
255
255
255
254
255
255
255
255
255
255
237
65
0
0
0
0
0
0
95
206
208
204
206
243
253
254
255
255
255
255
243
70
0
0
0
0
0
0
1
17
17
28
108
242
254
245
219
215
218
185
91
25
0
0
0
0
0
0
0
0
17
170
255
254
255
150
0
0
0
0
0
0
0
0
0
0
0
0
0
0
70
255
253
252
253
220
113
61
28
0
0
0
0
0
0
0
0
0
0
0
54
240
255
255
253
255
255
247
215
86
5
0
0
0
0
0
0
0
0
0
0
80
157
169
240
255
255
255
255
245
154
19
0
0
0
0
0
0
0
0
0
0
2
7
30
36
33
52
206
255
252
101
0
0
0
0
0
0
3
112
130
21
0
0
0
0
0
0
132
251
255
163
4
0
0
0
0
0
51
238
255
164
111
30
6
68
126
138
241
255
253
115
0
0
0
0
0
0
0
117
254
255
255
245
242
249
255
255
255
255
212
54
0
0
0
0
0
0
0
3
91
181
254
255
255
255
255
249
144
103
47
6
0
0
0
0
0
0
0
0
0
9
86
94
150
102
97
84
0
0
0
0
0
0
0
0
0
0
0
0
0
0
0
0
0
0
0
0
0
0
0
0
0
0
0
0
0
0
0
0
0
0
0
0
0
0
0
0
0
0
0
0
0
0
0