0
0
0
0
0
0
0
0
0
0
0
0
0
0
0
0
0
0
0
0
0
0
0
0
0
0
0
0
0
0
0
0
0
0
0
0
0
0
0
0
0
0
0
0
0
46
199
114
0
0
0
0
0
0
0
0
0
0
0
0
0
0
0
0
0
33
219
239
32
0
0
0
0
0
0
0
0
0
0
0
0
0
0
0
0
2
167
255
105
0
0
0
0
0
0
0
0
0
0
0
0
0
0
0
0
0
131
255
134
0
0
0
0
0
0
0
0
0
0
0
0
0
0
0
0
12
179
251
75
0
0
0
44
74
31
0
0
0
0
0
0
0
0
0
0
58
249
226
37
0
21
142
240
242
228
191
90
4
0
0
0
0
0
0
0
166
255
116
0
27
195
255
201
104
107
209
255
143
3
0
0
0
0
0
57
255
192
19
0
154
255
162
25
0
0
39
203
255
80
0
0
0
0
0
176
255
97
0
0
181
243
60
0
0
0
0
118
255
150
0
0
0
0
0
189
241
53
0
0
147
253
90
0
0
0
30
190
255
103
0
0
0
0
0
178
255
143
20
4
75
248
230
74
56
140
239
255
138
1
0
0
0
0
0
76
239
255
216
183
148
233
255
254
255
255
201
98
1
0
0
0
0
0
0
2
73
187
236
238
240
232
230
231
233
125
18
0
0
0
0
0
0
0
0
0
0
3
8
8
8
8
8
8
8
0
0
0
0
0
0
0
0
0
0
0
0
0
0
0
0
0
0
0
0
0
0
0
0
0
0
0
0
0
0
0
0
0
0
0
0
0
0
0
0
0
0
0
0
0
0
0
0
0
0
0
0
0
0
0
0
0
0
0
0
0
0
0
0
0
0
0
0
0
0
0
0
0
0
0
0
0
0
0
0
0
0
0
0
0
0