0
0
0
0
0
0
0
0
0
0
0
0
0
0
0
0
0
0
0
0
0
0
0
0
0
0
0
0
0
0
0
0
0
0
0
0
0
0
0
0
0
0
0
0
0
0
0
0
0
0
0
0
26
14
0
0
0
0
0
0
0
0
0
0
0
0
0
0
0
0
0
18
215
104
0
0
0
0
0
0
0
0
0
0
0
0
0
0
0
0
0
116
253
99
0
0
0
0
0
0
0
0
0
0
0
0
0
0
0
0
19
195
246
58
0
0
0
0
0
0
0
0
0
0
0
0
0
0
0
0
42
233
221
13
0
0
0
0
0
0
0
0
0
0
0
0
0
0
0
0
135
255
134
0
0
0
0
0
0
0
0
0
0
0
0
0
0
0
0
13
231
248
43
0
0
0
0
0
0
0
0
0
0
0
0
0
0
0
0
90
255
140
0
0
0
0
0
0
0
0
0
0
0
0
0
0
0
0
39
222
236
53
0
0
0
0
0
0
0
0
0
0
0
0
0
0
0
0
64
244
209
19
0
0
0
0
0
0
0
0
0
0
0
0
0
0
0
0
89
252
152
0
0
0
0
0
0
0
0
0
0
0
0
0
0
0
0
13
183
253
64
0
0
0
0
0
0
0
0
0
0
0
0
0
0
0
0
64
253
238
12
0
0
0
0
0
0
0
0
0
0
0
0
0
0
0
0
76
255
206
4
0
0
0
0
0
0
0
0
0
0
0
0
0
0
0
0
79
245
78
0
0
0
0
0
0
0
0
0
0
0
0
0
0
0
0
0
11
29
0
0
0
0
0
0
0
0
0
0
0
0
0
0
0
0
0
0
0
0
0
0
0
0
0
0
0
0
0
0
0
0
0
0
0
0
0
0
0
0
0
0
0
0
0
0
0
0
0
0
0