0
0
0
0
0
0
0
0
0
0
0
0
0
0
0
0
0
0
0
0
0
0
0
0
0
0
0
0
0
0
0
0
0
0
0
0
0
0
0
0
0
0
0
0
0
0
0
0
8
32
10
0
0
0
0
0
0
0
0
0
0
0
0
0
0
0
0
0
31
188
191
54
0
0
0
0
0
0
0
0
0
0
0
0
0
0
0
0
0
35
118
176
20
0
0
0
0
0
0
0
0
0
0
0
0
0
0
0
0
0
3
152
36
0
0
0
0
0
0
0
0
0
0
0
0
0
0
0
0
0
37
188
32
0
0
0
0
0
0
0
0
0
0
0
0
0
0
0
2
22
162
204
16
0
0
0
0
0
0
0
0
0
0
0
0
0
0
7
121
221
241
72
0
0
0
0
0
0
0
0
0
0
0
0
0
0
0
6
133
169
174
52
0
0
0
0
0
0
0
0
0
0
0
0
0
0
0
0
1
0
110
133
0
0
0
0
0
0
0
0
0
0
0
0
0
0
0
0
0
0
70
181
10
0
0
0
0
0
0
0
0
0
0
0
0
0
0
3
4
0
71
179
10
0
0
0
0
0
0
0
0
0
0
0
0
0
24
100
14
0
100
181
9
0
0
0
0
0
0
0
0
0
0
0
0
0
108
164
0
0
153
140
0
0
0
0
0
0
0
0
0
0
0
0
0
0
57
199
129
83
218
64
0
0
0
0
0
0
0
0
0
0
0
0
0
0
0
46
148
219
143
3
0
0
0
0
0
0
0
0
0
0
0
0
0
0
0
0
0
27
8
0
0
0
0
0
0
0
0
0
0
0
0
0
0
0
0
0
0
0
0
0
0
0
0
0
0
0
0
0
0
0
0
0
0
0
0
0
0
0
0
0
0
0
0
0
0
0
0
0