0
0
0
0
0
0
0
0
0
0
0
0
0
0
0
0
0
0
0
0
0
0
0
0
0
0
0
0
0
0
0
0
0
0
0
0
0
0
0
0
0
0
0
0
0
0
18
38
30
12
32
18
0
0
0
0
0
0
0
0
0
0
0
0
0
31
205
255
242
191
251
207
143
96
7
0
0
0
0
0
0
0
0
0
0
64
255
246
214
177
165
199
218
243
116
7
0
0
0
0
0
0
0
0
0
18
112
73
15
0
1
3
10
135
243
81
0
0
0
0
0
0
0
0
0
0
0
0
0
0
0
0
7
166
254
126
0
0
0
0
0
0
0
0
0
0
0
0
0
0
9
110
204
255
181
22
0
0
0
0
0
0
0
0
0
0
0
21
67
97
179
249
255
224
55
0
0
0
0
0
0
0
0
0
0
0
0
152
244
248
255
255
236
61
0
0
0
0
0
0
0
0
0
0
0
0
0
151
251
255
255
255
244
112
32
0
0
0
0
0
0
0
0
0
0
0
0
19
84
134
141
143
215
253
216
89
0
0
0
0
0
0
0
0
0
0
0
0
0
0
0
0
13
97
243
173
0
0
0
0
0
0
13
105
77
26
0
0
0
0
0
22
78
171
249
124
0
0
0
0
0
0
33
255
246
204
144
75
66
70
153
201
250
255
210
42
0
0
0
0
0
0
23
215
255
255
255
251
249
255
255
255
232
153
36
0
0
0
0
0
0
0
0
46
132
175
173
235
241
183
171
121
53
1
0
0
0
0
0
0
0
0
0
0
0
9
8
28
30
11
8
0
0
0
0
0
0
0
0
0
0
0
0
0
0
0
0
0
0
0
0
0
0
0
0
0
0
0
0
0
0
0
0
0
0
0
0
0
0
0
0
0
0
0
0
0
0
0
0
0