0
0
0
0
0
0
0
0
0
0
0
0
0
0
0
0
0
0
0
0
0
0
0
0
0
0
0
0
0
0
0
0
0
0
0
0
0
0
0
0
0
0
0
0
0
0
0
7
108
192
204
197
119
18
0
0
0
0
0
0
0
0
0
0
0
0
16
149
184
99
62
71
129
76
0
0
0
0
0
0
0
0
0
0
0
21
175
167
11
0
0
0
0
7
0
0
0
0
0
0
0
0
0
0
0
151
213
30
0
0
0
0
0
0
0
0
0
0
0
0
0
0
0
0
44
238
85
0
0
0
0
0
0
0
0
0
0
0
0
0
0
0
0
0
139
203
10
0
0
0
0
0
0
0
0
0
0
0
0
0
0
0
0
0
192
180
0
0
0
0
0
0
5
55
104
128
125
53
0
0
0
0
0
0
188
151
0
0
0
0
0
6
122
199
191
147
148
199
65
0
0
0
0
0
190
166
0
0
0
0
7
153
182
37
2
0
0
165
151
0
0
0
0
0
176
201
3
0
0
0
130
185
18
0
0
0
0
110
152
0
0
0
0
0
66
241
96
0
0
53
197
43
0
0
0
0
0
165
122
0
0
0
0
0
0
165
232
85
0
114
131
0
0
0
0
3
127
190
20
0
0
0
0
0
0
18
172
238
144
177
151
15
0
12
53
156
171
49
0
0
0
0
0
0
0
0
7
97
206
235
241
177
117
130
151
79
7
0
0
0
0
0
0
0
0
0
0
0
19
64
76
70
60
21
0
0
0
0
0
0
0
0
0
0
0
0
0
0
0
0
0
0
0
0
0
0
0
0
0
0
0
0
0
0
0
0
0
0
0
0
0
0
0
0
0
0
0
0
0
0
0
0
0
0
0
0
0
0
0
0
0
0
0
0
0
0
0
0
0
0