0
0
0
0
0
0
0
0
0
0
0
0
0
0
0
0
0
0
0
0
0
0
0
0
0
0
0
0
0
0
0
0
0
0
0
0
0
0
0
0
0
0
0
0
0
0
0
0
0
0
0
0
6
31
5
0
0
0
0
0
0
0
0
0
0
0
0
0
0
0
0
2
147
218
33
0
0
0
0
0
0
0
0
0
0
0
0
0
0
0
0
90
255
193
19
0
0
0
0
0
0
0
0
0
0
0
0
0
0
0
21
195
255
166
6
0
0
0
0
0
0
0
0
0
0
0
0
0
0
0
56
250
244
73
0
0
0
0
0
0
0
0
0
0
0
0
0
0
0
0
167
255
216
2
0
0
0
0
0
0
0
0
0
0
0
0
0
0
0
31
232
255
138
0
0
0
0
0
0
0
0
0
0
0
0
0
0
0
0
142
255
237
41
0
0
0
0
0
0
0
0
0
0
0
0
0
0
0
44
225
255
181
11
0
0
0
0
0
0
0
0
0
0
0
0
0
0
0
113
255
231
61
0
0
0
0
0
0
0
0
0
0
0
0
0
0
0
8
176
255
212
27
0
0
0
0
0
0
0
0
0
0
0
0
0
0
0
29
218
255
159
0
0
0
0
0
0
0
0
0
0
0
0
0
0
0
0
116
255
249
58
0
0
0
0
0
0
0
0
0
0
0
0
0
0
0
2
192
255
189
7
0
0
0
0
0
0
0
0
0
0
0
0
0
0
0
8
184
243
69
0
0
0
0
0
0
0
0
0
0
0
0
0
0
0
0
0
19
30
1
0
0
0
0
0
0
0
0
0
0
0
0
0
0
0
0
0
0
0
0
0
0
0
0
0
0
0
0
0
0
0
0
0
0
0
0
0
0
0
0
0
0
0
0
0
0
0
0
0
0