0
0
0
0
0
0
0
0
0
0
0
0
0
0
0
0
0
0
0
0
0
0
0
0
0
0
0
0
0
0
0
0
0
0
0
0
0
0
0
0
0
0
0
0
0
0
0
0
4
11
0
0
0
0
0
0
0
0
0
0
0
0
0
0
0
0
0
11
126
188
100
5
0
0
0
0
0
0
0
0
0
0
0
0
0
0
0
144
249
255
247
192
169
88
12
0
0
0
0
0
0
0
0
0
0
0
11
200
255
255
255
255
255
251
224
36
0
0
0
0
0
39
14
0
0
0
0
73
197
200
199
234
255
255
255
164
0
0
0
0
0
50
16
0
0
0
0
0
16
76
155
241
255
255
255
143
0
0
0
0
0
0
0
0
0
0
0
0
93
234
255
254
254
251
179
9
0
0
0
0
0
0
0
0
0
0
0
0
136
255
255
255
255
207
30
0
0
0
0
0
0
0
0
0
4
0
0
0
21
158
243
251
255
223
52
0
0
0
0
0
0
0
27
127
174
129
41
0
0
8
67
92
233
255
180
2
0
0
0
0
0
0
189
255
255
255
236
144
36
1
0
56
240
255
240
9
0
0
0
0
0
0
91
240
255
255
255
255
231
148
72
189
255
255
242
9
0
0
0
0
0
0
0
77
172
229
241
255
255
255
241
255
255
255
130
0
0
0
0
0
0
0
0
0
1
5
42
155
243
255
255
255
254
125
0
0
0
0
0
0
0
0
0
0
0
0
0
0
78
169
184
185
148
1
0
0
0
0
0
0
0
0
0
0
0
0
0
0
0
6
11
11
7
0
0
0
0
0
0
0
0
0
0
0
0
0
0
0
0
0
0
0
0
0
0
0
0
0
0
0
0
0
0
0
0
0
0
0
0
0
0
0
0
0
0
0
0
0
0
0