0
0
0
0
0
0
0
0
0
0
0
0
0
0
0
0
0
0
0
0
0
0
0
0
0
0
0
0
0
0
0
0
0
0
0
0
0
0
0
0
0
0
0
0
0
0
0
0
0
0
0
0
0
0
0
0
0
0
0
0
0
0
0
0
0
0
0
0
0
0
0
0
0
0
0
0
0
0
0
0
0
0
0
0
0
0
0
1
0
7
11
10
8
0
0
0
0
0
0
0
0
0
0
21
41
66
118
168
169
231
249
253
243
122
12
0
0
0
0
0
0
0
0
121
233
239
243
201
171
149
117
141
164
252
132
0
0
0
0
0
0
0
0
39
74
57
41
14
6
0
0
0
7
178
201
4
0
0
0
0
0
0
0
0
0
0
0
0
0
0
0
0
37
223
146
0
0
0
0
0
0
0
0
0
0
0
0
0
0
0
0
0
125
255
85
0
0
0
0
0
0
0
0
0
0
0
0
0
0
0
0
34
228
182
11
0
0
0
0
0
0
0
0
0
0
0
0
0
0
0
0
132
252
76
0
0
0
0
0
0
0
0
0
0
0
0
0
0
0
0
92
255
169
0
0
0
0
0
0
0
0
0
0
0
0
0
0
0
0
33
209
217
41
0
0
0
0
0
0
0
0
0
0
0
0
0
0
0
5
165
250
82
0
0
0
0
0
0
0
0
0
0
0
0
0
0
0
0
107
255
127
0
0
0
0
0
0
0
0
0
0
0
0
0
0
0
0
17
198
183
8
0
0
0
0
0
0
0
0
0
0
0
0
0
0
0
0
109
237
56
0
0
0
0
0
0
0
0
0
0
0
0
0
0
0
0
0
181
240
43
0
0
0
0
0
0
0
0
0
0
0
0
0
0
0
0
0
49
50
2
0
0
0
0
0
0
0
0
0
0