0
0
0
0
0
0
0
0
0
0
0
0
0
0
0
0
0
0
0
0
0
0
0
0
0
0
0
0
0
0
0
0
0
0
0
0
0
0
0
0
0
0
0
0
0
0
0
0
0
0
0
5
0
6
0
0
0
0
0
0
0
0
0
0
0
0
0
0
0
0
46
160
141
165
122
11
0
0
0
0
0
0
0
0
0
0
0
0
0
66
226
205
195
236
219
151
22
0
0
0
0
0
0
0
0
0
0
0
46
200
210
48
26
65
51
205
134
0
0
0
0
0
0
0
0
0
0
59
217
213
43
0
0
0
0
90
209
27
0
0
0
0
0
0
0
0
59
232
207
51
0
0
0
0
0
21
189
128
0
0
0
0
0
0
0
65
226
186
33
0
0
0
0
0
0
0
120
188
0
0
0
0
0
0
58
223
241
47
0
0
0
0
0
0
0
0
122
222
0
0
0
0
0
33
217
208
95
66
0
0
0
0
0
0
0
0
123
170
0
0
0
0
0
78
246
113
0
0
0
0
0
0
0
0
0
6
172
106
0
0
0
0
0
110
233
19
0
0
0
0
0
0
0
0
0
75
179
20
0
0
0
0
0
113
224
1
0
0
0
0
0
0
0
0
33
161
67
0
0
0
0
0
0
101
255
97
3
4
4
7
27
75
125
164
175
88
0
0
0
0
0
0
0
28
155
215
196
209
205
183
208
221
177
91
23
0
0
0
0
0
0
0
0
0
2
50
98
128
120
79
67
46
5
0
0
0
0
0
0
0
0
0
0
0
0
0
0
0
0
0
0
0
0
0
0
0
0
0
0
0
0
0
0
0
0
0
0
0
0
0
0
0
0
0
0
0
0
0
0
0
0
0
0
0
0
0
0
0
0
0
0
0
0
0
0
0
0
0
0
0