0
0
0
0
0
0
0
0
0
0
0
0
0
0
0
0
0
0
0
0
0
0
0
0
0
0
0
0
0
0
0
0
0
0
0
0
0
0
0
0
0
0
0
0
0
0
0
0
0
0
0
0
0
0
0
0
0
0
0
0
0
0
0
0
0
0
0
0
0
0
0
0
0
0
0
0
0
0
0
0
0
0
0
0
0
0
0
0
0
0
6
10
2
0
0
0
0
0
0
0
0
0
0
5
99
143
80
61
68
132
215
250
115
0
0
0
0
0
0
0
0
0
0
65
243
255
255
255
255
255
255
255
160
0
0
0
0
0
0
0
0
0
0
31
183
239
255
255
235
232
246
255
155
0
0
0
0
0
0
0
0
0
0
0
17
53
111
117
49
43
183
255
174
2
0
0
0
0
0
0
0
0
0
0
0
0
0
0
0
0
167
255
221
24
0
0
0
0
0
0
0
0
0
0
0
0
0
0
0
1
168
255
188
9
0
0
0
0
0
0
0
0
0
0
0
0
0
0
0
1
168
255
154
0
0
0
0
0
0
0
0
0
0
0
0
0
0
0
0
1
168
255
179
4
0
0
0
0
0
0
0
0
0
0
0
0
0
0
0
1
168
255
213
20
0
0
0
0
0
0
0
0
0
0
0
0
0
0
0
1
168
255
163
0
0
0
0
0
0
0
0
0
0
0
0
0
0
0
0
1
168
255
161
0
0
0
0
0
0
0
0
0
0
0
0
0
0
0
0
1
168
255
199
13
0
0
0
0
0
0
0
0
0
0
0
0
0
0
0
1
173
255
206
17
0
0
0
0
0
0
0
0
0
0
0
0
0
0
0
0
115
255
180
1
0
0
0
0
0
0
0
0
0
0
0
0
0
0
0
0
8
64
43
0
0
0
0
0
0
0