0
0
0
0
0
0
0
0
0
0
0
0
0
0
0
0
0
0
0
0
0
0
0
0
0
0
0
0
0
0
0
0
0
0
0
0
0
0
0
0
0
0
0
0
0
0
0
0
0
19
39
169
203
37
0
0
0
0
0
0
0
0
0
0
0
0
0
0
26
186
218
255
239
49
0
0
0
0
0
0
0
0
0
0
0
0
0
0
72
242
255
255
219
0
0
0
0
0
0
0
0
0
0
0
0
0
0
20
206
255
200
216
247
103
0
0
0
0
0
0
0
0
0
0
0
0
20
162
255
160
8
68
249
236
59
0
0
0
0
0
0
0
0
0
0
0
104
255
177
22
0
18
93
241
209
19
0
0
0
0
0
0
0
0
0
41
233
209
9
0
0
0
0
100
255
143
0
0
0
0
0
0
0
0
4
156
247
87
0
0
0
0
0
20
199
203
12
0
0
0
0
0
0
0
54
255
173
5
0
0
0
0
0
0
85
218
41
0
0
0
0
0
0
0
116
255
115
0
0
0
0
0
0
0
38
247
105
0
0
0
0
0
0
0
118
247
79
0
0
0
0
0
0
0
65
255
134
0
0
0
0
0
0
0
73
255
178
53
4
0
0
16
25
103
220
253
92
0
0
0
0
0
0
0
11
189
255
237
182
146
159
203
214
255
255
166
17
0
0
0
0
0
0
0
0
27
143
211
234
239
255
237
229
174
81
6
0
0
0
0
0
0
0
0
0
0
0
21
53
62
95
57
44
0
0
0
0
0
0
0
0
0
0
0
0
0
0
0
0
0
0
0
0
0
0
0
0
0
0
0
0
0
0
0
0
0
0
0
0
0
0
0
0
0
0
0
0
0
0
0
0
0
0
0
0
0
0
0
0
0
0
0
0
0
0
0
0
0
0
0