0
0
0
0
0
0
0
0
0
0
0
0
0
0
0
0
0
0
0
0
0
0
0
0
0
0
0
0
0
0
0
0
0
0
0
0
0
0
0
0
0
0
0
0
0
0
0
0
0
0
0
0
0
0
0
0
0
0
0
0
0
0
0
0
0
0
0
0
0
0
0
0
0
0
0
0
0
0
0
0
0
0
0
0
0
0
0
0
10
13
0
0
0
0
0
100
170
24
0
0
0
0
0
0
0
0
0
70
213
214
28
0
0
30
141
254
255
43
0
0
0
0
0
0
0
0
51
234
255
187
48
14
101
208
255
255
197
17
0
0
0
0
0
0
0
80
218
255
188
102
174
225
255
255
255
221
50
0
0
0
0
0
0
0
24
232
255
255
255
255
246
211
216
255
255
93
0
0
0
0
0
0
0
0
92
255
225
131
114
77
45
85
219
255
142
0
0
0
0
0
0
0
0
0
16
127
77
0
0
0
21
189
255
188
20
0
0
0
0
0
0
0
0
0
0
0
0
0
0
4
171
255
220
40
0
0
0
0
0
0
0
0
0
0
0
0
0
0
0
94
255
243
77
0
0
0
0
0
0
0
0
0
0
0
0
0
0
0
98
239
246
102
0
0
0
0
0
0
0
0
0
0
0
0
0
0
0
69
249
255
129
0
0
0
0
0
0
0
0
0
0
0
0
0
0
0
66
235
255
155
0
0
0
0
0
0
0
0
0
0
0
0
0
0
0
55
221
255
170
14
0
0
0
0
0
0
0
0
0
0
0
0
0
0
69
235
255
179
9
0
0
0
0
0
0
0
0
0
0
0
0
0
0
3
104
153
132
20
0
0
0
0
0
0
0
0
0
0
0
0
0
0
0
0
0
0
0
0
0
0
0
0
0
0
0
0
0
0
0
0