0
0
0
0
0
0
0
0
0
0
0
0
0
0
0
0
0
0
0
0
0
0
0
0
0
0
0
0
0
0
0
0
0
0
0
0
0
0
0
0
0
0
0
0
0
0
0
0
0
0
0
0
0
0
0
0
0
0
0
0
0
0
0
0
0
0
0
0
0
0
0
0
0
0
0
0
0
0
0
0
0
0
0
0
0
0
0
0
9
10
10
5
0
0
0
0
0
0
0
0
0
0
0
0
0
0
24
141
239
249
250
208
149
47
0
0
0
0
0
0
0
0
0
0
0
0
130
255
227
207
207
220
255
225
61
0
0
0
0
0
0
0
0
0
0
0
154
253
75
5
12
35
75
224
227
8
0
0
0
0
0
0
0
0
0
0
163
255
131
59
92
175
83
43
162
10
0
0
0
0
0
0
0
0
0
0
123
255
255
245
252
255
196
0
10
1
0
0
0
0
0
0
0
0
0
0
8
76
154
202
227
255
150
0
0
0
0
0
0
0
0
0
0
0
0
0
0
0
0
5
90
248
129
0
0
0
0
0
0
0
0
0
0
0
0
0
0
0
0
0
128
255
122
0
0
0
0
0
0
0
0
0
0
0
0
0
0
0
0
4
188
255
40
0
0
0
0
0
0
0
0
0
0
0
0
0
0
0
0
22
233
226
24
0
0
0
0
0
0
0
0
0
0
0
0
0
0
0
0
64
255
195
15
0
0
0
0
0
0
0
0
0
0
0
0
0
0
0
0
152
255
136
1
0
0
0
0
0
0
0
0
0
0
0
0
0
0
0
23
214
246
62
0
0
0
0
0
0
0
0
0
0
0
0
0
0
0
0
34
226
178
11
0
0
0
0
0
0
0
0
0
0
0
0
0
0
0
0
4
56
29
0
0
0
0
0
0
0
0
0