0
0
0
0
0
0
0
0
0
0
0
0
0
0
0
0
0
0
0
0
0
0
0
0
0
0
0
0
0
0
0
0
0
0
0
0
0
0
0
0
0
0
0
0
0
0
0
0
0
0
0
0
0
0
0
0
0
0
0
0
0
0
0
0
0
0
0
0
0
0
0
0
0
0
0
0
0
0
0
0
0
0
0
0
0
0
0
0
12
72
116
171
149
50
0
0
0
0
0
0
0
0
0
0
0
0
0
73
217
251
254
255
255
194
22
0
0
0
0
0
0
0
0
0
0
0
0
198
255
255
255
255
254
248
58
0
0
0
0
0
0
0
0
0
0
0
0
212
254
223
215
215
246
255
83
0
0
0
0
0
0
0
0
0
0
0
0
69
100
19
0
49
234
255
148
0
0
0
0
0
0
0
0
0
0
0
0
0
0
0
15
177
255
255
87
0
0
0
0
0
0
0
0
0
0
0
0
0
0
0
102
255
255
184
15
0
0
0
0
0
0
0
0
0
0
0
0
0
0
25
204
255
245
79
0
0
0
0
0
0
0
0
0
0
0
0
0
0
3
157
255
251
119
0
0
0
0
0
0
0
0
0
0
0
0
0
0
0
111
251
255
154
7
0
0
0
0
0
0
0
0
0
0
0
0
0
0
28
214
255
247
77
0
0
0
0
0
0
0
0
0
0
0
0
0
0
0
160
255
255
169
9
0
0
0
0
0
0
0
0
0
0
0
0
0
0
41
236
255
210
37
0
0
0
0
0
0
0
0
0
0
0
0
0
0
0
16
228
255
100
0
0
0
0
0
0
0
0
0
0
0
0
0
0
0
0
0
105
121
16
0
0
0
0
0
0
0
0
0
0
0
0
0
0
0
0
0
0
0
0
0
0
0
0
0
0
0
0
0
0