0
0
0
0
0
0
0
0
0
0
0
0
0
0
0
0
0
0
0
0
0
0
0
0
0
0
0
0
0
0
0
0
0
0
0
0
0
0
0
0
0
0
0
0
0
0
0
0
0
0
0
0
24
24
1
0
0
0
0
0
0
0
0
0
0
0
0
0
0
0
56
130
225
225
38
0
0
0
0
0
0
0
0
0
0
0
0
0
31
159
242
255
216
223
126
0
0
0
0
0
0
0
0
0
0
0
0
44
210
255
189
76
1
123
248
16
0
0
0
0
0
0
0
0
0
0
4
194
249
112
5
0
0
110
250
17
0
0
0
0
0
0
0
0
0
0
51
249
197
18
0
0
59
230
218
10
0
0
0
0
0
0
0
0
0
0
17
202
255
177
72
102
233
240
72
0
0
0
0
0
0
0
0
0
0
0
0
45
189
255
244
254
219
70
0
0
0
0
0
0
0
0
0
0
0
0
0
0
85
251
255
255
82
0
0
0
0
0
0
0
0
0
0
0
0
0
0
32
212
221
178
255
140
0
0
0
0
0
0
0
0
0
0
0
0
0
33
201
218
59
120
255
158
0
0
0
0
0
0
0
0
0
0
0
0
10
183
183
16
67
239
240
58
0
0
0
0
0
0
0
0
0
0
0
0
90
225
53
116
242
253
116
0
0
0
0
0
0
0
0
0
0
0
0
7
208
238
221
255
183
86
11
0
0
0
0
0
0
0
0
0
0
0
0
3
156
255
240
132
12
0
0
0
0
0
0
0
0
0
0
0
0
0
0
0
9
34
28
0
0
0
0
0
0
0
0
0
0
0
0
0
0
0
0
0
0
0
0
0
0
0
0
0
0
0
0
0
0
0
0
0
0
0
0
0
0
0
0
0
0
0
0
0
0
0
0
0
0
0
0