0
0
0
0
0
0
0
0
0
0
0
0
0
0
0
0
0
0
0
0
0
0
0
0
0
0
0
0
0
0
0
0
0
0
0
0
0
0
0
0
0
0
0
0
0
0
0
0
0
0
0
0
0
0
0
0
0
0
0
0
0
0
0
0
0
0
0
0
0
0
0
0
0
0
23
107
38
0
0
0
0
0
0
0
0
0
0
0
0
13
1
0
0
26
181
254
71
0
0
0
0
0
0
0
0
0
0
0
75
211
24
0
0
119
255
163
1
0
0
0
0
0
0
0
0
0
0
11
181
255
26
0
16
209
233
48
0
0
0
0
0
0
0
0
0
0
0
121
255
196
4
0
110
255
162
0
0
0
0
0
0
0
0
0
0
0
78
247
239
58
50
92
219
247
69
0
0
0
0
0
0
0
0
0
0
65
229
255
176
173
235
253
255
190
17
0
0
0
0
0
0
0
0
0
5
178
255
252
254
250
245
255
247
80
0
0
0
0
0
0
0
0
0
0
35
243
255
255
187
80
206
255
153
9
0
0
0
0
0
0
0
0
0
0
41
242
222
119
0
98
254
224
27
0
0
0
0
0
0
0
0
0
0
0
14
84
19
0
30
218
255
111
0
0
0
0
0
0
0
0
0
0
0
0
0
0
0
0
131
255
211
24
0
0
0
0
0
0
0
0
0
0
0
0
0
0
0
28
210
255
119
0
0
0
0
0
0
0
0
0
0
0
0
0
0
0
0
72
255
219
12
0
0
0
0
0
0
0
0
0
0
0
0
0
0
0
0
50
211
68
0
0
0
0
0
0
0
0
0
0
0
0
0
0
0
0
0
0
0
0
0
0
0
0
0
0
0
0
0
0
0
0
0
0
0
0
0
0
0
0
0
0
0
0
0
0
0
0
0
0