0
0
0
0
0
0
0
0
0
0
0
0
0
0
0
0
0
0
0
0
0
0
0
0
0
0
0
0
0
0
0
0
0
0
0
0
0
0
0
0
0
0
0
0
0
0
0
0
0
0
0
0
0
8
20
0
0
0
0
0
0
0
0
0
0
0
0
0
19
117
18
0
0
64
140
4
0
0
0
0
0
0
0
0
0
0
0
0
31
196
21
0
0
140
164
1
0
0
0
0
0
0
0
0
0
0
0
0
107
187
4
0
12
191
198
3
0
0
0
0
0
0
0
0
0
0
0
19
226
160
0
0
23
238
147
0
0
0
0
0
0
0
0
0
0
0
0
101
250
59
0
0
104
248
55
0
0
0
0
0
0
0
0
0
0
0
12
209
176
12
0
36
229
182
15
0
0
0
0
0
0
0
0
0
0
0
122
244
61
0
0
156
237
45
6
3
0
0
0
0
0
0
0
0
0
91
238
236
79
65
126
255
242
219
255
140
0
0
0
0
0
0
0
0
42
235
255
255
255
255
255
222
164
148
117
71
0
0
0
0
0
0
0
14
86
138
80
46
186
255
248
198
55
0
0
0
0
0
0
0
0
0
0
0
0
0
0
0
73
243
157
0
0
0
0
0
0
0
0
0
0
0
0
0
0
0
0
0
86
252
81
0
0
0
0
0
0
0
0
0
0
0
0
0
0
0
0
54
188
251
10
0
0
0
0
0
0
0
0
0
0
0
0
0
0
0
0
154
255
166
1
0
0
0
0
0
0
0
0
0
0
0
0
0
0
0
0
14
36
12
0
0
0
0
0
0
0
0
0
0
0
0
0
0
0
0
0
0
0
0
0
0
0
0
0
0
0
0
0
0
0
0
0
0
0
0
0
0
0
0
0
0
0
0
0
0
0
0
0
0