0
0
0
0
0
0
0
0
0
0
0
0
0
0
0
0
0
0
0
0
0
0
0
0
0
0
0
0
0
0
0
0
0
0
0
0
0
0
0
0
0
0
0
0
0
0
0
0
0
0
36
183
79
0
0
0
0
0
0
0
0
0
0
0
0
0
0
0
0
0
67
255
212
0
0
0
0
0
0
0
0
0
0
0
0
0
0
0
0
0
100
255
175
0
0
0
0
0
0
0
0
0
0
0
0
0
0
0
0
29
200
255
97
0
0
0
0
0
0
0
0
0
0
0
0
0
0
0
13
173
255
255
96
0
0
0
0
0
0
0
0
0
0
0
0
1
10
36
169
244
207
255
97
0
0
0
0
0
0
0
0
0
0
0
21
142
196
245
203
78
89
255
96
0
0
0
0
0
0
0
0
0
0
0
10
81
110
84
19
0
92
255
106
0
0
0
0
0
0
0
0
0
0
0
0
0
0
0
0
0
69
254
148
0
0
0
0
0
0
0
0
0
0
0
0
0
0
0
0
0
51
244
105
0
0
0
0
0
0
0
0
0
0
0
0
0
0
0
0
0
39
228
80
0
11
7
0
0
0
0
0
0
0
0
0
0
33
120
144
135
127
210
170
115
187
86
0
0
0
0
0
0
0
0
18
142
223
255
250
234
196
168
171
171
169
55
0
0
0
0
0
0
0
0
71
252
237
134
32
7
4
0
1
1
1
0
0
0
0
0
0
0
0
0
11
83
52
0
0
0
0
0
0
0
0
0
0
0
0
0
0
0
0
0
0
0
0
0
0
0
0
0
0
0
0
0
0
0
0
0
0
0
0
0
0
0
0
0
0
0
0
0
0
0
0
0
0
0
0
0
0
0
0
0
0
0
0
0
0
0
0
0
0
0
0
0
0
0
0
0