0
0
0
0
0
0
0
0
0
0
0
0
0
0
0
0
0
0
0
0
0
0
0
0
0
0
0
0
0
0
0
0
0
0
0
0
0
0
0
0
0
0
0
0
0
0
0
0
0
0
0
0
0
0
0
0
0
0
0
0
0
0
0
0
0
0
0
19
50
2
0
0
4
52
15
0
0
0
0
0
0
0
0
0
0
0
38
197
162
3
0
0
121
233
77
0
0
0
0
0
0
0
0
0
0
0
77
255
169
1
0
41
229
255
64
0
0
0
0
0
0
0
0
0
0
0
74
252
167
1
0
102
255
198
23
0
0
0
0
0
0
0
0
0
0
0
139
255
168
2
0
102
255
205
28
0
0
0
0
0
0
0
0
0
0
20
195
255
148
0
0
122
255
255
61
0
0
0
0
0
0
0
0
0
0
55
246
241
69
0
1
163
255
255
109
0
0
0
0
0
0
0
0
0
0
73
255
253
201
148
150
217
255
244
105
0
0
0
0
0
0
0
0
0
0
124
255
255
255
255
255
255
255
163
0
0
0
0
0
0
0
0
0
0
0
69
145
88
84
82
102
217
255
141
0
0
0
0
0
0
0
0
0
0
0
0
0
0
0
0
7
179
255
144
0
0
0
0
0
0
0
0
0
0
0
0
0
0
0
0
0
164
255
145
0
0
0
0
0
0
0
0
0
0
0
0
0
0
0
0
17
188
255
143
0
0
0
0
0
0
0
0
0
0
0
0
0
0
0
0
42
228
253
83
0
0
0
0
0
0
0
0
0
0
0
0
0
0
0
0
25
139
101
2
0
0
0
0
0
0
0
0
0
0
0
0
0
0
0
0
0
0
0
0
0
0
0
0
0
0
0
0
0
0
0
0
0
0
0
0
0
0
0
0
0
0
0
0
0
0