0
0
0
0
0
0
0
0
0
0
0
0
0
0
0
0
0
0
0
0
0
0
0
0
0
0
0
0
0
0
0
0
0
0
0
0
0
0
0
0
0
0
0
0
0
0
0
0
0
0
0
0
0
0
108
167
11
0
0
0
0
0
0
0
0
0
0
0
0
0
0
0
9
108
234
98
3
0
0
0
0
0
0
0
0
0
0
0
0
0
0
40
184
225
108
0
0
0
0
0
0
0
0
0
0
0
0
0
0
0
36
195
255
99
0
0
0
0
0
0
0
0
0
0
0
0
0
0
0
10
171
255
139
12
0
0
0
0
0
0
0
0
0
0
0
0
0
0
6
147
255
179
11
0
0
0
0
0
0
0
0
0
0
0
0
0
0
0
92
255
196
36
0
0
0
0
0
0
0
0
0
0
0
0
0
0
0
23
202
255
214
151
23
0
0
0
0
0
0
0
0
0
0
0
0
0
0
132
255
248
255
255
180
25
0
0
0
0
0
0
0
0
0
0
0
0
65
229
247
140
114
203
255
86
0
0
0
0
0
0
0
0
0
0
0
0
121
255
149
0
0
176
222
22
0
0
0
0
0
0
0
0
0
0
0
0
119
255
125
0
109
251
147
0
0
0
0
0
0
0
0
0
0
0
0
0
116
255
196
165
251
238
54
0
0
0
0
0
0
0
0
0
0
0
0
0
32
167
255
255
208
76
0
0
0
0
0
0
0
0
0
0
0
0
0
0
0
24
96
97
25
0
0
0
0
0
0
0
0
0
0
0
0
0
0
0
0
0
0
0
0
0
0
0
0
0
0
0
0
0
0
0
0
0
0
0
0
0
0
0
0
0
0
0
0
0
0
0
0
0
0
0
0
0
0
0
0
0
0
0
0
0
0
0
0
0
0
0
0
0