0
0
0
0
0
0
0
0
0
0
0
0
0
0
0
0
0
0
0
0
0
0
0
0
0
0
0
0
0
0
0
0
0
0
0
0
0
0
0
0
0
0
0
0
0
0
0
0
0
0
0
0
0
0
0
0
0
0
0
0
0
0
0
0
0
0
0
0
15
81
15
0
0
0
0
0
0
0
0
0
0
0
0
0
0
0
0
0
65
245
139
0
0
0
0
0
0
0
0
0
0
0
0
0
0
0
0
0
39
229
191
0
0
0
0
0
0
0
0
0
0
0
0
0
0
0
0
0
36
225
187
0
0
0
0
0
0
0
0
0
0
0
0
0
0
0
0
0
37
226
187
0
0
0
0
0
0
0
0
0
0
0
0
0
0
0
0
0
9
206
188
0
0
0
0
0
0
0
0
0
0
0
0
0
0
0
0
0
13
206
214
23
0
0
0
0
0
0
0
0
0
0
0
0
0
0
0
0
0
191
225
36
0
0
0
0
0
0
0
0
0
0
0
0
0
0
0
0
0
173
238
57
0
0
0
0
0
0
0
0
0
0
0
0
0
0
0
0
0
99
253
101
0
0
0
0
0
0
0
0
0
0
0
0
0
0
0
0
0
42
255
138
0
0
0
0
0
0
0
0
0
0
0
0
0
0
0
0
0
43
254
173
8
0
0
0
0
0
0
0
0
0
0
0
0
0
0
0
0
6
203
228
23
0
0
0
0
0
0
0
0
0
0
0
0
0
0
0
0
0
105
255
54
0
0
0
0
0
0
0
0
0
0
0
0
0
0
0
0
0
30
155
29
0
0
0
0
0
0
0
0
0
0
0
0
0
0
0
0
0
0
0
0
0
0
0
0
0
0
0
0
0
0
0
0
0
0
0
0
0
0
0
0
0
0
0
0
0
0
0