0
0
0
0
0
0
0
0
0
0
0
0
0
0
0
0
0
0
0
0
0
0
0
0
0
0
0
0
0
0
0
0
0
0
0
0
0
0
0
0
0
0
0
0
0
0
0
0
0
0
0
0
0
0
0
0
0
0
0
0
0
0
0
0
0
0
19
55
81
107
109
73
11
0
0
0
0
0
0
0
0
0
0
0
69
166
210
237
252
255
255
250
190
49
0
0
0
0
0
0
0
0
0
59
233
255
225
182
136
135
134
177
253
226
75
0
0
0
0
0
0
0
0
37
225
189
32
1
0
0
0
0
108
246
197
3
0
0
0
0
0
0
0
0
43
55
0
0
0
0
0
0
2
174
255
54
0
0
0
0
0
0
0
0
0
0
0
0
0
0
0
24
122
218
229
33
0
0
0
0
0
0
0
0
0
0
0
14
97
151
161
203
255
255
165
0
0
0
0
0
0
0
0
0
0
0
0
56
245
255
255
255
245
249
208
33
0
0
0
0
0
0
0
0
0
0
0
6
80
133
112
125
79
169
255
114
0
0
0
0
0
0
0
0
0
0
0
0
0
0
0
0
0
103
255
118
0
0
0
0
0
0
0
0
0
0
0
0
0
0
0
0
0
98
255
180
0
0
0
0
0
31
73
31
18
19
9
4
4
4
13
19
105
231
255
118
0
0
0
0
0
134
255
255
255
255
222
204
206
206
236
255
255
232
133
1
0
0
0
0
0
54
110
108
108
108
109
110
110
110
109
108
101
48
0
0
0
0
0
0
0
0
0
0
0
0
0
0
0
0
0
0
0
0
0
0
0
0
0
0
0
0
0
0
0
0
0
0
0
0
0
0
0
0
0
0
0
0
0
0
0
0
0
0
0
0
0
0
0
0
0
0
0
0
0
0
0
0
0
0