0
0
0
0
0
0
0
0
0
0
0
0
0
0
0
0
0
0
0
0
0
0
0
0
0
0
0
0
0
0
0
0
0
0
0
0
0
0
0
0
0
0
0
0
0
0
0
0
0
0
0
0
0
0
0
0
0
0
0
0
0
0
0
0
0
0
0
0
0
0
0
0
0
0
0
0
0
0
0
0
0
0
0
0
0
0
0
0
0
0
0
0
0
0
0
0
0
0
0
0
0
0
0
25
70
79
108
109
109
109
112
109
95
22
0
0
0
0
0
0
0
0
0
63
155
111
90
92
92
94
97
131
247
93
0
0
0
0
0
0
0
0
0
3
3
0
0
0
0
0
2
160
200
21
0
0
0
0
0
0
0
0
0
0
0
0
0
0
0
0
123
227
59
0
0
0
0
0
0
0
0
0
0
0
0
0
0
0
0
65
222
91
0
0
0
0
0
0
0
0
0
0
0
0
0
0
0
0
18
201
141
0
0
0
0
0
0
0
0
0
0
0
0
0
0
0
0
2
142
202
26
0
0
0
0
0
0
0
0
0
0
0
0
0
0
0
0
48
238
81
0
0
0
0
0
0
0
0
0
0
0
0
0
0
0
0
0
43
214
59
0
0
0
0
0
9
50
52
0
0
0
0
0
0
0
0
0
5
126
182
149
114
92
105
141
126
114
68
0
0
0
0
0
0
0
0
0
0
0
31
81
130
116
93
58
25
3
0
0
0
0
0
0
0
0
0
0
0
0
0
0
0
0
0
0
0
0
0
0
0
0
0
0
0
0
0
0
0
0
0
0
0
0
0
0
0
0
0
0
0
0
0
0
0
0
0
0
0
0
0
0
0
0
0
0
0
0
0
0
0
0
0
0
0
0
0
0
0
0
0
0
0
0
0
0
0
0
0
0
0