0
0
0
0
0
0
0
0
0
0
0
0
0
0
0
0
0
0
0
0
0
0
0
0
0
0
0
0
0
0
0
0
0
0
0
0
0
0
0
0
0
0
0
0
0
0
0
0
0
0
0
0
0
0
0
0
0
0
0
0
0
0
0
0
0
0
0
0
0
0
0
1
82
65
0
0
0
0
0
0
0
0
0
0
0
0
0
0
0
0
0
0
173
183
7
0
0
0
0
0
0
0
0
0
0
0
0
0
0
0
0
13
184
143
0
0
0
0
0
0
0
0
0
0
0
0
0
0
0
0
0
120
254
88
0
0
0
0
0
0
0
0
0
0
0
0
0
0
0
0
1
182
209
10
0
0
0
0
0
0
0
0
0
0
0
0
0
0
0
0
86
236
85
0
0
0
0
0
0
0
0
0
0
0
0
0
0
0
0
1
191
145
0
0
0
0
0
0
0
0
0
0
0
0
0
0
0
0
0
66
255
95
0
0
0
0
0
0
0
0
0
0
0
0
0
0
0
0
0
159
188
24
0
0
0
0
0
0
0
0
0
0
0
0
0
0
0
0
79
236
83
0
0
0
0
0
0
0
0
0
0
0
0
0
0
0
0
3
171
208
5
0
0
0
0
0
0
0
0
0
0
0
0
0
0
0
0
60
233
91
0
0
0
0
0
0
0
0
0
0
0
0
0
0
0
0
0
166
182
14
0
0
0
0
0
0
0
0
0
0
0
0
0
0
0
0
0
176
101
0
0
0
0
0
0
0
0
0
0
0
0
0
0
0
0
0
0
109
26
0
0
0
0
0
0
0
0
0
0
0
0
0
0
0
0
0
0
0
0
0
0
0
0
0
0
0
0
0
0
0
0
0
0
0
0
0
0
0
0
0
0
0
0
0
0
0
0
0
0
0