0
0
0
0
0
0
0
0
0
0
0
0
0
0
0
0
0
0
0
0
0
0
0
0
0
0
0
0
0
0
0
0
0
0
0
0
0
0
0
0
0
0
0
0
0
0
0
0
1
31
38
22
0
0
0
0
0
0
0
0
0
0
0
0
0
0
0
26
150
244
255
220
136
24
0
0
0
0
0
0
0
0
0
0
0
0
24
183
255
254
199
220
255
173
29
0
0
0
0
0
0
0
0
0
0
0
81
249
255
255
80
12
152
255
153
0
0
0
0
0
0
0
0
0
0
0
151
255
244
158
23
0
7
161
240
49
0
0
0
0
0
0
0
0
0
29
205
255
193
17
0
0
0
71
251
179
11
0
0
0
0
0
0
0
0
63
255
253
129
1
0
0
0
16
201
228
40
0
0
0
0
0
0
0
0
59
255
233
38
0
0
0
0
0
86
253
139
1
0
0
0
0
0
0
0
84
255
225
29
0
0
0
0
0
52
253
218
21
0
0
0
0
0
0
0
146
255
181
2
0
0
0
0
0
55
250
230
26
0
0
0
0
0
0
0
147
255
212
22
0
0
0
0
0
53
255
170
7
0
0
0
0
0
0
0
119
255
232
36
0
0
0
0
2
132
255
116
0
0
0
0
0
0
0
0
57
245
254
141
11
0
21
76
160
254
211
31
0
0
0
0
0
0
0
0
0
133
255
255
195
174
218
255
255
226
62
0
0
0
0
0
0
0
0
0
0
25
151
225
255
255
255
197
153
54
0
0
0
0
0
0
0
0
0
0
0
0
4
25
37
36
36
16
1
0
0
0
0
0
0
0
0
0
0
0
0
0
0
0
0
0
0
0
0
0
0
0
0
0
0
0
0
0
0
0
0
0
0
0
0
0
0
0
0
0
0
0
0
0
0