0
0
0
0
0
0
0
0
0
0
0
0
0
0
0
0
0
0
0
0
0
0
0
0
0
0
0
0
0
0
0
0
0
0
0
0
0
0
0
0
0
0
0
0
0
0
0
0
0
0
0
0
0
0
0
0
0
0
0
0
0
0
0
0
0
0
0
0
0
0
0
0
0
0
0
0
0
0
0
0
0
0
0
0
0
0
4
61
100
174
185
180
78
3
0
0
0
0
0
0
0
0
0
0
8
65
141
245
254
255
255
255
249
123
2
0
0
0
0
0
0
0
0
0
64
249
255
255
255
255
254
252
255
210
32
0
0
0
0
0
0
0
0
0
139
255
255
238
164
123
220
255
253
255
86
0
0
0
0
0
0
0
0
0
118
234
155
50
50
129
223
255
254
252
79
0
0
0
0
0
0
0
0
0
5
57
60
148
212
255
255
253
255
172
16
0
0
0
0
0
0
0
0
0
0
22
201
255
255
253
253
253
255
234
160
29
0
0
0
0
0
0
0
0
0
13
173
255
255
255
255
254
254
254
255
160
0
0
0
0
0
0
0
0
0
0
26
182
212
154
123
64
181
255
255
191
0
0
0
0
0
0
0
0
0
0
0
16
24
0
0
56
182
255
255
188
0
0
0
0
0
0
0
0
0
0
0
0
0
9
124
224
255
255
255
171
0
0
0
0
0
0
0
0
0
0
0
35
89
164
255
255
254
240
134
29
0
0
0
0
0
0
0
0
0
0
0
135
255
255
255
255
141
62
5
0
0
0
0
0
0
0
0
0
0
0
0
130
255
244
171
73
0
0
0
0
0
0
0
0
0
0
0
0
0
0
0
38
147
76
5
0
0
0
0
0
0
0
0
0
0
0
0
0
0
0
0
0
0
0
0
0
0
0
0
0
0
0
0
0