0
0
0
0
0
0
0
0
0
0
0
0
0
0
0
0
0
0
0
0
0
0
0
0
0
0
0
0
0
0
0
0
0
0
0
0
0
0
0
0
0
0
0
0
0
0
0
0
0
7
26
4
0
0
0
0
0
0
0
0
0
0
0
0
0
0
0
0
0
62
220
61
0
0
0
0
0
0
0
0
0
0
0
0
0
0
0
0
0
27
255
108
0
0
0
0
0
0
0
0
0
0
0
0
0
0
0
0
0
28
255
150
0
0
0
0
0
0
0
0
0
0
0
0
0
0
0
0
0
74
255
167
6
0
0
0
0
0
0
0
0
0
0
0
0
0
0
0
0
76
255
166
5
0
0
0
0
0
0
0
0
0
0
0
0
0
0
0
0
76
255
166
5
0
0
0
0
0
0
0
0
0
0
0
0
0
0
0
0
76
255
166
5
0
0
0
0
0
0
0
0
0
0
0
0
0
0
0
0
76
255
166
5
0
0
0
0
0
0
0
0
0
0
0
0
0
0
0
0
76
255
167
6
0
0
0
0
0
0
0
0
0
0
0
0
0
0
0
0
75
255
151
0
0
0
0
0
0
0
0
0
0
0
0
0
0
0
0
0
77
255
126
0
0
0
0
0
0
0
0
0
0
0
0
0
0
0
0
0
124
251
93
0
0
0
0
0
0
0
0
0
0
0
0
0
0
0
0
0
135
255
192
14
0
0
0
0
0
0
0
0
0
0
0
0
0
0
0
0
67
209
85
0
0
0
0
0
0
0
0
0
0
0
0
0
0
0
0
0
1
18
0
0
0
0
0
0
0
0
0
0
0
0
0
0
0
0
0
0
0
0
0
0
0
0
0
0
0
0
0
0
0
0
0
0
0
0
0
0
0
0
0
0
0
0
0
0
0
0
0