0
0
0
0
0
0
0
0
0
0
0
0
0
0
0
0
0
0
0
0
0
0
0
0
0
0
0
0
0
0
0
11
110
19
0
0
0
0
0
0
0
0
0
0
0
0
0
0
0
0
0
12
224
122
0
0
0
0
0
0
0
0
0
0
0
0
0
0
0
0
0
9
220
136
0
0
0
0
0
0
0
0
0
0
0
0
0
0
0
0
0
0
197
136
0
0
0
0
0
0
0
0
0
0
0
0
0
0
0
0
0
0
185
112
0
0
0
0
0
0
0
0
0
0
0
0
0
0
0
0
0
20
198
47
0
0
0
0
0
0
0
0
0
0
0
0
0
0
0
0
0
77
221
29
0
0
0
0
0
0
0
0
0
0
0
0
0
0
0
0
0
147
194
11
0
0
0
0
0
0
0
0
0
0
0
0
0
0
0
0
37
232
90
0
0
0
0
0
0
0
0
0
0
0
0
0
28
110
153
112
142
211
26
0
0
0
0
0
0
0
0
0
0
0
0
35
202
186
148
229
255
144
0
0
0
0
0
0
0
0
0
0
0
0
0
88
194
11
0
177
239
229
100
0
0
0
0
0
0
0
0
0
0
0
0
108
167
45
154
216
54
97
239
101
0
0
0
0
0
0
0
0
0
0
0
41
211
229
189
54
0
0
96
227
138
98
0
0
0
0
0
0
0
0
0
0
40
66
6
0
0
0
0
76
186
89
0
0
0
0
0
0
0
0
0
0
0
0
0
0
0
0
0
0
0
0
0
0
0
0
0
0
0
0
0
0
0
0
0
0
0
0
0
0
0
0
0
0
0
0
0
0
0
0
0
0
0
0
0
0
0
0
0
0
0
0
0
0
0
0
0
0
0
0
0
0
0
0
0
0
0
0
0
0
0
0
0
0
0
0