0
0
0
0
0
0
0
0
0
0
0
0
0
0
0
0
0
0
0
0
0
0
0
0
0
0
0
0
0
0
0
0
0
0
0
0
0
0
0
0
0
0
0
0
0
0
0
0
0
0
0
0
0
0
0
0
0
0
0
0
0
0
0
0
0
0
0
0
0
0
31
61
0
0
0
0
26
4
0
0
0
0
0
0
0
0
0
0
0
20
200
159
1
0
20
153
171
15
0
0
0
0
0
0
0
0
0
0
0
159
255
118
0
8
171
246
72
0
0
0
0
0
0
0
0
0
0
0
103
247
217
38
0
101
255
132
0
0
0
0
0
0
0
0
0
0
0
119
254
202
38
3
62
236
194
12
0
0
0
0
0
0
0
0
0
0
82
246
223
98
99
178
232
229
55
0
0
0
0
0
0
0
0
0
0
66
217
255
227
224
247
255
255
144
0
0
0
0
0
0
0
0
0
0
84
234
255
255
245
189
199
255
181
16
0
0
0
0
0
0
0
0
0
0
90
255
228
166
82
5
216
249
66
0
0
0
0
0
0
0
0
0
0
0
2
45
30
3
0
97
255
163
7
0
0
0
0
0
0
0
0
0
0
0
0
0
0
0
88
232
255
100
0
0
0
0
0
0
0
0
0
0
0
0
0
0
0
3
172
255
140
24
0
0
0
0
0
0
0
0
0
0
0
0
0
0
0
80
245
225
42
0
0
0
0
0
0
0
0
0
0
0
0
0
0
0
5
197
255
106
0
0
0
0
0
0
0
0
0
0
0
0
0
0
0
0
9
187
153
7
0
0
0
0
0
0
0
0
0
0
0
0
0
0
0
0
0
0
0
0
0
0
0
0
0
0
0
0
0
0
0
0
0
0
0
0
0
0
0
0
0
0
0
0
0
0
0
0
0
0