0
0
0
0
0
0
0
0
0
0
0
0
0
0
0
0
0
0
0
0
0
0
0
0
0
0
0
0
0
0
0
0
0
0
0
0
0
0
0
0
0
0
0
0
0
0
0
0
0
0
0
0
0
0
0
0
0
0
0
0
0
0
0
0
0
0
0
0
0
0
0
0
0
0
0
0
0
0
0
0
0
0
0
0
0
0
0
0
0
0
0
0
0
0
0
0
0
0
0
0
0
0
0
1
4
49
42
45
31
14
20
13
9
26
0
0
0
0
0
0
0
0
26
157
174
235
226
231
210
186
195
173
168
203
137
54
0
0
0
0
0
0
121
255
255
254
255
254
255
255
255
255
255
255
255
218
49
0
0
0
0
0
39
98
96
96
96
96
96
96
96
95
97
195
255
236
61
0
0
0
0
0
0
0
0
0
0
0
0
0
0
0
17
184
255
223
47
0
0
0
0
0
0
0
0
0
0
0
0
0
0
11
179
255
233
67
0
0
0
0
0
0
0
0
0
0
0
0
0
0
36
175
255
234
84
0
0
0
0
0
0
0
0
0
0
0
0
0
0
27
223
255
255
116
0
0
0
0
0
0
0
0
0
0
0
0
0
0
52
180
255
239
109
0
0
0
0
0
0
0
0
0
0
0
0
0
0
6
168
255
232
79
0
0
0
0
0
0
0
0
0
0
0
0
0
0
0
126
248
255
107
0
0
0
0
0
0
0
0
0
0
0
0
0
0
0
2
213
255
189
0
0
0
0
0
0
0
0
0
0
0
0
0
0
0
0
4
223
206
40
0
0
0
0
0
0
0
0
0
0
0
0
0
0
0
0
17
219
99
0
0
0
0
0
0
0
0
0
0
0
0
0
0
0
0
0
4
177
187
16
0
0
0
0
0
0
0
0
0
0