0
0
0
0
0
0
0
0
0
0
0
0
0
0
0
0
0
0
0
0
0
0
0
0
0
0
0
0
0
0
0
0
0
0
0
0
0
0
0
0
0
0
0
0
7
44
0
0
0
0
0
0
0
0
0
0
0
0
0
0
0
0
0
0
87
122
0
0
0
0
0
0
0
0
0
0
0
0
0
0
0
0
0
0
147
63
0
0
0
0
0
0
0
0
0
0
0
0
0
0
0
0
0
38
193
24
0
0
0
0
0
0
0
0
0
0
9
0
0
0
0
0
0
71
184
7
0
0
0
0
0
0
0
0
49
143
171
65
0
0
0
0
0
82
126
0
0
0
0
0
0
0
0
97
175
98
55
166
0
0
0
0
0
110
114
0
0
0
0
0
0
0
57
190
39
0
14
173
0
0
0
0
0
119
121
0
0
0
0
0
0
9
164
50
0
0
82
130
0
0
0
0
0
112
118
0
0
0
0
0
0
87
139
0
0
22
181
65
0
0
0
0
0
72
173
8
0
0
0
0
0
139
73
0
13
139
114
2
0
0
0
0
0
6
162
150
53
0
0
0
0
151
90
38
108
82
1
0
0
0
0
0
0
0
17
109
168
135
110
115
108
168
178
119
44
0
0
0
0
0
0
0
0
0
0
0
13
79
105
107
108
71
28
0
0
0
0
0
0
0
0
0
0
0
0
0
0
0
0
0
0
0
0
0
0
0
0
0
0
0
0
0
0
0
0
0
0
0
0
0
0
0
0
0
0
0
0
0
0
0
0
0
0
0
0
0
0
0
0
0
0
0
0
0
0
0
0
0
0
0
0
0
0
0
0
0
0
0
0
0
0
0
0
0
0
0
0
0
0
0
0
0
0
0
0
0
0
0
0
0
0
0
0
0
0
0
0
0
0
0