0
0
0
0
0
0
0
0
0
0
0
0
0
0
0
0
0
0
0
0
0
0
0
0
0
0
0
0
0
0
0
0
0
0
0
0
0
0
0
0
0
0
0
0
0
0
0
0
0
0
0
0
0
0
0
0
0
0
0
0
0
0
0
0
0
0
0
0
0
0
0
0
0
0
0
0
0
53
31
0
0
0
0
0
0
0
0
0
0
3
6
7
37
40
78
117
178
230
104
0
0
0
0
0
0
0
0
0
52
189
216
219
251
255
255
240
206
112
14
0
0
0
0
0
0
0
0
8
183
255
250
185
157
130
114
68
16
0
0
0
0
0
0
0
0
0
0
95
252
255
117
6
2
0
0
0
0
0
0
0
0
0
0
0
0
0
50
222
227
132
16
0
0
0
0
0
0
0
0
0
0
0
0
0
0
30
206
255
239
115
29
0
0
0
0
0
0
0
0
0
0
0
0
0
0
54
246
243
229
254
236
121
15
0
0
0
0
0
0
0
0
0
0
0
0
16
86
72
52
85
189
255
173
15
0
0
0
0
0
0
0
0
0
0
0
0
0
0
0
0
13
140
255
142
0
0
0
0
0
0
0
0
0
0
0
0
0
0
0
0
0
2
233
164
0
0
0
0
0
0
0
0
0
0
5
9
0
0
0
0
0
68
251
161
0
0
0
0
0
0
0
0
0
0
170
245
148
53
17
38
119
237
241
80
0
0
0
0
0
0
0
0
0
0
100
213
255
240
196
227
255
199
79
0
0
0
0
0
0
0
0
0
0
0
0
19
54
87
93
91
61
13
0
0
0
0
0
0
0
0
0
0
0
0
0
0
0
0
0
0
0
0
0
0
0
0
0
0
0
0
0
0
0
0
0
0
0
0
0
0
0
0
0
0
0
0
0
0
0
0