0
0
0
0
0
0
0
0
0
0
0
0
0
0
0
0
0
0
0
0
0
0
0
0
0
0
0
0
0
48
87
0
0
0
0
0
0
0
0
0
0
0
0
0
0
0
0
0
65
222
248
95
0
0
0
0
0
0
0
0
0
0
0
0
0
0
0
25
188
255
255
125
0
0
0
0
0
0
0
0
0
0
0
0
0
0
0
147
255
242
120
20
0
0
0
0
0
0
0
0
0
0
0
0
0
0
51
238
255
102
0
0
0
0
0
0
0
0
0
0
0
0
0
0
0
0
130
255
200
24
0
0
0
0
0
0
0
0
0
0
0
0
0
0
0
10
177
255
140
0
0
0
0
0
0
0
0
0
0
0
0
0
0
0
0
12
182
255
137
0
0
37
76
80
32
2
0
0
0
0
0
0
0
0
0
12
182
255
132
0
127
216
250
255
221
105
0
0
0
0
0
0
0
0
0
13
187
255
166
159
255
255
230
189
232
240
78
0
0
0
0
0
0
0
0
1
125
253
255
255
254
167
50
0
53
252
162
2
0
0
0
0
0
0
0
0
17
208
255
254
255
196
4
0
3
188
102
0
0
0
0
0
0
0
0
0
0
127
255
255
255
216
82
103
157
132
6
0
0
0
0
0
0
0
0
0
0
11
137
246
255
255
250
255
247
102
0
0
0
0
0
0
0
0
0
0
0
0
0
35
137
187
190
147
28
0
0
0
0
0
0
0
0
0
0
0
0
0
0
0
0
0
0
0
0
0
0
0
0
0
0
0
0
0
0
0
0
0
0
0
0
0
0
0
0
0
0
0
0
0
0
0
0
0
0
0
0
0
0
0
0
0
0
0
0
0
0
0
0
0
0
0
0
0
0
0
0
0
0
0
0
0
0
0
0
0
0
0
0
0