0
0
0
0
0
0
0
0
0
0
0
0
0
0
0
0
0
0
0
0
0
0
0
0
0
0
0
0
0
0
0
0
0
0
0
0
0
0
0
0
0
0
0
0
0
0
0
0
0
0
0
0
0
0
0
0
0
0
0
0
0
0
0
0
0
0
0
0
0
0
0
0
0
0
0
0
0
0
0
0
0
0
0
0
0
0
0
0
0
66
154
195
71
0
0
0
0
8
0
0
0
0
0
0
0
0
0
26
137
230
207
225
245
134
7
0
0
70
0
0
0
0
0
0
0
0
0
148
249
117
17
29
169
255
99
0
0
12
0
0
0
0
0
0
0
0
24
228
165
1
0
0
125
255
125
0
0
0
0
0
0
0
0
0
0
0
57
239
106
0
0
41
202
249
63
0
0
0
0
0
0
0
0
0
0
0
18
227
162
27
15
173
255
139
7
0
0
0
0
0
0
0
0
0
0
0
0
131
243
242
232
255
168
0
0
0
0
0
0
0
0
0
0
0
0
0
0
9
66
170
255
255
70
0
0
0
0
0
0
0
0
0
0
0
0
0
0
0
0
64
255
192
10
0
0
0
0
0
0
0
0
0
0
0
0
0
0
0
0
109
255
128
0
0
0
0
0
0
0
0
0
0
0
0
0
0
0
0
0
153
255
115
0
0
0
0
0
0
0
0
0
0
0
0
0
0
0
0
3
177
254
84
0
0
0
0
0
0
0
0
0
0
0
0
0
0
0
0
51
233
189
12
0
0
0
0
0
0
0
0
0
0
0
0
0
0
0
0
134
255
126
0
0
0
0
0
0
0
0
0
0
0
0
0
0
0
0
0
66
147
66
0
0
0
0
0
0
0
0
0
0
0
0
0
0
0
0
0
0
0
0
0
0
0
0
0
0
0
0
0