0
0
0
0
0
0
0
0
0
0
0
0
0
0
0
0
0
0
0
0
0
0
0
0
0
0
0
0
0
0
0
0
0
0
0
0
0
0
0
0
0
0
0
0
0
0
0
0
0
0
0
0
0
19
31
0
0
0
0
0
0
0
0
0
0
0
0
0
0
0
0
0
19
205
174
0
0
0
0
0
0
0
0
0
0
0
0
0
0
0
0
0
131
255
91
0
0
0
0
0
0
0
0
0
0
0
0
0
0
0
0
11
218
210
26
0
0
0
0
0
0
0
0
0
0
0
0
0
0
0
0
81
255
150
0
0
0
0
0
0
0
0
0
0
0
0
0
0
0
0
19
193
252
63
0
0
0
0
0
0
0
0
0
0
0
0
0
0
0
0
82
255
173
2
0
0
0
0
0
0
0
0
0
0
0
0
0
0
0
20
206
255
60
0
0
0
0
0
0
0
0
0
0
0
0
0
0
0
0
139
255
142
0
0
0
0
0
0
0
0
0
0
0
0
0
0
0
0
45
235
221
26
0
0
0
0
0
0
0
0
0
0
0
0
0
0
0
3
161
255
93
0
0
0
0
0
0
0
0
0
0
0
0
0
0
0
0
35
246
225
15
0
0
0
0
0
0
0
0
0
0
0
0
0
0
0
0
130
255
141
0
0
0
0
0
0
0
0
0
0
0
0
0
0
0
0
0
194
245
53
0
0
0
0
0
0
0
0
0
0
0
0
0
0
0
0
62
255
180
6
0
0
0
0
0
0
0
0
0
0
0
0
0
0
0
0
17
39
21
0
0
0
0
0
0
0
0
0
0
0
0
0
0
0
0
0
0
0
0
0
0
0
0
0
0
0
0
0
0
0
0
0
0
0
0
0
0
0
0
0
0
0
0
0
0
0
0
0
0
0