0
0
0
0
0
0
0
0
0
0
0
0
0
0
0
0
0
0
0
0
0
0
0
0
0
0
0
0
0
0
0
0
0
0
0
0
0
0
0
0
0
0
0
0
0
0
0
0
0
0
0
0
0
0
0
0
0
0
0
0
0
0
0
0
0
0
0
0
0
0
0
14
59
102
80
1
0
0
0
0
0
0
0
0
0
0
0
0
0
17
117
200
237
255
238
49
1
0
0
0
0
0
0
0
0
0
0
0
92
224
244
214
216
151
206
247
85
0
0
0
0
0
0
0
0
0
0
85
248
202
76
33
52
152
225
137
29
0
0
0
0
0
0
0
0
0
0
214
215
41
0
26
176
244
92
0
0
0
0
0
0
0
0
0
0
0
0
218
103
0
24
181
250
94
0
0
0
0
0
0
0
0
0
0
0
0
0
165
168
54
195
235
95
0
0
0
0
0
0
0
0
0
0
0
0
0
0
59
231
243
236
87
0
0
0
0
0
0
0
0
0
0
0
0
0
0
0
46
226
255
90
0
0
0
0
0
0
0
0
0
0
0
0
0
0
0
17
206
243
241
73
0
0
0
0
0
0
0
0
0
0
0
0
0
0
16
180
249
82
173
188
7
0
0
0
0
0
0
0
0
0
0
0
0
0
113
255
126
0
107
220
40
0
0
0
0
0
0
0
0
0
0
0
0
2
185
187
3
14
175
221
33
0
0
0
0
0
0
0
0
0
0
0
0
0
137
227
160
200
249
114
2
0
0
0
0
0
0
0
0
0
0
0
0
0
44
187
228
177
73
0
0
0
0
0
0
0
0
0
0
0
0
0
0
0
0
0
0
0
0
0
0
0
0
0
0
0
0
0
0
0
0
0
0
0
0
0
0
0
0
0
0
0
0
0
0
0
0
0
0