0
0
0
0
0
0
0
0
0
0
0
0
0
0
0
0
0
0
0
0
0
0
0
0
0
0
0
0
0
0
0
0
0
0
0
0
0
0
0
0
0
0
0
0
0
0
0
0
0
10
13
0
0
0
0
0
0
0
0
0
0
0
0
0
0
0
0
0
0
125
183
44
0
0
0
0
0
0
0
0
0
0
0
0
0
0
0
0
0
62
227
168
9
0
0
0
0
0
0
0
0
0
0
0
0
0
0
0
0
1
191
237
27
0
0
0
0
0
0
0
0
0
0
0
0
0
0
0
0
108
247
241
30
0
0
0
0
0
0
0
0
0
0
0
0
0
0
0
0
168
255
239
29
0
0
0
0
0
0
0
0
0
0
0
0
0
0
0
0
152
255
238
29
0
0
0
0
0
0
0
0
0
0
0
0
0
0
0
0
71
250
239
29
0
0
0
0
0
0
0
0
0
0
0
0
0
0
0
0
71
251
243
30
0
0
0
0
0
0
0
0
0
0
0
0
0
0
0
0
152
255
212
21
0
0
0
0
0
0
0
0
0
0
0
0
0
0
0
0
161
255
149
0
0
0
0
0
0
0
0
0
0
0
0
0
0
0
0
0
161
255
144
0
0
0
0
0
0
0
0
0
0
0
0
0
0
0
0
0
161
255
142
0
0
0
0
0
0
0
0
0
0
0
0
0
0
0
0
0
158
255
167
6
0
0
0
0
0
0
0
0
0
0
0
0
0
0
0
0
68
231
244
30
0
0
0
0
0
0
0
0
0
0
0
0
0
0
0
0
0
26
35
4
0
0
0
0
0
0
0
0
0
0
0
0
0
0
0
0
0
0
0
0
0
0
0
0
0
0
0
0
0
0
0
0
0
0
0
0
0
0
0
0
0
0
0
0
0
0
0