0
0
0
0
0
0
0
0
0
0
0
0
0
0
0
0
0
0
0
0
0
0
0
0
0
0
0
0
0
0
0
0
0
0
0
0
0
0
0
0
0
0
0
0
0
0
0
0
0
0
0
0
0
0
0
0
0
0
0
0
0
0
0
0
0
0
0
0
0
0
0
0
0
0
0
0
0
0
0
0
0
0
0
0
0
0
0
0
4
2
0
0
0
0
5
6
0
0
0
0
0
0
0
0
0
0
0
4
177
179
66
50
62
138
205
163
0
0
0
0
0
0
0
0
0
0
0
91
255
255
255
242
245
255
255
173
0
0
0
0
0
0
0
0
2
100
171
244
188
64
63
68
95
241
235
65
0
0
0
0
0
0
0
0
0
110
218
129
7
0
0
7
181
255
113
0
0
0
0
0
0
0
0
0
0
10
32
0
0
0
0
135
255
196
24
0
0
0
0
0
0
0
0
0
0
0
0
0
0
0
73
235
237
72
0
0
0
0
0
0
0
0
0
0
0
0
0
0
0
47
218
255
112
0
0
0
0
0
0
0
0
0
0
0
0
0
0
0
25
199
255
158
8
0
0
0
0
0
0
0
0
0
0
0
0
0
0
2
139
255
202
35
0
0
0
0
0
0
0
0
0
0
0
0
0
0
0
64
248
247
63
0
0
0
0
0
0
0
0
0
0
0
0
0
0
0
16
184
255
163
0
0
0
0
0
0
0
0
0
0
0
0
0
0
0
0
56
243
244
63
0
0
0
0
0
0
0
0
0
0
0
0
0
0
0
0
137
255
156
3
0
0
0
0
0
0
0
0
0
0
0
0
0
0
0
8
159
242
35
0
0
0
0
0
0
0
0
0
0
0
0
0
0
0
0
0
21
59
3
0
0
0
0
0
0
0
0
0
0
0