0
0
0
0
0
0
0
0
0
0
0
0
0
0
0
0
0
0
0
0
0
0
0
0
0
0
0
0
0
28
138
153
77
0
0
0
0
0
0
0
0
0
0
0
0
0
0
0
53
202
255
236
96
0
0
0
0
0
0
0
0
0
0
0
0
0
0
23
215
255
176
41
0
0
0
0
0
0
0
0
0
0
0
0
0
0
0
109
255
243
36
0
0
0
0
0
0
0
0
0
0
0
0
0
0
0
4
221
255
114
0
0
0
0
0
0
0
0
0
0
0
0
0
0
0
2
122
255
201
24
0
0
0
0
0
0
0
0
0
0
0
0
0
0
0
22
201
249
73
0
0
0
0
0
0
0
0
0
0
0
0
0
0
0
0
54
244
236
46
0
0
0
0
0
0
0
0
0
0
0
0
0
0
0
0
55
247
210
7
0
0
0
16
43
37
0
0
0
0
0
0
0
0
0
0
56
248
203
0
0
0
50
203
251
233
43
0
0
0
0
0
0
0
0
0
46
234
235
49
0
11
168
255
241
248
134
0
0
0
0
0
0
0
0
0
14
175
255
201
41
50
246
216
102
235
153
0
0
0
0
0
0
0
0
0
0
37
219
255
218
174
255
215
213
250
68
0
0
0
0
0
0
0
0
0
0
0
55
201
255
255
255
255
243
170
5
0
0
0
0
0
0
0
0
0
0
0
0
19
89
151
185
159
67
3
0
0
0
0
0
0
0
0
0
0
0
0
0
0
0
0
0
0
0
0
0
0
0
0
0
0
0
0
0
0
0
0
0
0
0
0
0
0
0
0
0
0
0
0
0
0
0
0
0
0
0
0
0
0
0
0
0
0
0
0
0
0
0
0
0
0
0
0
0
0
0
0
0
0
0
0
0
0
0
0
0
0
0
0
0