0
0
0
0
0
0
0
0
0
0
0
0
0
0
0
0
0
0
0
0
0
0
0
0
0
0
0
0
0
0
0
0
0
0
0
0
0
0
0
0
0
0
0
0
0
0
0
0
0
0
0
0
3
24
4
0
0
0
0
0
0
0
0
0
0
0
0
0
0
0
0
0
75
231
75
0
0
0
0
0
0
0
0
0
0
0
0
0
0
0
0
9
194
255
83
0
0
0
0
0
0
0
0
0
0
0
0
0
0
0
0
104
255
202
27
0
0
0
0
0
0
0
0
0
0
0
0
0
0
0
24
203
255
104
0
0
0
0
0
0
0
0
0
0
0
0
0
0
0
0
75
255
200
5
0
0
0
0
0
0
0
0
0
0
0
0
0
0
0
9
197
255
103
0
0
0
0
0
0
0
0
0
0
0
0
0
0
0
0
113
255
201
19
0
0
0
0
0
0
0
0
0
0
0
0
0
0
0
42
223
255
105
0
0
0
0
0
0
0
0
0
0
0
0
0
0
0
0
133
255
204
17
0
0
0
0
0
0
0
0
0
0
0
0
0
0
0
44
228
255
99
0
0
0
0
0
0
0
0
0
0
0
0
0
0
0
2
163
255
188
13
0
0
0
0
0
0
0
0
0
0
0
0
0
0
0
76
247
255
73
0
0
0
0
0
0
0
0
0
0
0
0
0
0
0
17
194
255
169
9
0
0
0
0
0
0
0
0
0
0
0
0
0
0
0
92
254
236
55
0
0
0
0
0
0
0
0
0
0
0
0
0
0
0
0
21
39
28
0
0
0
0
0
0
0
0
0
0
0
0
0
0
0
0
0
0
0
0
0
0
0
0
0
0
0
0
0
0
0
0
0
0
0
0
0
0
0
0
0
0
0
0
0
0
0
0
0
0
0
0