0
0
0
0
0
0
0
0
0
0
0
0
0
0
0
0
0
0
0
0
0
0
0
0
0
0
0
0
0
0
0
0
0
0
0
0
0
0
0
0
0
0
0
0
0
0
0
0
0
0
0
0
0
0
0
0
0
0
0
0
0
0
0
0
0
0
0
0
0
0
0
0
0
0
0
0
0
0
0
0
0
0
0
0
0
0
0
0
0
0
0
0
0
0
25
145
91
0
0
0
0
0
0
0
0
0
0
0
0
21
96
154
115
143
217
255
114
0
0
0
0
0
0
0
0
0
0
0
23
174
255
241
240
232
255
212
32
0
0
0
0
0
0
0
0
0
0
6
165
241
81
23
25
161
255
109
0
0
0
0
0
0
0
0
0
0
1
139
247
107
0
0
80
232
133
0
0
0
0
0
0
0
0
0
0
4
130
255
147
1
0
32
219
184
14
0
0
0
0
0
0
0
0
0
16
153
255
124
0
0
40
219
192
27
0
0
0
0
0
0
0
0
0
0
88
255
160
10
0
0
155
236
39
0
0
0
0
0
0
0
0
0
0
0
28
95
13
0
0
78
246
109
0
0
0
0
0
0
0
0
0
0
0
0
0
0
0
0
41
222
208
14
0
0
0
0
0
0
0
0
0
0
0
0
0
0
0
0
153
255
89
0
0
0
0
0
0
0
0
0
0
0
0
0
0
0
0
123
243
68
0
0
0
0
0
0
0
0
0
0
0
0
0
0
0
0
41
239
222
37
0
0
0
0
0
0
0
0
0
0
0
0
0
0
0
0
145
255
183
25
0
0
0
0
0
0
0
0
0
0
0
0
0
0
0
0
78
136
21
0
0
0
0
0
0
0
0
0
0
0
0
0
0
0
0
0
0
0
0
0
0
0
0
0
0
0
0
0
0
0