0
0
0
0
0
0
0
0
0
0
0
0
0
0
0
0
0
0
0
0
0
0
0
0
0
0
0
0
0
0
0
0
0
0
0
0
0
0
0
0
0
0
0
0
0
0
0
0
14
26
36
37
38
32
3
0
0
0
0
0
0
0
0
0
0
0
0
70
194
233
255
255
255
251
121
0
0
0
0
0
0
0
0
0
0
0
0
173
228
157
156
91
91
233
233
40
0
0
0
0
0
0
0
0
0
0
22
203
123
0
0
0
0
167
255
95
0
0
0
0
0
0
0
0
0
0
45
204
54
0
0
0
0
149
255
96
0
0
0
0
0
0
0
0
0
0
3
44
5
0
0
0
0
123
255
91
0
0
0
0
0
0
0
0
0
0
0
0
0
0
0
0
42
226
231
31
0
0
0
0
0
0
0
0
0
0
0
0
0
0
0
0
81
255
222
5
0
0
0
0
0
0
0
0
0
0
0
0
0
0
0
0
81
255
149
0
0
0
0
0
0
0
0
0
24
65
124
170
129
72
29
0
155
228
42
0
0
0
0
0
0
0
0
0
124
238
238
246
235
223
220
190
255
163
0
0
0
0
0
0
0
0
0
2
187
228
74
46
50
54
199
255
249
131
0
0
0
0
0
0
0
0
0
0
114
244
82
0
0
13
194
253
102
34
0
0
0
0
0
0
0
0
0
0
35
208
241
136
89
204
240
110
0
0
0
0
0
0
0
0
0
0
0
0
0
47
175
254
255
215
65
3
0
0
0
0
0
0
0
0
0
0
0
0
0
0
9
34
38
20
0
0
0
0
0
0
0
0
0
0
0
0
0
0
0
0
0
0
0
0
0
0
0
0
0
0
0
0
0
0
0
0
0
0
0
0
0
0
0
0
0
0
0
0
0
0
0
0
0
0