0
0
0
0
0
0
0
0
0
0
0
0
0
0
0
0
0
0
0
0
0
0
0
0
0
0
0
0
13
96
112
58
7
0
0
0
0
0
0
0
0
0
0
0
0
0
0
0
20
179
230
240
200
59
0
0
0
0
0
0
0
0
0
0
0
0
0
0
0
0
18
116
229
227
64
0
0
0
0
0
0
0
0
0
0
0
0
0
0
0
0
0
70
246
207
12
0
0
0
0
0
0
0
0
0
0
0
0
0
0
0
0
0
139
255
50
0
0
0
0
0
0
0
0
0
0
0
0
0
0
0
0
0
57
236
151
0
0
0
0
0
0
0
0
0
0
0
0
0
0
0
0
0
53
238
187
0
0
0
0
0
0
0
0
0
0
0
0
0
0
0
0
0
105
255
156
0
0
0
0
0
0
0
0
0
0
0
0
0
0
0
0
3
159
249
51
0
0
0
0
0
0
0
0
12
58
67
65
26
0
0
0
88
251
106
0
0
0
0
0
0
0
0
0
138
255
255
255
207
154
68
62
208
186
38
35
6
0
0
0
0
0
0
53
233
140
61
67
141
217
240
247
255
224
213
147
10
0
0
0
0
0
0
87
252
88
0
0
33
129
255
212
114
107
94
6
0
0
0
0
0
0
0
39
203
236
191
198
224
243
151
25
0
0
0
0
0
0
0
0
0
0
0
0
49
133
168
196
137
43
0
0
0
0
0
0
0
0
0
0
0
0
0
0
0
0
0
0
0
0
0
0
0
0
0
0
0
0
0
0
0
0
0
0
0
0
0
0
0
0
0
0
0
0
0
0
0
0
0
0
0
0
0
0
0
0
0
0
0
0
0
0
0
0
0
0
0
0
0
0
0
0
0
0
0
0
0
0
0
0
0
0
0
0
0
0
0
0
0
0