0
0
0
0
0
0
0
0
0
0
0
0
0
0
0
0
0
0
0
0
0
0
0
0
0
0
0
0
0
0
0
0
0
0
0
0
0
0
0
0
0
0
0
0
0
0
0
18
37
36
37
13
0
0
0
0
0
0
0
0
0
0
0
0
0
0
0
133
255
255
255
186
83
0
0
0
0
0
0
0
0
0
0
0
0
0
0
105
253
212
212
255
252
100
0
0
0
0
0
0
0
0
0
0
0
0
0
8
53
22
14
112
252
219
35
0
0
0
0
0
0
0
0
0
0
0
0
0
0
0
4
125
255
207
28
0
0
0
0
0
0
0
0
0
0
0
0
7
25
54
168
252
233
48
0
0
0
0
0
0
0
0
0
0
0
0
32
163
231
255
255
255
232
46
1
0
0
0
0
0
0
0
0
0
0
0
88
255
255
253
226
193
224
213
51
0
0
0
0
0
0
0
0
0
0
0
71
203
174
93
33
0
54
255
180
2
0
0
0
0
0
0
0
0
0
0
10
28
3
0
0
0
60
255
204
5
0
0
0
0
0
0
0
0
0
0
0
0
0
0
0
116
236
250
90
0
0
0
0
0
0
0
0
0
0
0
0
0
0
23
136
249
255
183
23
0
0
0
0
0
0
0
0
0
13
52
53
48
84
195
255
255
206
27
0
0
0
0
0
0
0
0
0
0
62
249
249
247
252
255
245
146
32
0
0
0
0
0
0
0
0
0
0
0
20
145
253
255
250
174
71
5
0
0
0
0
0
0
0
0
0
0
0
0
0
2
34
37
33
9
0
0
0
0
0
0
0
0
0
0
0
0
0
0
0
0
0
0
0
0
0
0
0
0
0
0
0
0
0
0
0
0
0
0
0
0
0
0
0
0
0
0
0
0
0
0
0
0
0
0