0
0
0
0
0
0
0
0
0
0
0
0
0
0
0
0
0
0
0
0
0
0
0
0
0
0
0
0
0
0
0
0
0
0
0
0
0
0
0
0
0
0
0
0
0
0
0
0
0
0
9
35
4
0
0
0
0
0
0
0
0
0
0
0
0
0
0
0
0
0
68
255
101
0
0
0
0
0
0
0
0
0
0
0
0
0
0
0
0
0
65
255
151
0
0
0
0
0
0
0
0
0
0
0
0
0
0
0
0
0
65
255
159
0
0
0
0
0
0
0
0
0
0
0
0
0
0
0
0
0
90
255
163
0
0
0
0
0
0
0
0
0
0
0
0
0
0
0
0
28
218
255
79
0
0
0
0
0
0
0
0
0
0
0
0
0
0
0
0
47
253
226
36
0
0
0
0
0
0
0
0
0
0
0
0
0
0
0
0
100
255
168
5
0
0
0
0
0
0
0
0
0
0
0
0
0
0
0
1
163
255
152
1
0
0
0
0
0
0
0
0
0
0
0
0
0
0
0
29
216
255
104
0
0
0
0
0
0
0
0
0
0
0
0
0
0
0
0
102
255
200
13
0
0
0
0
0
0
0
0
0
0
0
0
0
0
0
16
208
255
132
0
0
0
0
0
0
0
0
0
0
0
0
0
0
0
0
78
251
225
34
0
0
0
0
0
0
0
0
0
0
0
0
0
0
0
12
190
255
117
0
0
0
0
0
0
0
0
0
0
0
0
0
0
0
0
26
209
204
39
0
0
0
0
0
0
0
0
0
0
0
0
0
0
0
0
0
26
24
2
0
0
0
0
0
0
0
0
0
0
0
0
0
0
0
0
0
0
0
0
0
0
0
0
0
0
0
0
0
0
0
0
0
0
0
0
0
0
0
0
0
0
0
0
0
0
0
0
0
0