0
0
0
0
0
0
0
0
0
0
0
0
0
0
0
0
0
0
0
0
0
0
0
0
0
0
0
0
0
0
0
0
0
0
0
0
0
0
0
0
0
0
0
0
0
0
0
0
0
0
0
0
0
0
0
0
0
0
0
0
0
0
0
0
0
0
0
0
0
0
0
0
0
0
0
0
0
0
0
0
0
0
0
0
0
0
0
0
0
0
0
23
150
148
21
0
0
0
0
0
0
0
0
0
0
0
0
0
0
0
76
210
217
233
87
0
0
0
0
0
0
0
0
0
0
0
0
0
0
83
221
109
53
213
67
0
0
0
0
0
0
0
0
0
0
0
0
0
115
232
138
31
87
232
89
14
0
0
0
0
0
0
0
0
0
0
0
98
242
116
91
189
202
180
228
61
0
0
0
0
0
0
0
0
0
0
56
239
142
2
177
255
172
232
155
1
0
0
0
0
0
0
0
0
0
3
165
189
4
0
162
239
247
193
22
0
0
0
0
0
0
0
0
0
0
46
237
67
8
85
170
253
215
39
0
0
0
0
0
0
0
0
0
0
0
29
210
200
202
209
224
243
54
0
0
0
0
0
0
0
0
0
0
0
0
0
72
157
117
99
225
107
0
0
0
0
0
0
0
0
0
0
0
0
0
0
0
0
1
199
174
3
0
0
0
0
0
0
0
0
0
0
0
0
0
0
0
0
134
246
48
0
0
0
0
0
0
0
0
0
0
0
0
0
0
0
0
42
239
122
0
0
0
0
0
0
0
0
0
0
0
0
0
0
0
0
0
172
204
16
0
0
0
0
0
0
0
0
0
0
0
0
0
0
0
0
6
129
82
0
0
0
0
0
0
0
0
0
0
0
0
0
0
0
0
0
0
0
0
0
0
0
0
0
0
0
0
0
0
0