0
0
0
0
0
0
0
0
0
0
0
0
0
0
0
0
0
0
0
0
0
0
0
0
0
0
0
0
0
0
0
0
0
0
0
0
0
0
0
0
0
0
0
0
0
0
0
0
0
0
0
0
0
0
0
0
0
0
0
0
0
0
0
0
0
0
0
0
30
95
78
14
0
0
0
0
0
0
0
0
0
0
0
0
0
0
61
185
214
249
240
179
19
0
0
0
0
0
0
0
0
0
0
0
9
150
246
184
104
29
51
238
128
0
0
0
0
0
0
0
0
0
0
0
86
250
106
0
0
0
24
210
137
0
0
0
0
0
0
0
0
0
0
0
22
108
18
0
0
0
105
246
70
0
0
0
0
0
0
0
0
0
0
0
0
0
0
0
1
65
209
226
81
5
0
0
0
0
0
0
0
0
0
0
0
0
0
9
152
250
229
157
233
145
3
0
0
0
0
0
0
0
0
0
0
0
0
30
205
153
40
0
60
216
96
0
0
0
0
0
0
0
0
0
0
0
0
4
6
0
0
0
0
127
198
2
0
0
0
0
0
0
0
0
0
0
0
0
0
0
0
0
0
108
255
80
0
0
0
0
0
0
0
0
0
0
0
0
0
0
0
0
0
107
255
36
0
0
0
0
0
0
0
0
4
34
0
0
0
0
0
0
0
148
194
0
0
0
0
0
0
0
0
0
18
194
5
0
0
0
0
51
197
255
91
0
0
0
0
0
0
0
0
0
2
172
197
74
48
130
167
251
229
105
6
0
0
0
0
0
0
0
0
0
0
18
146
206
199
221
148
78
17
0
0
0
0
0
0
0
0
0
0
0
0
0
0
0
0
0
0
0
0
0
0
0
0
0
0
0
0
0
0
0
0
0
0
0
0
0
0
0
0
0
0
0
0
0
0
0