0
0
0
0
0
0
0
0
0
0
0
0
0
0
0
0
0
0
0
0
0
0
0
0
0
0
0
0
0
0
0
0
0
0
0
0
0
0
0
0
0
0
0
0
0
0
0
0
0
0
0
0
6
23
0
0
0
0
0
0
0
0
0
0
0
0
0
0
0
0
0
0
128
184
10
0
0
0
0
0
0
0
0
0
0
0
0
0
0
0
3
87
251
198
17
0
0
0
0
0
0
0
0
0
0
0
0
0
0
37
189
251
209
235
121
0
0
0
0
0
0
0
0
0
0
0
0
0
0
113
223
114
15
153
209
4
0
0
0
0
0
0
0
0
0
0
0
0
0
17
22
0
23
216
165
0
0
0
0
0
0
0
0
0
0
0
0
0
0
0
0
36
186
215
42
0
0
0
0
0
0
0
0
0
0
0
0
0
11
100
157
221
198
45
0
0
0
0
0
0
0
0
0
0
0
0
0
0
27
170
226
255
84
0
0
0
0
0
0
0
0
0
0
0
0
0
0
0
0
9
46
211
94
0
0
0
0
0
0
0
0
0
0
0
0
22
123
91
0
0
24
213
94
0
0
0
0
0
0
0
0
0
0
0
0
142
189
54
0
0
73
234
71
0
0
0
0
0
0
0
0
0
0
0
2
174
106
0
0
50
220
166
4
0
0
0
0
0
0
0
0
0
0
0
0
111
203
52
98
234
196
32
0
0
0
0
0
0
0
0
0
0
0
0
0
26
182
243
246
158
28
0
0
0
0
0
0
0
0
0
0
0
0
0
0
0
13
40
33
6
0
0
0
0
0
0
0
0
0
0
0
0
0
0
0
0
0
0
0
0
0
0
0
0
0
0
0
0
0
0
0
0
0
0
0
0
0
0
0
0
0
0
0
0
0
0
0
0
0
0