0
0
0
0
0
0
0
0
0
0
0
0
0
0
0
0
0
0
0
0
0
0
0
0
0
0
0
0
0
0
0
0
0
0
0
0
0
0
0
0
0
0
0
0
0
0
0
8
137
227
173
163
143
76
2
0
0
0
0
0
0
0
0
0
0
0
0
133
235
236
204
198
244
255
93
0
0
0
0
0
0
0
0
0
0
0
0
64
61
46
25
18
74
224
226
44
0
0
0
0
0
0
0
0
0
0
0
0
0
0
0
0
0
125
255
121
0
0
0
0
0
0
0
0
0
0
0
0
0
0
0
0
0
94
255
146
0
0
0
0
0
0
0
0
0
0
0
0
0
0
0
0
0
119
255
83
0
0
0
0
0
0
0
0
0
0
0
0
0
0
0
0
4
175
255
60
0
0
0
0
0
0
0
0
0
3
24
63
43
11
0
0
100
253
145
6
0
0
0
0
0
0
0
0
7
139
251
253
255
212
122
70
218
227
43
0
0
0
0
0
0
0
0
0
106
255
183
112
131
191
255
237
234
61
0
0
0
0
0
0
0
0
0
68
241
181
14
0
0
42
240
255
247
93
0
0
0
0
0
0
0
0
0
110
255
132
0
0
47
204
247
165
217
255
146
63
67
59
0
0
0
0
0
37
221
142
8
103
226
240
84
3
45
162
241
231
233
137
0
0
0
0
0
0
146
249
233
229
197
74
0
0
0
0
31
45
44
11
0
0
0
0
0
0
32
108
112
58
8
0
0
0
0
0
0
0
0
0
0
0
0
0
0
0
0
0
0
0
0
0
0
0
0
0
0
0
0
0
0
0
0
0
0
0
0
0
0
0
0
0
0
0
0
0
0
0
0
0
0
0
0
0
0
0
0
0
0
0
0
0
0
0
0
0
0
0
0
0
0
0