0
0
0
0
0
0
0
0
0
0
0
0
0
0
0
0
0
0
0
0
0
0
0
0
0
0
0
0
0
0
0
0
0
0
0
0
0
0
0
0
0
0
0
0
0
0
0
0
0
0
0
0
0
0
0
0
0
0
0
0
0
0
0
0
0
0
10
39
79
111
111
79
38
2
0
0
0
0
0
0
0
0
0
0
0
0
55
208
253
255
255
248
215
180
100
11
0
0
0
0
0
0
0
0
0
0
52
234
221
178
155
226
255
255
237
39
0
0
0
0
0
0
0
0
0
0
6
71
36
2
17
192
255
255
134
1
0
0
0
0
0
0
0
0
0
0
0
0
0
66
221
255
255
148
18
0
0
0
0
0
0
0
0
0
0
0
0
3
132
247
255
238
150
15
0
0
0
0
0
0
0
0
0
0
0
0
0
3
161
255
255
203
39
0
0
0
0
0
0
0
0
0
0
0
0
0
0
0
71
230
255
252
218
53
0
0
0
0
0
0
0
0
0
0
0
0
0
0
0
66
188
255
255
178
23
0
0
0
0
0
0
0
0
0
0
0
0
0
0
0
24
180
255
251
73
0
0
0
0
0
0
0
0
0
0
0
0
0
0
0
0
121
255
255
91
0
0
0
0
0
0
0
0
0
0
0
3
4
0
37
112
226
255
246
68
0
0
0
0
0
0
0
0
0
47
122
185
191
179
239
255
255
238
95
0
0
0
0
0
0
0
0
0
0
104
255
255
255
255
245
222
150
71
0
0
0
0
0
0
0
0
0
0
0
23
135
136
116
92
36
23
2
0
0
0
0
0
0
0
0
0
0
0
0
0
0
0
0
0
0
0
0
0
0
0
0
0
0
0
0
0
0
0
0
0
0
0
0
0
0
0
0
0
0
0
0
0
0
0
0