0
0
0
0
0
0
0
0
0
0
0
0
0
0
0
0
0
0
0
0
0
0
0
0
0
0
0
0
0
0
0
0
0
0
0
0
0
0
0
0
0
0
0
0
0
0
0
0
0
0
0
0
0
0
0
0
0
0
0
0
0
0
0
0
0
0
0
0
0
18
35
29
83
0
0
0
0
0
0
0
0
0
0
0
0
0
0
0
56
202
219
209
230
27
0
0
0
0
0
0
0
0
0
0
0
0
0
32
203
203
107
195
230
0
0
0
0
0
0
0
0
0
0
0
0
0
0
172
193
84
83
165
186
0
0
0
0
0
0
0
0
0
0
0
0
0
49
239
103
21
84
204
92
0
0
0
0
0
0
0
0
0
0
0
0
0
32
225
136
0
27
219
66
0
0
0
0
0
0
0
0
0
0
0
0
0
0
157
251
155
59
230
66
0
0
0
0
0
0
0
0
0
0
0
0
0
0
2
92
228
229
216
27
0
0
0
0
0
0
0
0
0
0
0
0
0
0
0
0
62
242
200
18
0
0
0
0
0
0
0
0
0
0
0
0
0
0
0
0
38
230
251
69
0
0
0
0
0
0
0
0
0
0
0
0
0
0
0
0
108
185
201
145
0
0
0
0
0
0
0
0
0
0
0
0
0
0
0
18
196
148
177
156
0
0
0
0
0
0
0
0
0
0
0
0
0
0
2
157
206
50
211
103
0
0
0
0
0
0
0
0
0
0
0
0
0
0
29
240
139
147
219
33
0
0
0
0
0
0
0
0
0
0
0
0
0
0
25
203
207
180
47
0
0
0
0
0
0
0
0
0
0
0
0
0
0
0
0
0
0
0
0
0
0
0
0
0
0
0
0
0
0
0
0
0
0
0
0
0
0
0
0
0
0
0
0
0
0
0
0