0
0
0
0
0
0
0
0
0
0
0
0
0
0
0
0
0
0
0
0
0
0
0
0
0
0
0
0
0
0
0
0
49
128
21
0
0
0
0
0
0
0
0
0
0
0
0
0
0
0
0
17
212
224
33
0
0
0
0
0
0
0
0
0
0
0
0
0
0
0
52
182
253
104
0
0
0
0
0
0
0
0
0
0
0
0
0
0
0
34
212
255
158
7
0
0
0
0
0
0
0
0
0
0
0
0
0
0
15
159
255
201
21
0
0
0
0
0
0
0
0
0
0
0
0
0
0
0
92
255
203
36
0
0
0
0
0
0
0
0
0
0
0
0
0
0
0
28
199
255
97
0
0
0
0
0
0
0
0
0
0
0
0
0
0
0
0
160
255
160
1
10
80
154
146
31
0
0
0
0
0
0
0
0
0
0
54
238
235
53
35
188
242
247
255
121
0
0
0
0
0
0
0
0
0
0
147
255
139
0
148
255
172
48
224
147
0
0
0
0
0
0
0
0
0
4
173
255
79
48
249
229
27
33
222
148
0
0
0
0
0
0
0
0
0
40
225
217
0
142
255
106
30
182
161
33
0
0
0
0
0
0
0
0
0
49
238
221
75
208
255
184
217
125
0
0
0
0
0
0
0
0
0
0
0
15
185
255
254
255
255
255
213
31
0
0
0
0
0
0
0
0
0
0
0
0
63
175
186
182
185
144
18
0
0
0
0
0
0
0
0
0
0
0
0
0
0
0
0
0
0
0
0
0
0
0
0
0
0
0
0
0
0
0
0
0
0
0
0
0
0
0
0
0
0
0
0
0
0
0
0
0
0
0
0
0
0
0
0
0
0
0
0
0
0
0
0
0
0
0
0
0
0
0
0
0
0
0
0
0
0
0
0
0
0
0
0
0
0
0