0
0
0
0
0
0
0
0
0
0
0
0
0
0
0
0
0
0
0
0
0
0
0
0
0
0
0
0
0
0
0
0
0
0
0
0
0
0
0
0
0
0
0
0
0
0
0
0
0
0
0
0
0
0
0
0
0
0
0
0
0
0
0
0
0
0
0
0
0
0
0
0
19
86
103
31
0
0
0
0
0
0
0
0
0
0
0
0
0
0
0
28
187
251
255
167
12
0
0
0
0
0
0
0
0
0
0
0
0
0
17
164
235
68
124
236
61
0
0
0
0
0
0
0
0
0
0
0
0
0
115
255
213
38
175
222
40
0
0
0
0
0
0
0
0
0
0
0
0
31
230
255
251
239
228
59
0
0
0
0
0
0
0
0
0
0
0
0
15
155
255
238
234
246
88
0
0
0
0
0
0
0
0
0
0
0
0
5
159
255
226
105
209
113
0
0
0
0
0
0
0
0
0
0
0
0
0
115
255
255
156
32
139
0
0
0
0
0
0
0
0
0
0
0
0
0
117
255
247
246
99
0
14
0
0
0
0
0
0
0
0
0
0
0
0
111
255
201
107
228
45
0
0
0
0
0
0
0
0
0
0
0
0
0
55
249
255
67
93
255
40
0
0
0
0
0
0
0
0
0
0
0
0
8
174
255
153
0
100
240
26
0
0
0
0
0
0
0
0
0
0
0
0
35
224
196
17
0
100
220
7
0
0
0
0
0
0
0
0
0
0
0
0
62
240
124
0
0
141
224
7
0
0
0
0
0
0
0
0
0
0
0
0
32
189
126
0
54
202
169
3
0
0
0
0
0
0
0
0
0
0
0
0
0
0
0
0
0
0
0
0
0
0
0
0
0
0
0
0
0
0
0
0
0
0
0
0
0
0
0
0
0
0
0
0
0
0
0
0
0