0
0
0
0
0
0
0
0
0
0
0
0
0
0
0
0
0
0
0
0
0
0
0
0
0
0
0
0
0
0
0
0
0
0
0
0
0
0
0
0
0
0
0
0
0
0
0
0
2
9
29
37
7
0
0
0
0
0
0
0
0
0
0
0
0
0
0
0
80
188
244
255
163
38
0
0
0
0
0
0
0
0
0
0
0
0
0
0
64
115
119
216
255
115
0
0
0
0
0
0
0
0
0
0
0
0
0
0
0
0
18
203
255
83
0
0
0
0
0
0
0
0
0
0
0
0
0
0
0
5
153
255
163
5
0
0
0
0
0
0
0
0
0
0
0
0
0
0
10
154
243
144
18
0
0
0
0
0
0
0
0
0
0
0
0
0
0
35
157
246
99
0
0
0
0
0
0
0
0
0
0
0
0
0
0
0
0
133
255
164
0
0
0
0
0
0
0
0
0
0
0
0
0
0
0
0
78
247
190
16
0
0
0
0
0
0
0
0
0
0
0
0
0
0
0
5
176
247
60
0
0
0
0
0
0
0
0
0
0
0
0
0
0
0
0
5
177
224
0
0
0
0
0
0
0
0
5
0
0
0
0
0
0
0
0
5
176
229
3
0
0
0
0
0
12
85
42
0
0
0
0
0
0
0
0
5
176
255
146
29
4
4
54
125
194
140
12
0
0
0
0
0
0
0
0
2
99
233
255
224
204
209
245
218
110
4
0
0
0
0
0
0
0
0
0
0
0
60
161
249
253
172
100
46
0
0
0
0
0
0
0
0
0
0
0
0
0
0
5
32
33
8
0
0
0
0
0
0
0
0
0
0
0
0
0
0
0
0
0
0
0
0
0
0
0
0
0
0
0
0
0
0
0
0
0
0
0
0
0
0
0
0
0
0
0
0
0
0
0
0