0
0
0
0
0
0
0
0
0
0
0
0
0
0
0
0
0
0
0
0
0
0
0
0
0
0
0
0
0
0
0
0
0
0
0
0
0
0
0
0
0
0
0
0
0
0
0
0
0
0
0
0
0
0
0
0
0
0
0
0
0
0
0
0
0
0
0
0
0
0
6
76
96
9
0
0
0
0
0
0
0
0
0
0
0
0
0
0
0
0
132
251
251
65
0
0
0
0
0
0
0
0
0
0
0
0
0
0
0
0
125
255
243
72
0
0
0
0
0
0
0
0
0
0
0
0
0
0
0
0
92
255
210
15
0
0
0
0
0
0
0
0
0
0
0
0
0
0
0
3
183
240
68
0
0
0
0
0
0
0
0
0
0
0
0
0
0
0
0
43
239
162
0
0
0
0
0
0
0
0
0
0
0
0
0
0
0
0
0
144
255
122
0
0
0
0
0
0
0
0
0
0
0
0
0
0
0
0
0
186
227
47
0
0
0
0
0
0
0
0
0
0
0
0
0
0
0
0
64
239
178
0
0
0
0
0
0
0
0
0
0
0
0
0
0
0
0
0
132
255
133
0
0
0
0
0
0
0
0
0
0
0
0
0
0
0
0
14
205
210
31
0
0
0
0
0
0
0
0
0
0
0
0
0
0
0
0
71
255
100
0
0
0
0
0
0
0
0
0
0
0
0
0
0
0
0
0
179
255
68
0
0
0
0
0
0
0
0
0
0
0
0
0
0
0
0
35
239
172
6
0
0
0
0
0
0
0
0
0
0
0
0
0
0
0
0
69
202
69
0
0
0
0
0
0
0
0
0
0
0
0
0
0
0
0
0
0
0
0
0
0
0
0
0
0
0
0
0
0
0
0
0
0
0
0
0
0
0
0
0
0
0
0
0
0
0
0
0
0
0