0
0
0
0
0
0
0
0
0
0
0
0
0
0
0
0
0
0
0
0
0
0
0
0
0
0
0
0
0
0
0
0
0
0
0
0
0
0
0
0
0
0
0
0
0
0
0
34
126
193
224
195
40
0
0
0
0
0
0
0
0
0
0
0
0
0
27
206
255
255
255
255
218
61
0
0
0
0
0
0
0
0
0
0
0
0
77
255
213
89
75
168
255
165
5
0
0
0
0
0
0
0
0
0
0
0
54
150
4
0
0
21
231
255
67
0
0
0
0
0
0
0
0
0
0
0
0
0
0
0
0
0
192
255
95
0
0
0
0
0
0
0
0
0
0
0
0
0
0
0
0
0
132
255
154
0
0
0
0
0
0
0
0
0
0
0
0
0
0
0
0
0
124
255
159
0
0
0
0
0
0
0
0
0
0
0
0
0
0
0
0
0
161
255
159
0
0
0
0
0
0
0
0
0
0
0
0
0
0
0
0
67
241
253
94
0
0
0
0
0
0
0
0
0
0
0
36
139
147
142
124
229
255
172
0
0
0
0
0
0
0
0
0
0
0
115
238
255
255
255
255
255
216
38
0
0
0
0
0
0
0
0
0
0
10
250
255
255
254
255
255
255
167
4
0
0
0
0
0
0
0
0
0
0
9
242
255
255
255
255
229
234
255
90
0
0
0
0
0
0
0
0
0
0
0
104
255
250
211
115
1
79
251
198
14
0
0
0
0
0
0
0
0
0
0
17
100
83
21
0
0
0
72
92
13
0
0
0
0
0
0
0
0
0
0
0
0
0
0
0
0
0
0
0
0
0
0
0
0
0
0
0
0
0
0
0
0
0
0
0
0
0
0
0
0
0
0
0
0
0
0
0
0
0
0
0
0
0
0
0
0
0
0
0
0
0
0
0
0
0