0
0
0
0
0
0
0
0
0
0
0
0
0
0
0
0
0
0
0
0
0
0
0
0
0
0
0
0
0
0
0
0
0
0
0
0
0
0
0
0
0
0
0
0
0
0
0
0
0
0
0
0
0
0
0
0
0
0
0
0
0
0
0
0
0
0
0
0
0
0
0
0
0
58
48
0
0
0
0
0
0
0
0
0
0
0
0
0
0
0
0
0
35
225
187
5
0
0
0
0
0
0
0
0
0
0
0
0
13
13
0
0
70
255
249
26
0
0
0
0
0
0
0
0
0
0
0
94
191
184
25
0
77
255
221
17
0
0
0
0
0
0
0
0
0
2
94
246
209
99
9
0
167
255
81
0
0
0
0
0
0
0
0
0
0
64
255
194
22
0
0
53
246
173
2
0
0
0
0
0
0
0
0
0
0
166
255
66
0
0
13
179
246
70
11
23
0
0
0
0
0
0
0
0
74
251
248
127
99
98
140
252
255
235
248
172
1
0
0
0
0
0
0
37
219
255
255
255
255
255
255
251
179
139
147
75
0
0
0
0
0
0
0
15
136
124
74
45
29
135
255
152
9
0
0
0
0
0
0
0
0
0
0
0
0
0
0
0
37
217
202
29
0
0
0
0
0
0
0
0
0
0
0
0
0
0
0
0
123
255
92
0
0
0
0
0
0
0
0
0
0
0
0
0
0
0
0
25
226
196
12
0
0
0
0
0
0
0
0
0
0
0
0
0
0
0
0
49
255
107
0
0
0
0
0
0
0
0
0
0
0
0
0
0
0
0
0
39
212
62
0
0
0
0
0
0
0
0
0
0
0
0
0
0
0
0
0
0
0
0
0
0
0
0
0
0
0
0
0
0
0
0
0
0
0
0
0
0
0
0
0
0
0
0
0
0
0
0
0
0