0
0
0
0
0
0
0
0
0
0
0
0
0
0
0
0
0
0
0
0
0
0
0
0
0
0
0
0
0
0
0
0
0
0
0
0
0
0
0
0
0
0
0
0
0
0
0
0
0
0
0
0
0
0
0
0
0
0
0
0
0
0
0
0
0
0
0
0
0
78
113
50
0
0
0
0
0
0
0
0
0
0
0
0
0
0
0
0
0
192
255
185
9
0
0
0
0
0
0
0
0
0
0
0
0
0
0
0
0
182
255
255
50
0
0
0
0
0
0
0
0
0
0
0
0
0
0
0
0
182
255
255
123
0
0
0
0
0
0
0
0
0
0
0
0
0
0
0
0
182
255
255
140
0
0
0
0
0
0
0
0
0
0
0
0
0
0
0
0
182
255
255
138
0
0
0
0
0
0
0
0
0
0
0
0
0
0
0
0
183
255
255
139
0
0
0
0
0
0
0
0
0
0
0
0
0
0
0
0
182
255
255
138
0
0
0
0
0
0
0
0
0
0
0
0
0
0
0
0
182
255
255
140
0
0
0
0
0
0
0
0
0
0
0
0
0
0
0
0
181
255
255
51
0
0
0
0
0
0
0
0
0
0
0
0
0
0
0
9
196
255
231
25
0
0
0
0
0
0
0
0
0
0
0
0
0
0
0
54
228
255
175
9
0
0
0
0
0
0
0
0
0
0
0
0
0
0
0
58
232
255
171
7
0
0
0
0
0
0
0
0
0
0
0
0
0
0
0
52
231
255
175
8
0
0
0
0
0
0
0
0
0
0
0
0
0
0
0
0
164
207
85
2
0
0
0
0
0
0
0
0
0
0
0
0
0
0
0
0
0
0
0
0
0
0
0
0
0
0
0
0
0
0
0
0
0
0
0
0
0
0
0
0
0
0
0
0
0
0
0