0
0
0
0
0
0
0
0
0
0
0
0
0
0
0
0
0
0
0
0
0
0
0
0
0
0
0
0
0
0
0
0
0
0
0
0
0
0
0
0
0
0
0
0
0
0
0
0
0
0
0
0
0
0
0
0
0
0
0
0
0
0
0
0
0
0
0
0
0
0
2
69
74
0
0
0
0
0
0
0
0
0
0
0
0
0
0
0
0
30
143
251
181
0
0
0
0
0
0
0
0
0
0
0
0
0
0
0
71
199
255
190
48
0
0
8
23
0
0
0
0
0
0
0
0
0
0
82
228
255
151
16
0
0
32
162
174
14
0
0
0
0
0
0
0
0
112
245
251
128
5
0
0
1
167
255
143
1
0
0
0
0
0
0
17
162
252
255
210
51
0
0
0
96
250
214
19
0
0
0
0
0
0
0
146
255
251
245
248
223
72
0
95
237
251
58
0
0
0
0
0
0
0
14
161
145
62
21
67
229
202
109
236
255
105
0
0
0
0
0
0
0
0
1
8
0
0
0
0
107
254
253
255
222
35
0
0
0
0
0
0
0
0
0
0
0
0
0
0
24
234
255
224
75
0
0
0
0
0
0
0
0
0
0
0
0
0
0
11
152
255
213
41
0
0
0
0
0
0
0
0
0
0
0
0
0
0
3
137
255
233
69
0
0
0
0
0
0
0
0
0
0
0
0
0
0
0
148
255
241
58
0
0
0
0
0
0
0
0
0
0
0
0
0
0
5
125
255
255
136
0
0
0
0
0
0
0
0
0
0
0
0
0
0
0
0
132
220
122
13
0
0
0
0
0
0
0
0
0
0
0
0
0
0
0
0
0
0
0
0
0
0
0
0
0
0
0
0
0
0
0
0
0
0
0
0
0
0
0
0
0
0
0
0
0
0
0
0
0
0