0
0
0
0
0
0
0
0
0
0
0
0
0
0
0
0
0
0
0
0
0
0
0
0
0
0
0
0
0
0
0
0
0
0
0
0
0
0
0
0
0
0
0
0
0
0
0
0
3
32
30
17
4
0
0
0
0
0
0
0
0
0
0
0
0
0
0
32
145
247
241
203
145
6
0
0
0
0
0
0
0
0
0
0
0
0
47
203
255
255
254
255
218
26
0
0
0
0
0
0
0
0
0
0
0
83
226
255
246
189
95
111
210
222
149
64
0
0
0
0
0
0
0
0
3
179
255
255
155
5
0
31
161
255
255
236
52
0
0
0
0
0
0
0
12
214
255
234
56
0
77
208
254
251
220
174
49
0
0
0
0
0
0
0
1
171
255
234
129
170
249
255
253
135
26
0
0
0
0
0
0
0
0
0
0
112
254
255
255
255
255
180
80
5
0
0
0
0
0
0
0
0
0
0
0
4
137
253
254
253
255
181
59
5
0
0
0
0
0
0
0
0
0
0
0
0
53
235
255
255
255
255
244
136
11
0
0
0
0
0
0
0
0
0
0
0
113
255
244
103
102
209
255
255
172
11
0
0
0
0
0
0
0
0
0
0
162
255
243
58
0
10
178
255
255
83
0
0
0
0
0
0
0
0
0
0
87
247
255
110
15
110
214
255
252
85
0
0
0
0
0
0
0
0
0
0
0
175
255
214
231
254
255
246
115
0
0
0
0
0
0
0
0
0
0
0
0
40
172
255
255
255
255
135
3
0
0
0
0
0
0
0
0
0
0
0
0
0
7
36
36
36
34
8
0
0
0
0
0
0
0
0
0
0
0
0
0
0
0
0
0
0
0
0
0
0
0
0
0
0
0
0
0
0
0
0
0
0
0
0
0
0
0
0
0
0
0
0
0
0