0
0
0
0
0
0
0
0
0
0
0
0
0
0
0
0
0
0
0
0
0
0
0
0
0
0
0
0
0
0
0
0
0
22
15
0
68
62
0
0
0
0
0
0
0
0
0
0
0
0
5
9
76
71
4
0
148
77
0
0
0
0
0
0
0
0
0
0
0
0
88
157
126
21
0
54
183
26
0
0
0
0
0
0
0
0
0
1
41
146
197
91
20
0
5
185
127
0
0
0
0
0
0
0
0
0
13
188
249
215
95
8
0
7
170
204
20
0
0
0
0
0
0
0
0
0
18
198
178
32
0
0
0
126
255
96
0
0
0
0
0
0
0
0
0
0
0
19
10
0
0
0
121
223
86
0
0
0
0
0
0
0
0
0
0
0
0
0
0
0
0
82
243
144
0
0
0
0
0
0
0
0
0
0
0
0
0
0
0
0
40
219
214
32
0
0
0
0
0
0
0
0
0
0
0
0
0
0
0
1
186
215
46
0
0
0
0
0
0
0
0
0
0
0
0
0
10
51
82
148
207
68
0
0
0
0
0
0
0
0
0
0
0
0
36
170
224
242
247
255
254
221
91
0
0
0
0
0
0
0
0
0
0
3
187
252
179
205
254
197
124
151
233
63
0
0
0
0
0
0
0
0
0
20
214
205
162
229
189
28
0
36
245
130
0
0
0
0
0
0
0
0
0
0
136
186
177
157
28
0
0
8
164
105
0
0
0
0
0
0
0
0
0
0
0
0
0
0
0
0
0
0
0
0
0
0
0
0
0
0
0
0
0
0
0
0
0
0
0
0
0
0
0
0
0
0
0
0
0
0
0
0
0
0
0
0
0
0
0
0
0
0
0
0
0
0
0
0
0
0
0
0
0
0
0
0
0
0
0
0
0
0
0
0
0
0
0
0
0
0