0
0
0
0
0
0
0
0
0
0
0
0
0
0
0
0
0
0
0
0
0
0
0
0
0
0
0
0
0
0
0
0
0
0
0
0
0
0
0
0
0
0
0
0
0
0
0
0
0
0
24
0
0
0
0
0
0
0
0
0
0
0
0
0
0
0
0
0
0
53
205
32
0
0
0
0
0
0
0
0
0
0
0
0
0
0
0
0
0
111
243
76
0
0
0
0
0
0
0
0
0
0
0
0
0
0
0
0
0
87
254
112
0
0
0
0
0
0
0
0
0
0
0
0
0
0
0
0
0
121
245
75
0
0
0
0
0
0
0
0
0
0
0
0
0
0
0
0
0
161
255
112
0
0
0
0
0
0
0
0
0
0
0
0
0
0
0
0
0
160
250
76
0
0
0
0
0
0
0
0
0
0
0
0
0
0
0
0
11
191
250
76
0
0
0
0
0
0
0
0
0
0
0
0
0
0
0
0
35
218
250
76
0
0
0
0
0
0
0
0
0
0
0
0
0
0
0
0
70
242
247
77
0
0
0
0
0
0
0
0
0
0
0
0
0
0
0
0
89
251
238
65
0
0
0
0
0
0
0
0
0
0
0
0
0
0
0
0
135
255
207
24
0
0
0
0
0
0
0
0
0
0
0
0
0
0
0
0
134
255
206
22
0
0
0
0
0
0
0
0
0
0
0
0
0
0
0
0
134
255
148
0
0
0
0
0
0
0
0
0
0
0
0
0
0
0
0
0
139
245
70
0
0
0
0
0
0
0
0
0
0
0
0
0
0
0
0
0
19
30
4
0
0
0
0
0
0
0
0
0
0
0
0
0
0
0
0
0
0
0
0
0
0
0
0
0
0
0
0
0
0
0
0
0
0
0
0
0
0
0
0
0
0
0
0
0
0
0
0
0