0
0
0
0
0
0
0
0
0
0
0
0
0
0
0
0
0
0
0
0
0
0
0
0
0
0
0
0
0
0
0
0
0
0
0
0
0
0
0
0
0
0
0
0
0
0
0
0
0
0
0
0
0
0
0
0
0
0
0
0
0
0
0
0
0
0
0
0
0
0
0
0
0
0
0
0
0
0
0
0
0
0
0
0
0
0
0
0
2
64
154
195
197
142
10
0
0
0
0
0
0
0
0
0
0
0
0
35
163
246
215
196
193
216
138
29
0
0
0
0
0
0
0
0
0
0
51
214
216
97
24
0
0
95
255
171
0
0
0
0
0
0
0
0
0
17
190
205
36
0
0
0
54
218
241
94
0
0
0
0
0
0
0
0
0
82
228
43
0
0
6
104
247
215
64
0
0
0
0
0
0
0
0
0
0
69
231
102
0
0
98
255
160
30
0
0
0
0
0
0
0
0
0
0
0
6
132
235
128
138
239
156
9
0
0
0
0
0
0
0
0
0
0
0
0
0
0
115
255
255
129
2
0
0
0
0
0
0
0
0
0
0
0
0
0
0
0
157
253
222
117
0
0
0
0
0
0
0
0
0
0
0
0
0
0
0
52
238
135
36
194
66
0
0
0
0
0
0
0
0
0
0
0
0
0
0
84
234
56
0
117
173
7
0
0
0
0
0
0
0
0
0
0
0
0
0
15
177
196
73
11
189
72
0
0
0
0
0
0
0
0
0
0
0
0
0
0
17
93
203
104
191
82
0
0
0
0
0
0
0
0
0
0
0
0
0
0
0
0
111
247
255
69
0
0
0
0
0
0
0
0
0
0
0
0
0
0
0
0
0
95
119
18
0
0
0
0
0
0
0
0
0
0
0
0
0
0
0
0
0
0
0
0
0
0
0
0
0
0
0