0
0
0
0
0
0
0
0
0
0
0
0
0
0
0
0
0
0
0
0
0
0
0
0
0
0
0
0
0
0
0
0
0
0
0
0
0
0
0
0
0
0
0
0
0
0
0
0
0
0
0
0
0
0
0
0
0
0
0
0
0
0
0
0
0
0
0
0
0
0
0
0
0
0
0
0
0
0
0
0
0
0
0
0
0
0
0
0
0
0
5
10
10
10
3
0
0
0
0
0
0
0
0
0
4
102
163
159
159
157
199
248
244
251
139
0
0
0
0
0
0
0
0
0
23
247
255
255
255
255
255
247
252
255
148
0
0
0
0
0
0
0
0
0
3
29
62
102
51
95
75
31
204
255
87
0
0
0
0
0
0
0
0
0
0
0
0
0
0
0
0
91
251
216
37
0
0
0
0
0
0
0
0
0
0
0
0
0
0
0
16
189
255
128
0
0
0
0
0
0
0
0
0
0
0
0
0
0
0
0
64
244
244
70
0
0
0
0
0
0
0
0
0
0
0
0
0
0
0
0
85
255
223
28
0
0
0
0
0
0
0
0
0
0
0
0
0
0
0
7
178
255
132
0
0
0
0
0
0
0
0
0
0
0
0
0
0
0
0
95
255
206
28
0
0
0
0
0
0
0
0
0
0
0
0
0
0
0
21
190
255
135
0
0
0
0
0
0
0
0
0
0
0
0
0
0
0
0
106
255
225
50
0
0
0
0
0
0
0
0
0
0
0
0
0
0
0
2
156
255
185
6
0
0
0
0
0
0
0
0
0
0
0
0
0
0
0
20
208
255
139
0
0
0
0
0
0
0
0
0
0
0
0
0
0
0
0
16
208
225
55
0
0
0
0
0
0
0
0
0
0
0
0
0
0
0
0
2
49
42
0
0
0
0
0
0
0
0
0
0