0
0
0
0
0
0
0
0
0
0
0
0
0
0
0
0
0
0
0
0
0
0
0
0
0
0
0
0
0
0
0
0
0
0
0
0
0
0
0
0
0
0
0
0
0
0
0
0
0
0
0
0
0
0
0
0
0
0
0
0
0
0
0
0
0
0
0
0
0
0
0
0
0
0
0
0
0
0
0
0
0
0
0
0
0
0
2
9
0
0
0
0
20
179
95
0
0
0
0
0
0
0
0
0
0
0
67
211
75
0
0
0
38
255
160
0
0
0
0
0
0
0
0
0
0
0
121
253
92
0
0
0
118
255
98
0
0
0
0
0
0
0
0
0
0
51
227
202
15
0
0
26
217
255
70
0
0
0
0
0
0
0
0
0
33
200
255
90
0
0
12
156
255
214
34
0
0
0
0
0
0
0
0
0
148
255
158
2
0
52
174
255
255
216
36
0
0
0
0
0
0
0
0
41
224
246
99
75
141
244
242
166
234
205
28
0
0
0
0
0
0
0
0
16
194
255
245
255
246
177
71
48
243
167
0
0
0
0
0
0
0
0
0
0
36
93
122
80
46
7
0
70
238
101
0
0
0
0
0
0
0
0
0
0
0
0
0
0
0
0
0
145
231
18
0
0
0
0
0
0
0
0
0
0
0
0
0
0
0
0
38
223
226
11
0
0
0
0
0
0
0
0
0
0
0
0
0
0
0
0
61
250
191
4
0
0
0
0
0
0
0
0
0
0
0
0
0
0
0
0
107
255
207
8
0
0
0
0
0
0
0
0
0
0
0
0
0
0
0
0
117
255
186
4
0
0
0
0
0
0
0
0
0
0
0
0
0
0
0
0
32
126
48
0
0
0
0
0
0
0
0
0
0
0
0
0
0
0
0
0
0
0
0
0
0
0
0
0
0
0