0
0
0
0
0
0
0
0
0
0
0
0
0
0
0
0
0
0
0
0
0
0
0
0
0
0
0
0
0
0
0
0
0
0
0
0
0
0
0
0
0
0
0
0
0
0
0
0
0
0
0
0
0
0
0
0
0
0
0
0
0
0
0
0
0
0
0
0
0
0
0
0
0
0
0
0
0
0
0
0
0
0
0
0
0
0
0
0
0
0
0
0
0
0
0
0
0
0
0
0
0
0
0
0
0
0
0
0
0
1
37
0
3
27
52
84
122
148
107
16
0
0
0
0
0
0
0
0
22
149
186
53
163
210
243
222
171
122
99
23
0
0
0
0
0
0
0
33
194
251
88
18
136
141
87
23
4
0
0
0
0
0
0
0
0
0
47
208
241
89
0
0
0
0
0
0
0
0
0
0
0
0
0
0
0
30
203
251
89
0
0
0
0
0
0
0
0
0
0
0
0
0
0
0
0
56
253
255
197
139
38
0
0
0
0
0
0
0
0
0
0
0
0
0
0
9
86
136
152
188
199
47
0
0
0
0
0
0
0
0
0
0
0
0
13
120
0
0
0
6
164
157
0
0
0
0
0
0
0
0
0
0
0
0
15
182
21
0
0
9
197
197
14
0
0
0
0
0
0
0
0
0
0
0
0
123
178
92
131
197
255
173
9
0
0
0
0
0
0
0
0
0
0
0
0
15
133
205
204
172
82
23
0
0
0
0
0
0
0
0
0
0
0
0
0
0
0
22
17
0
0
0
0
0
0
0
0
0
0
0
0
0
0
0
0
0
0
0
0
0
0
0
0
0
0
0
0
0
0
0
0
0
0
0
0
0
0
0
0
0
0
0
0
0
0
0
0
0
0
0
0
0
0
0
0
0
0
0
0
0
0
0
0
0
0
0
0
0
0
0