0
0
0
0
0
0
0
0
0
0
0
0
0
0
0
0
0
0
0
0
0
0
0
0
0
0
0
0
12
45
49
4
0
0
0
0
0
0
0
0
0
0
0
0
0
0
0
0
0
76
227
161
46
0
0
0
0
0
0
0
0
0
0
0
0
0
0
0
0
9
97
183
215
37
0
0
0
0
0
0
0
0
0
0
0
0
0
0
0
0
0
101
253
105
0
0
0
0
0
0
0
0
0
0
0
0
0
0
0
0
69
210
247
60
0
0
0
0
0
0
0
0
0
0
0
0
0
0
0
63
241
255
146
6
0
0
0
0
0
0
0
0
0
0
0
0
0
40
178
244
231
121
7
0
0
0
0
0
0
0
0
0
0
0
0
0
41
198
255
169
49
0
0
0
0
0
0
0
0
0
0
0
0
0
0
1
169
232
110
12
0
0
0
0
0
0
0
0
0
0
0
0
0
0
4
160
209
42
0
0
0
0
0
0
0
0
0
0
0
0
0
0
0
0
68
220
57
0
0
0
0
0
0
0
0
0
0
0
0
0
0
0
0
0
130
144
0
0
17
36
0
24
31
2
0
0
0
0
0
0
0
0
0
0
107
201
56
38
153
146
96
133
178
126
125
69
0
0
0
0
0
0
0
0
17
191
229
207
201
221
176
178
193
209
240
241
120
2
0
0
0
0
0
0
0
10
83
133
107
50
8
4
18
21
52
141
135
7
0
0
0
0
0
0
0
0
0
0
0
0
0
0
0
0
0
0
0
0
0
0
0
0
0
0
0
0
0
0
0
0
0
0
0
0
0
0
0
0
0
0
0
0
0
0
0
0
0
0
0
0
0
0
0
0
0
0
0
0
0
0
0
0
0
0
0
0
0
0
0
0
0
0
0
0
0
0
0
0
0
0