0
0
0
0
0
0
0
0
0
0
0
0
0
0
0
0
0
0
0
0
0
0
0
0
0
0
0
0
0
0
0
0
0
0
0
0
0
0
0
0
0
0
0
0
0
0
0
0
0
0
51
175
47
0
0
0
0
0
0
0
0
0
0
0
0
0
0
0
0
0
172
220
31
0
0
0
0
0
0
0
0
0
0
0
0
0
0
0
0
50
241
126
0
0
0
0
0
0
0
0
0
0
0
0
0
0
0
0
0
176
228
37
0
0
0
0
0
0
0
0
0
0
0
0
0
0
0
0
40
228
169
0
0
0
0
0
0
0
0
0
0
0
0
0
0
0
0
0
116
252
69
0
0
0
0
0
0
0
0
0
0
0
0
0
0
0
0
21
210
254
59
0
0
0
0
0
0
0
0
0
0
0
0
0
0
0
0
32
235
253
228
126
7
0
0
0
0
0
0
0
0
0
0
0
0
0
0
25
229
169
115
230
183
10
0
0
0
0
0
0
0
0
0
0
0
0
0
16
205
149
0
84
244
100
0
0
0
0
0
0
0
0
0
0
0
0
0
8
181
154
0
15
237
159
0
0
0
0
0
0
0
0
0
0
0
0
0
6
174
152
0
42
236
119
0
0
0
0
0
0
0
0
0
0
0
0
0
0
141
198
8
133
214
23
0
0
0
0
0
0
0
0
0
0
0
0
0
0
91
254
235
219
80
0
0
0
0
0
0
0
0
0
0
0
0
0
0
0
4
84
104
45
0
0
0
0
0
0
0
0
0
0
0
0
0
0
0
0
0
0
0
0
0
0
0
0
0
0
0
0
0
0
0
0
0
0
0
0
0
0
0
0
0
0
0
0
0
0
0
0
0
0
0
0
0
0
0
0
0
0
0
0
0
0
0
0
0
0
0
0