0
0
0
0
0
0
0
0
0
0
0
0
0
0
0
0
0
0
0
0
0
0
0
0
0
0
0
0
0
0
0
0
0
0
0
0
0
0
0
0
0
0
0
0
0
0
0
0
0
0
0
0
0
0
0
0
0
0
0
0
0
0
0
0
0
0
0
0
0
0
0
0
0
0
0
0
0
0
0
0
0
0
0
0
0
0
0
0
0
0
0
0
0
128
79
0
0
0
0
0
0
0
0
0
0
0
0
0
0
0
0
10
106
255
89
0
0
0
0
0
0
0
0
0
0
0
0
0
0
8
84
182
255
168
8
0
0
0
0
0
0
0
20
48
36
30
55
87
152
231
232
243
241
66
0
0
0
0
0
0
0
0
45
167
204
244
251
222
193
143
67
139
218
0
0
0
0
0
0
0
0
0
0
6
35
64
64
37
15
0
2
182
174
0
0
0
0
0
0
0
0
0
0
0
0
0
0
0
0
0
38
219
65
0
0
0
0
0
0
0
0
0
0
0
0
0
0
0
0
0
90
247
29
0
0
0
0
0
0
0
0
0
0
0
0
0
0
0
0
0
123
203
15
0
0
0
0
0
0
0
0
0
0
0
0
0
0
0
0
0
141
133
0
0
0
0
0
0
0
0
0
0
0
0
0
0
0
0
0
4
174
88
0
0
0
0
0
0
0
0
0
0
0
0
0
0
0
0
0
9
238
86
0
0
0
0
0
0
0
0
0
0
0
0
0
0
0
0
0
39
247
102
0
0
0
0
0
0
0
0
0
0
0
0
0
0
0
0
0
18
245
230
25
0
0
0
0
0
0
0
0
0
0
0
0
0
0
0
0
0
102
110
7
0
0
0
0
0
0
0
0
0
0
0
0
0
0
0
0
0
0
0
0
0
0
0
0
0
0
0