0
0
0
0
0
0
0
0
0
0
0
0
0
0
0
0
0
0
0
0
0
0
0
0
0
0
0
0
0
0
0
0
0
0
0
0
0
0
0
0
0
0
0
0
0
0
0
0
0
0
0
0
0
0
0
0
0
0
0
0
0
0
0
0
0
0
0
0
0
0
0
0
0
0
0
0
0
0
0
0
0
0
0
0
0
0
0
0
0
6
11
3
0
0
0
0
0
0
0
0
0
0
0
0
0
0
0
21
94
222
255
193
34
0
0
0
0
0
0
0
0
0
0
0
0
0
48
192
255
168
119
217
206
145
21
0
0
0
0
0
0
0
0
0
0
33
205
255
116
2
0
77
252
255
62
0
0
0
0
0
0
0
0
0
0
98
255
163
0
0
18
136
254
209
30
0
0
0
0
0
0
0
0
0
0
124
240
33
0
41
195
234
255
154
0
0
0
0
0
0
0
0
0
0
0
122
216
61
110
207
162
75
215
69
0
0
0
0
0
0
0
0
0
0
0
41
188
239
213
112
0
103
217
7
0
0
0
0
0
0
0
0
0
0
0
0
14
38
19
0
0
165
232
5
0
0
0
0
0
0
0
0
0
0
0
0
0
0
0
0
9
182
222
3
0
0
0
0
0
0
0
0
0
0
0
0
0
0
0
0
28
210
160
0
0
0
0
0
0
0
0
0
0
0
0
0
0
0
0
0
42
225
59
0
0
0
0
0
0
0
0
0
0
0
0
0
0
0
0
0
96
255
33
0
0
0
0
0
0
0
0
0
0
0
0
0
0
0
0
0
119
255
34
0
0
0
0
0
0
0
0
0
0
0
0
0
0
0
0
0
111
255
36
0
0
0
0
0
0
0
0
0
0
0
0
0
0
0
0
0
25
71
9
0
0
0
0
0
0
0