0
0
0
0
0
0
0
0
0
0
0
0
0
0
0
0
0
0
0
0
0
0
0
0
0
0
0
0
0
0
0
0
0
0
0
0
0
0
0
0
0
0
0
0
0
0
0
6
68
191
221
214
79
0
0
0
0
0
0
0
0
0
0
0
0
0
19
164
244
255
255
255
236
78
0
0
0
0
0
0
0
0
0
0
0
0
128
255
255
173
55
157
255
219
37
0
0
0
0
0
0
0
0
0
0
77
236
240
117
6
0
19
214
255
79
0
0
0
0
0
0
0
0
0
2
183
255
94
0
0
0
0
169
255
100
0
0
0
0
0
0
0
0
0
0
64
146
13
0
0
0
0
170
255
98
0
0
0
0
0
0
0
0
0
0
0
0
0
0
0
0
0
181
250
70
0
0
0
0
0
0
0
0
0
0
0
0
0
0
0
0
15
220
239
48
0
0
0
0
0
0
0
0
0
0
0
0
0
0
0
0
84
251
225
41
0
0
0
0
0
0
0
0
0
0
0
0
31
97
95
63
170
255
156
5
0
0
0
0
0
0
0
0
0
0
8
91
220
255
253
241
248
243
72
0
0
0
0
0
0
0
0
0
0
3
158
255
242
158
193
255
255
188
11
0
0
0
0
0
0
0
0
0
0
34
245
233
77
48
188
255
255
203
25
0
8
56
22
0
0
0
0
0
0
37
253
255
202
245
255
217
242
255
197
126
167
255
195
3
0
0
0
0
0
10
95
109
111
110
103
39
73
111
112
116
114
110
87
4
0
0
0
0
0
0
0
0
0
0
0
0
0
0
0
0
0
0
0
0
0
0
0
0
0
0
0
0
0
0
0
0
0
0
0
0
0
0
0
0
0
0
0
0
0
0
0
0
0
0
0
0
0
0
0
0
0
0
0
0
0