0
0
0
0
0
0
0
0
0
0
0
0
0
0
0
0
0
0
0
0
0
0
0
0
0
0
0
0
0
0
0
0
0
0
0
0
0
0
0
0
0
0
0
0
0
0
0
0
0
0
0
0
0
0
0
0
0
0
0
0
0
0
0
0
0
0
0
0
0
34
67
50
31
0
0
0
0
0
0
0
0
0
0
0
0
0
0
0
82
216
240
223
206
72
0
0
0
0
0
0
0
0
0
0
0
0
0
75
241
236
132
78
218
168
0
0
0
0
0
0
0
0
0
0
0
0
0
199
251
88
0
0
161
173
0
0
0
0
0
0
0
0
0
0
0
0
0
232
168
0
0
63
227
114
0
0
0
0
0
0
0
0
0
0
0
0
0
212
211
75
104
222
191
0
0
0
0
0
0
0
0
0
0
0
0
0
0
86
221
241
255
238
93
0
0
0
0
0
0
0
0
0
0
0
0
0
0
0
71
236
236
232
236
86
0
0
0
0
0
0
0
0
0
0
0
0
0
14
190
185
56
66
224
203
21
0
0
0
0
0
0
0
0
0
0
0
0
141
148
9
0
0
72
255
73
0
0
0
0
0
0
0
0
0
0
0
70
240
94
0
0
0
47
229
57
0
0
0
0
0
0
0
0
0
0
0
126
255
89
0
0
0
146
200
18
0
0
0
0
0
0
0
0
0
0
0
98
250
136
29
21
69
231
124
0
0
0
0
0
0
0
0
0
0
0
0
6
167
255
219
200
255
178
11
0
0
0
0
0
0
0
0
0
0
0
0
0
21
114
152
204
124
18
0
0
0
0
0
0
0
0
0
0
0
0
0
0
0
0
0
0
0
0
0
0
0
0
0
0
0
0
0
0
0
0
0
0
0
0
0
0
0
0
0
0
0
0
0
0
0