0
0
0
0
0
0
0
0
0
0
0
0
0
0
0
0
0
0
0
0
0
0
0
0
0
0
0
0
0
0
0
0
0
0
0
0
0
0
0
0
0
0
0
0
0
0
0
0
0
0
0
0
0
0
0
0
0
0
0
0
0
0
0
0
0
0
0
0
0
0
0
0
0
0
71
38
0
0
0
0
0
0
0
0
0
0
0
0
0
0
0
0
0
46
225
122
0
0
0
0
0
0
0
0
0
0
0
47
61
6
0
0
11
185
255
68
0
0
0
0
0
0
0
0
0
0
62
221
191
16
0
0
34
234
204
14
0
0
0
0
0
0
0
0
0
43
220
251
92
0
0
0
146
255
116
0
0
0
0
0
0
0
0
0
0
92
255
187
2
0
0
18
229
251
73
0
0
0
0
0
0
0
0
0
0
96
255
161
0
0
0
91
253
218
34
0
0
0
0
0
0
0
0
0
0
65
248
209
25
0
0
167
255
132
0
0
0
0
0
0
0
0
0
0
0
14
168
255
187
90
103
228
242
56
0
0
0
0
0
0
0
0
0
0
0
0
19
126
214
227
236
255
210
13
0
0
0
0
0
0
0
0
0
0
0
0
0
0
12
50
217
255
138
0
0
0
0
0
0
0
0
0
0
0
0
0
0
0
0
20
242
249
42
0
0
0
0
0
0
0
0
0
0
0
0
0
0
0
0
106
255
165
4
0
0
0
0
0
0
0
0
0
0
0
0
0
0
0
0
124
255
144
0
0
0
0
0
0
0
0
0
0
0
0
0
0
0
0
0
20
198
108
2
0
0
0
0
0
0
0
0
0
0
0
0
0
0
0
0
0
0
0
0
0
0
0
0
0
0
0
0
0
0
0
0
0
0
0
0
0
0
0
0
0
0
0
0
0
0
0