0
0
0
0
0
0
0
0
0
0
0
0
0
0
0
0
0
0
0
0
0
0
0
0
0
0
0
0
0
0
0
0
0
0
0
0
0
0
0
0
0
0
0
0
0
0
0
0
0
0
0
0
0
0
0
0
0
0
0
0
0
0
0
0
0
0
0
0
0
0
0
0
0
0
0
0
0
0
0
0
0
0
0
0
0
0
0
0
3
47
123
183
191
190
160
31
0
0
0
0
0
0
0
0
0
0
0
34
166
230
209
179
161
198
255
158
0
0
0
0
0
0
0
0
0
0
38
206
231
91
20
0
0
11
193
196
0
0
0
0
0
0
0
0
0
11
173
207
41
0
0
0
0
16
191
166
0
0
0
0
0
0
0
0
0
69
255
69
0
0
0
0
0
132
223
27
0
0
0
0
0
0
0
0
0
56
248
156
5
0
0
0
48
240
179
0
0
0
0
0
0
0
0
0
0
0
121
255
201
105
96
139
233
223
53
0
0
0
0
0
0
0
0
0
0
0
4
100
186
203
203
253
253
83
0
0
0
0
0
0
0
0
0
0
0
0
0
0
10
7
79
250
173
0
0
0
0
0
0
0
0
0
0
0
0
0
0
0
0
24
204
204
36
0
0
0
0
0
0
0
0
0
0
0
0
0
0
0
5
160
255
78
0
0
0
0
0
0
0
0
0
0
0
0
0
0
0
0
92
252
177
8
0
0
0
0
0
0
0
0
0
0
0
0
0
0
0
41
226
223
40
0
0
0
0
0
0
0
0
0
0
0
0
0
0
0
43
216
232
72
0
0
0
0
0
0
0
0
0
0
0
0
0
0
0
0
90
157
78
0
0
0
0
0
0
0
0
0
0
0
0
0
0
0
0
0
0
0
0
0
0
0
0
0
0
0
0
0
0
0