0
0
0
0
0
0
0
0
0
0
0
0
0
0
0
0
0
0
0
0
0
0
0
0
0
0
0
0
0
0
0
0
0
0
0
0
0
0
0
0
0
0
0
0
0
0
0
0
0
0
0
0
0
0
0
0
0
0
0
0
0
0
0
0
0
4
72
109
74
10
0
0
0
0
0
0
0
0
0
0
0
0
0
0
5
152
243
255
246
204
81
0
0
0
0
0
0
0
0
0
0
0
0
0
29
243
167
74
128
208
248
120
12
0
0
0
0
0
0
0
0
0
0
0
5
85
46
0
0
15
162
255
149
0
0
0
0
0
0
0
0
0
0
0
0
0
0
0
0
0
31
205
250
82
0
0
0
0
0
0
0
0
0
0
0
0
0
0
0
0
0
93
251
113
0
0
0
0
0
0
0
0
0
0
0
0
0
0
0
0
0
85
248
114
0
0
0
0
0
0
0
0
0
0
0
0
17
99
162
83
8
103
248
92
0
0
0
0
0
0
0
0
0
0
0
0
101
255
253
240
189
219
207
8
0
0
0
0
0
0
0
0
0
0
0
4
171
194
24
147
255
255
134
0
0
0
0
0
0
0
0
0
0
0
0
7
180
205
106
215
255
255
167
0
0
0
0
0
0
0
0
0
0
0
0
0
139
255
253
227
111
186
243
84
0
0
0
0
0
0
0
0
0
0
0
0
52
147
101
25
0
46
224
213
25
0
0
0
0
0
0
0
0
0
0
0
0
0
0
0
0
0
63
222
156
6
0
0
0
0
0
0
0
0
0
0
0
0
0
0
0
0
0
54
175
30
0
0
0
0
0
0
0
0
0
0
0
0
0
0
0
0
0
0
0
0
0
0
0
0
0
0
0
0
0
0
0
0
0
0
0
0
0
0
0
0
0
0
0
0