0
0
0
0
0
0
0
0
0
0
0
0
0
0
0
0
0
0
0
0
0
0
0
0
0
0
0
0
0
0
0
0
0
0
0
0
0
0
0
0
0
0
0
0
0
16
113
140
110
112
104
47
7
0
0
0
0
0
0
0
0
0
0
0
0
77
255
255
255
255
255
241
183
86
0
0
0
0
0
0
0
0
0
0
0
84
215
118
160
158
167
227
255
216
32
0
0
0
0
0
0
0
0
0
0
26
45
0
0
0
0
48
234
235
48
0
0
0
0
0
0
0
0
0
0
0
0
0
0
0
0
81
251
211
31
0
0
0
0
0
0
0
0
0
0
0
0
0
0
0
16
190
255
153
0
0
0
0
0
0
0
0
0
0
0
0
0
0
0
3
136
255
201
40
0
0
0
0
0
0
0
0
0
0
0
0
0
0
0
71
251
248
81
0
0
0
0
0
0
0
0
0
0
0
0
0
0
0
51
224
255
117
0
0
0
0
0
0
0
0
0
0
0
0
0
0
0
10
174
255
175
14
0
0
0
0
0
0
0
0
0
0
0
0
0
0
54
172
255
173
15
0
0
0
0
0
0
0
0
0
0
0
0
0
40
151
239
255
213
77
46
51
57
84
113
128
130
114
0
0
0
0
0
45
207
255
255
255
243
227
232
231
234
248
255
255
233
122
0
0
0
0
0
75
218
218
204
198
217
220
223
190
153
154
139
54
29
0
0
0
0
0
0
3
30
39
29
25
37
37
39
15
0
0
0
0
0
0
0
0
0
0
0
0
0
0
0
0
0
0
0
0
0
0
0
0
0
0
0
0
0
0
0
0
0
0
0
0
0
0
0
0
0
0
0
0
0
0
0
0
0
0
0
0
0
0
0
0
0
0
0
0
0
0
0
0
0
0
0
0