0
0
0
0
0
0
0
0
0
0
0
0
0
0
0
0
0
0
0
0
0
0
0
0
0
0
0
0
0
0
0
0
0
0
0
0
0
0
0
0
0
0
0
0
0
0
0
0
16
20
0
0
0
0
0
0
0
0
0
0
0
0
0
0
0
0
0
28
199
216
80
2
0
0
0
0
0
0
0
0
0
0
0
0
0
0
7
187
240
196
232
172
39
0
0
0
0
0
0
0
0
0
0
0
0
0
14
211
107
0
173
255
192
0
0
0
0
0
0
0
0
0
0
0
0
0
2
47
3
0
90
255
218
0
0
0
0
0
0
0
0
0
0
0
0
0
0
0
0
27
167
255
198
0
0
0
0
0
0
0
0
0
0
0
0
0
0
35
127
231
255
210
44
0
0
0
0
0
0
0
0
0
0
0
0
0
12
198
255
255
187
41
0
0
0
0
0
0
0
0
0
0
0
0
0
0
12
218
255
255
232
159
88
0
0
0
0
0
0
0
0
0
0
0
0
0
0
71
119
143
216
255
253
92
0
0
0
0
0
0
0
0
0
0
0
0
0
0
0
0
35
166
255
215
30
0
0
0
0
0
0
0
0
0
0
0
0
0
0
0
0
94
255
221
38
0
0
0
0
0
0
0
0
0
0
0
0
0
8
26
95
208
255
204
27
0
0
0
0
0
0
0
0
0
0
0
0
0
122
227
255
255
224
62
0
0
0
0
0
0
0
0
0
0
0
0
0
13
194
255
225
148
57
0
0
0
0
0
0
0
0
0
0
0
0
0
0
1
26
37
24
0
0
0
0
0
0
0
0
0
0
0
0
0
0
0
0
0
0
0
0
0
0
0
0
0
0
0
0
0
0
0
0
0
0
0
0
0
0
0
0
0
0
0
0
0
0
0
0
0