0
0
0
0
0
0
0
0
0
0
0
0
0
0
0
0
0
0
0
0
0
0
0
0
0
0
0
0
0
0
0
0
0
0
0
0
0
0
0
0
0
0
0
0
0
0
0
0
0
0
0
0
0
5
17
0
0
0
0
0
0
0
0
0
0
0
0
0
0
0
0
0
0
84
207
9
0
0
0
0
0
0
0
0
0
0
0
0
0
0
0
0
15
198
180
1
0
0
0
0
0
0
0
0
0
0
0
0
0
0
0
3
145
247
67
0
0
0
0
0
0
0
0
0
0
0
0
0
0
0
0
91
255
153
0
0
0
0
0
0
0
0
0
0
0
0
0
0
0
0
39
229
207
26
0
0
0
0
0
0
0
0
0
0
0
0
0
0
0
0
150
252
85
0
0
0
0
0
0
0
0
0
0
0
0
0
0
0
0
91
255
163
6
0
0
0
0
0
0
0
0
0
0
0
0
0
0
0
34
222
214
23
0
0
0
0
0
0
0
0
0
0
0
0
0
0
0
0
104
255
133
0
0
0
0
0
0
0
0
0
0
0
0
0
0
0
0
15
199
229
16
0
0
0
0
0
0
0
0
0
0
0
0
0
0
0
0
33
255
159
0
0
0
0
0
0
0
0
0
0
0
0
0
0
0
0
0
57
255
99
0
0
0
0
0
0
0
0
0
0
0
0
0
0
0
0
0
112
253
66
0
0
0
0
0
0
0
0
0
0
0
0
0
0
0
0
0
118
236
51
0
0
0
0
0
0
0
0
0
0
0
0
0
0
0
0
0
17
28
3
0
0
0
0
0
0
0
0
0
0
0
0
0
0
0
0
0
0
0
0
0
0
0
0
0
0
0
0
0
0
0
0
0
0
0
0
0
0
0
0
0
0
0
0
0
0
0
0
0
0