0
0
0
0
0
0
0
0
0
0
0
0
0
0
0
0
0
0
0
0
0
0
0
0
0
0
0
0
0
0
0
0
0
0
0
0
0
0
0
0
0
0
0
0
0
0
0
0
0
0
0
0
0
0
0
0
0
0
0
0
0
0
0
0
0
0
0
0
0
0
0
0
0
0
0
0
0
0
0
0
0
0
0
0
0
0
0
0
0
0
0
0
0
0
4
17
59
38
0
0
0
0
0
0
0
0
0
0
5
36
62
61
130
156
198
240
255
160
0
0
0
0
0
0
0
0
0
29
158
218
251
251
240
226
192
177
128
56
0
0
0
0
0
0
0
0
0
154
255
157
59
60
31
23
13
8
0
0
0
0
0
0
0
0
0
0
0
170
249
105
0
0
0
0
0
0
0
0
0
0
0
0
0
0
0
0
2
201
213
46
0
0
0
0
0
0
0
0
0
0
0
0
0
0
0
0
0
90
227
234
195
138
35
0
0
0
0
0
0
0
0
0
0
0
0
0
0
0
47
93
139
236
202
35
0
0
0
0
0
0
0
0
0
5
119
164
90
37
0
0
0
121
253
98
0
0
0
0
0
0
0
0
0
55
198
255
255
234
149
125
164
254
198
39
0
0
0
0
0
0
0
0
0
9
28
65
143
228
252
221
175
109
27
0
0
0
0
0
0
0
0
0
0
0
0
0
0
16
25
9
0
0
0
0
0
0
0
0
0
0
0
0
0
0
0
0
0
0
0
0
0
0
0
0
0
0
0
0
0
0
0
0
0
0
0
0
0
0
0
0
0
0
0
0
0
0
0
0
0
0
0
0
0
0
0
0
0
0
0
0
0
0
0
0
0
0
0
0
0
0
0
0
0
0
0
0
0
0
0
0
0
0
0
0
0
0
0
0
0
0