0
0
0
0
0
0
0
0
0
0
0
0
0
0
0
0
0
0
0
0
0
0
0
0
0
0
0
0
0
0
0
0
0
0
0
0
0
0
0
0
0
0
0
0
0
0
0
0
0
0
0
0
0
0
0
0
0
0
0
0
0
0
0
0
0
0
0
0
0
0
0
0
0
0
0
0
0
0
0
0
0
0
0
0
0
0
0
0
0
1
10
11
2
0
0
0
0
0
0
0
0
0
0
0
0
0
0
1
56
171
253
253
182
31
0
0
0
0
0
0
0
0
0
0
0
0
19
140
232
193
149
122
203
166
8
0
0
0
0
0
0
0
0
0
0
13
159
245
109
13
0
17
190
156
3
0
0
0
0
0
0
0
0
0
5
129
236
102
0
0
23
165
237
53
0
0
0
0
0
0
0
0
0
0
31
228
218
101
123
175
200
251
231
43
0
0
0
0
0
0
0
0
0
0
1
127
216
207
194
159
45
79
185
0
0
0
0
0
0
0
0
0
0
0
0
3
33
29
12
0
0
102
195
0
0
0
0
0
0
0
0
0
0
0
0
0
0
0
0
0
13
186
194
0
0
0
0
0
0
0
0
0
0
0
0
0
0
0
0
0
50
241
123
0
0
0
0
0
0
0
0
0
0
0
0
0
0
0
0
0
64
255
82
0
0
0
0
0
0
0
0
0
0
0
0
0
0
0
0
0
64
240
31
0
0
0
0
0
0
0
0
0
0
0
0
0
0
0
0
0
69
190
14
0
0
0
0
0
0
0
0
0
0
0
0
0
0
0
0
0
71
182
11
0
0
0
0
0
0
0
0
0
0
0
0
0
0
0
0
0
64
177
14
0
0
0
0
0
0
0
0
0
0
0
0
0
0
0
0
0
13
42
4
0
0
0
0
0
0
0