0
0
0
0
0
0
0
0
0
0
0
0
0
0
0
0
0
0
0
0
0
0
0
0
0
0
0
0
0
0
0
0
0
0
0
0
0
0
0
0
0
0
0
0
0
0
9
158
225
221
118
33
0
0
0
0
0
0
0
0
0
0
0
0
0
0
130
255
245
232
255
203
38
0
0
0
0
0
0
0
0
0
0
0
0
0
94
125
50
39
151
255
183
0
0
0
0
0
0
0
0
0
0
0
0
0
0
0
0
0
26
211
237
17
0
0
0
0
0
0
0
0
0
0
0
0
0
0
0
0
36
225
243
52
0
0
0
0
0
0
0
0
0
0
0
0
0
0
0
3
186
255
232
59
0
0
0
0
0
0
0
0
0
0
0
0
0
0
0
5
252
234
84
17
0
0
0
0
0
0
0
0
0
0
0
0
0
0
0
77
251
106
0
0
0
0
0
0
0
0
0
0
0
0
0
0
0
0
25
220
215
29
0
0
0
0
0
0
0
0
0
0
0
0
0
0
14
73
186
250
57
0
0
0
0
0
0
0
0
0
0
0
0
0
0
46
190
251
255
254
99
0
0
0
0
0
0
8
5
0
0
0
0
0
41
228
255
255
216
255
255
158
2
0
0
0
55
163
38
0
0
0
0
0
161
255
255
120
29
102
246
255
157
93
93
130
241
158
5
0
0
0
0
0
48
173
90
0
0
0
43
169
231
255
255
229
148
8
0
0
0
0
0
0
0
0
0
0
0
0
0
0
49
112
108
44
2
0
0
0
0
0
0
0
0
0
0
0
0
0
0
0
0
0
0
0
0
0
0
0
0
0
0
0
0
0
0
0
0
0
0
0
0
0
0
0
0
0
0
0
0
0
0
0
0
0
0
0
0
0
0
0
0
0
0
0
0
0
0
0