0
0
0
0
0
0
0
0
0
0
0
0
0
0
0
0
0
0
0
0
0
0
0
0
0
0
0
0
0
0
0
0
0
0
0
0
0
0
0
0
0
0
0
0
0
0
0
10
34
30
0
0
0
0
0
0
0
0
0
0
0
0
0
0
7
102
152
180
255
241
111
72
12
0
0
0
0
0
0
0
0
0
0
0
66
246
255
255
250
249
255
248
182
35
0
0
0
0
0
0
0
0
0
0
10
54
83
105
66
54
64
168
255
155
0
0
0
0
0
0
0
0
0
0
0
0
0
0
0
0
0
56
249
180
8
0
0
0
0
0
0
0
0
0
0
0
0
0
0
0
44
196
255
98
0
0
0
0
0
0
0
0
0
0
0
0
0
0
19
100
223
255
149
0
0
0
0
0
0
0
0
0
0
0
0
0
0
67
194
255
255
193
33
0
0
0
0
0
0
0
0
0
0
0
0
0
1
194
255
234
219
249
231
103
1
0
0
0
0
0
0
0
0
0
0
0
0
66
82
60
40
88
185
250
76
0
0
0
0
0
0
0
0
0
0
0
0
0
0
0
0
0
33
237
200
9
0
0
0
0
0
0
0
0
0
0
0
0
0
0
0
0
7
187
255
27
0
0
0
0
0
0
0
0
0
113
171
75
0
0
0
0
75
243
184
7
0
0
0
0
0
0
0
0
18
236
229
86
21
23
70
160
252
229
63
0
0
0
0
0
0
0
0
0
22
243
232
200
204
205
248
255
179
59
0
0
0
0
0
0
0
0
0
0
2
31
39
43
43
43
38
34
8
0
0
0
0
0
0
0
0
0
0
0
0
0
0
0
0
0
0
0
0
0
0
0
0
0
0
0
0
0
0
0
0
0
0
0
0
0
0
0
0
0
0
0
0
0
0
0