0
0
0
0
0
0
0
0
0
0
0
0
0
0
0
0
0
0
0
0
0
0
0
0
0
0
0
0
0
0
0
0
0
0
0
0
0
0
0
0
0
0
0
0
0
0
0
28
34
7
0
0
0
0
0
0
0
0
0
0
0
0
0
0
0
0
41
230
242
49
0
0
0
0
0
0
0
0
0
0
0
0
0
0
0
0
70
245
235
48
0
0
61
54
0
0
0
0
0
0
0
0
0
0
0
0
68
243
235
48
0
42
229
198
22
0
0
0
0
0
0
0
0
0
0
0
66
243
236
49
0
54
239
251
59
0
0
0
0
0
0
0
0
0
0
0
118
255
234
48
0
53
237
247
57
0
0
0
0
0
0
0
0
0
0
0
162
255
188
17
0
53
237
247
57
0
0
0
0
0
0
0
0
0
0
0
159
255
152
0
0
53
237
247
57
0
0
0
0
0
0
0
0
0
0
2
168
251
81
0
0
53
237
248
57
0
0
0
0
0
0
0
0
0
0
39
225
198
5
0
0
50
238
243
50
0
0
0
0
0
0
0
0
0
0
46
234
191
20
27
22
74
242
217
55
0
0
0
0
0
0
0
0
0
0
13
183
255
231
233
234
242
252
255
237
29
0
0
0
0
0
0
0
0
0
45
234
255
235
207
184
131
236
201
93
10
0
0
0
0
0
0
0
0
0
17
147
166
50
4
0
16
209
172
0
0
0
0
0
0
0
0
0
0
0
0
0
0
0
0
0
0
177
141
0
0
0
0
0
0
0
0
0
0
0
0
0
0
0
0
0
0
23
13
0
0
0
0
0
0
0
0
0
0
0
0
0
0
0
0
0
0
0
0
0
0
0
0
0
0
0
0
0
0
0
0
0
0
0
0
0
0
0
0
0
0
0
0
0
0