0
0
0
0
0
0
0
0
0
0
0
0
0
0
0
0
0
0
0
0
0
0
0
0
0
0
0
0
0
0
0
0
0
0
0
0
0
0
0
0
0
0
0
0
0
0
0
0
0
0
0
0
0
0
10
32
35
6
0
0
0
0
0
0
0
0
0
0
0
0
10
33
65
108
180
250
240
42
0
0
0
0
0
0
0
0
0
0
0
12
148
222
243
255
255
222
140
15
0
0
0
0
0
0
0
0
0
0
13
169
255
229
169
90
51
19
0
0
0
0
0
0
0
0
0
0
0
0
137
255
201
43
0
0
0
0
0
0
0
0
0
0
0
0
0
0
0
67
243
253
74
0
0
0
0
0
0
0
0
0
0
0
0
0
0
0
33
210
255
189
42
24
0
0
0
0
0
0
0
0
0
0
0
0
0
6
158
255
255
228
228
208
91
0
0
0
0
0
0
0
0
0
0
0
0
12
180
255
230
180
187
234
249
96
0
0
0
0
0
0
0
0
0
0
0
0
48
119
56
8
0
91
255
187
15
0
0
0
0
0
0
0
0
0
0
0
0
0
0
0
11
159
255
153
1
0
0
0
0
0
0
0
0
0
43
77
5
0
0
0
66
243
255
99
0
0
0
0
0
0
0
0
0
45
212
195
21
0
0
40
192
255
191
20
0
0
0
0
0
0
0
0
0
40
212
255
232
171
178
245
255
172
38
0
0
0
0
0
0
0
0
0
0
0
56
159
204
255
255
221
122
35
0
0
0
0
0
0
0
0
0
0
0
0
0
3
17
33
37
23
0
0
0
0
0
0
0
0
0
0
0
0
0
0
0
0
0
0
0
0
0
0
0
0
0
0
0
0
0
0
0
0
0
0
0
0
0
0
0
0
0
0
0
0
0
0
0
0
0
0