0
0
0
0
0
0
0
0
0
0
0
0
0
0
0
0
0
0
0
0
0
0
0
0
0
0
0
0
0
0
0
0
0
0
0
0
0
0
0
0
0
0
0
0
0
0
0
0
0
0
0
0
0
0
0
0
0
0
0
0
0
0
0
0
0
0
0
0
0
0
0
0
0
0
0
0
0
0
0
0
0
0
0
0
0
0
0
0
0
0
0
0
3
120
121
0
0
0
0
0
0
0
0
0
0
0
0
16
118
49
0
0
41
254
210
5
0
0
0
0
0
0
0
0
0
0
0
68
255
166
0
0
78
255
159
0
0
0
0
0
0
0
0
0
0
0
0
139
255
110
0
0
165
242
70
0
0
0
0
0
0
0
0
0
0
0
11
209
244
51
0
51
247
180
6
0
0
0
0
0
0
0
0
0
0
0
99
255
171
0
0
120
255
123
0
0
0
0
0
0
0
0
0
0
0
0
111
255
188
36
43
206
255
125
0
0
0
0
0
0
0
0
0
0
0
0
24
152
248
225
203
246
255
164
6
0
0
0
0
0
0
0
0
0
0
0
0
2
48
91
235
254
131
23
0
0
0
0
0
0
0
0
0
0
0
0
0
0
0
52
245
209
15
0
0
0
0
0
0
0
0
0
0
0
0
0
0
0
0
162
251
106
0
0
0
0
0
0
0
0
0
0
0
0
0
0
0
0
14
211
200
2
0
0
0
0
0
0
0
0
0
0
0
0
0
0
0
0
92
245
93
0
0
0
0
0
0
0
0
0
0
0
0
0
0
0
0
10
191
242
22
0
0
0
0
0
0
0
0
0
0
0
0
0
0
0
0
14
131
97
0
0
0
0
0
0
0
0
0
0
0
0
0
0
0
0
0
0
0
0
0
0
0
0
0
0
0
0
0
0