0
0
0
0
0
0
0
0
0
0
0
0
0
0
0
0
0
0
0
0
0
0
0
0
0
0
0
0
0
0
0
0
0
0
0
0
0
0
0
0
0
0
0
0
0
0
0
0
0
0
0
0
0
0
0
0
0
0
0
0
0
0
0
0
0
0
0
0
0
0
0
0
0
0
0
0
0
0
0
0
0
0
0
0
0
0
0
0
0
0
0
0
0
0
0
0
0
0
0
0
0
0
0
38
94
33
0
0
0
0
0
19
81
26
0
0
0
0
0
0
0
0
0
112
255
208
133
35
0
0
61
185
255
134
0
0
0
0
0
0
0
0
0
111
255
255
255
231
198
200
240
255
255
128
0
0
0
0
0
0
0
0
0
80
182
135
172
195
237
237
171
218
253
91
0
0
0
0
0
0
0
0
0
6
9
0
8
19
47
39
24
197
241
51
1
8
9
5
0
0
0
0
0
0
0
0
0
0
0
16
123
249
251
196
210
234
225
117
0
0
0
0
0
0
0
0
0
11
126
211
255
253
252
234
226
153
95
44
0
0
0
0
0
0
0
0
0
8
123
167
226
255
220
46
22
1
0
0
0
0
0
0
0
0
0
0
0
0
0
0
185
255
123
0
0
0
0
0
0
0
0
0
0
0
0
0
0
0
0
23
230
255
41
0
0
0
0
0
0
0
0
0
0
0
0
0
0
0
0
30
246
255
34
0
0
0
0
0
0
0
0
0
0
0
0
0
0
0
0
28
243
255
36
0
0
0
0
0
0
0
0
0
0
0
0
0
0
0
0
6
190
252
33
0
0
0
0
0
0
0
0
0
0
0
0
0
0
0
0
0
70
80
7
0
0
0
0
0
0
0
0
0
0
0
0
0
0
0
0
0
0
0
0
0
0
0
0
0
0
0