0
0
0
0
0
0
0
0
0
0
0
0
0
0
0
0
0
0
0
0
0
0
0
0
0
0
0
0
0
0
0
0
0
0
0
0
0
0
0
0
0
0
0
0
0
0
0
0
0
0
0
0
0
0
0
0
0
0
0
0
0
0
0
0
0
0
0
0
18
72
93
65
11
0
0
0
0
0
0
0
0
0
0
0
0
0
20
115
192
196
170
151
165
41
0
0
0
0
0
0
0
0
0
0
0
41
209
193
65
12
2
0
106
172
4
0
0
0
0
0
0
0
0
0
0
51
230
140
0
0
0
0
104
163
0
0
0
0
0
0
0
0
0
0
0
0
99
175
0
0
0
30
199
65
0
0
0
0
0
0
0
0
0
0
0
0
26
208
71
0
10
171
116
0
0
0
0
0
0
0
0
0
0
0
0
0
0
119
177
17
128
145
5
0
0
0
0
0
0
0
0
0
0
0
0
0
0
4
135
210
199
20
0
0
0
0
0
0
0
0
0
0
0
0
0
0
0
0
44
223
213
74
0
0
0
0
0
0
0
0
0
0
0
0
0
0
0
1
122
83
81
212
120
8
0
0
0
0
0
0
0
0
0
0
0
0
0
75
170
9
0
30
183
164
13
0
0
0
0
0
0
0
0
0
0
0
0
167
105
0
0
0
31
219
59
0
0
0
0
0
0
0
0
0
0
0
37
202
22
0
0
0
69
200
40
0
0
0
0
0
0
0
0
0
0
0
18
204
98
34
58
143
218
103
0
0
0
0
0
0
0
0
0
0
0
0
0
65
191
195
200
166
59
0
0
0
0
0
0
0
0
0
0
0
0
0
0
0
0
0
0
0
0
0
0
0
0
0
0
0
0
0
0
0
0
0
0
0
0
0
0
0
0
0
0
0
0
0
0
0