0
0
0
0
0
0
0
0
0
0
0
0
0
0
0
0
0
0
0
0
0
0
0
0
0
0
0
0
0
0
0
0
0
0
0
0
0
0
0
0
0
0
0
0
0
0
0
0
2
30
31
11
33
31
3
0
0
0
0
0
0
0
0
0
0
0
0
0
92
245
243
182
249
245
66
0
0
0
0
0
0
0
0
0
0
0
0
15
197
255
254
255
253
255
127
0
0
0
0
0
0
0
0
0
0
0
0
22
217
255
252
230
250
255
201
5
0
0
0
0
0
0
0
0
0
0
0
6
131
167
98
159
250
255
206
5
0
0
0
0
0
0
0
0
0
0
0
0
2
13
106
231
253
255
131
0
0
0
0
0
0
0
0
0
0
0
0
0
0
76
252
255
253
250
87
0
0
0
0
0
0
0
0
0
0
0
0
0
0
89
253
253
255
173
9
0
0
0
0
0
0
0
0
0
0
12
2
0
0
81
240
254
255
171
4
0
0
0
0
0
0
0
0
0
74
170
46
0
0
15
85
219
255
224
42
0
0
0
0
0
0
0
0
17
197
255
140
8
3
21
85
232
255
213
32
0
0
0
0
0
0
0
0
67
238
255
245
187
161
217
255
254
255
124
0
0
0
0
0
0
0
0
0
65
236
255
253
255
255
255
253
255
235
51
0
0
0
0
0
0
0
0
0
0
124
255
255
251
251
255
255
223
91
0
0
0
0
0
0
0
0
0
0
0
29
166
217
255
255
199
128
45
0
0
0
0
0
0
0
0
0
0
0
0
0
7
22
36
37
16
0
0
0
0
0
0
0
0
0
0
0
0
0
0
0
0
0
0
0
0
0
0
0
0
0
0
0
0
0
0
0
0
0
0
0
0
0
0
0
0
0
0
0
0
0
0
0
0
0
0