0
0
0
0
0
0
0
0
0
0
0
0
0
0
0
0
0
0
0
0
0
0
0
0
0
0
0
0
0
0
0
0
0
0
0
0
0
0
0
0
0
0
0
0
0
0
0
0
0
0
0
0
0
0
0
0
0
0
0
0
0
0
0
0
0
0
0
0
0
0
0
0
0
0
0
0
0
0
0
0
0
0
0
0
0
0
0
0
0
0
0
0
0
0
0
1
3
0
0
0
0
0
0
0
0
0
0
0
0
0
21
0
0
37
83
167
191
175
57
0
0
0
0
0
0
0
0
0
0
98
187
87
130
226
255
254
207
172
89
0
0
0
0
0
0
0
0
0
0
145
255
242
235
170
115
48
17
4
1
0
0
0
0
0
0
0
0
0
98
251
203
102
38
0
0
0
0
0
0
0
0
0
0
0
0
0
0
79
232
239
54
0
0
0
0
0
0
0
0
0
0
0
0
0
0
0
0
141
255
255
243
197
16
0
0
0
0
0
0
0
0
0
0
0
0
64
17
24
94
105
174
255
92
0
0
0
0
0
0
0
0
0
0
0
57
208
58
0
0
0
27
210
210
10
0
0
0
0
0
0
0
0
0
0
170
240
89
3
0
0
54
229
201
3
0
0
0
0
0
0
0
0
0
0
101
244
245
201
197
197
219
254
133
0
0
0
0
0
0
0
0
0
0
0
0
41
166
216
213
213
186
98
3
0
0
0
0
0
0
0
0
0
0
0
0
0
5
19
19
19
3
0
0
0
0
0
0
0
0
0
0
0
0
0
0
0
0
0
0
0
0
0
0
0
0
0
0
0
0
0
0
0
0
0
0
0
0
0
0
0
0
0
0
0
0
0
0
0
0
0
0
0
0
0
0
0
0
0
0
0
0
0
0
0
0
0
0
0
0
0