0
0
0
0
0
0
0
0
0
0
0
0
0
0
0
0
0
0
0
0
0
0
0
0
0
0
0
0
0
0
0
0
0
0
0
0
0
0
0
0
0
0
0
0
0
0
0
0
0
0
32
31
0
0
0
0
0
0
0
0
0
0
0
0
0
0
0
0
15
118
248
247
55
0
0
0
0
0
0
0
0
0
0
0
0
0
0
0
139
255
255
255
197
25
0
0
0
0
0
0
0
0
0
0
0
0
0
50
226
255
255
255
255
152
6
0
0
0
0
0
0
0
0
0
0
0
5
190
255
255
224
226
255
251
104
0
0
0
0
0
0
0
0
0
0
19
170
255
255
178
40
46
235
255
219
21
0
0
0
0
0
0
0
0
0
145
255
255
187
27
0
0
123
243
255
87
0
0
0
0
0
0
0
0
92
247
255
209
33
0
0
0
10
201
255
183
3
0
0
0
0
0
0
8
197
255
207
42
0
0
0
0
4
161
255
227
50
0
0
0
0
0
0
61
234
248
82
0
0
0
0
0
0
124
255
233
61
0
0
0
0
0
0
119
255
214
32
0
0
0
0
0
0
72
244
238
62
0
0
0
0
0
0
106
255
218
41
0
0
0
0
0
0
98
248
209
32
0
0
0
0
0
0
35
215
255
202
97
50
16
8
39
103
223
253
75
0
0
0
0
0
0
0
0
75
220
255
255
248
216
214
244
255
240
130
2
0
0
0
0
0
0
0
0
0
57
132
189
243
255
205
191
126
69
6
0
0
0
0
0
0
0
0
0
0
0
0
13
31
36
17
13
0
0
0
0
0
0
0
0
0
0
0
0
0
0
0
0
0
0
0
0
0
0
0
0
0
0
0
0
0
0
0
0
0
0
0
0
0
0
0
0
0
0
0
0
0
0
0
0