0
0
0
0
0
0
0
0
0
0
0
0
0
0
0
0
0
0
0
0
0
0
0
0
0
0
0
0
0
0
0
0
0
0
0
0
0
0
0
0
0
0
0
0
0
0
0
0
0
0
0
25
17
0
0
0
0
0
0
0
0
0
0
0
0
0
0
48
125
140
120
226
159
0
0
0
0
0
0
0
0
0
0
0
0
0
0
173
255
255
254
255
217
14
0
0
0
0
0
0
0
0
0
0
0
0
0
62
132
103
61
164
247
157
17
0
0
0
0
0
0
0
0
0
0
0
0
0
0
0
0
5
162
255
103
0
0
0
0
0
0
0
0
0
0
0
0
5
14
19
58
147
242
229
62
0
0
0
0
0
0
0
0
0
0
0
34
161
196
213
255
255
175
56
0
0
0
0
0
0
0
0
0
0
0
0
34
196
218
213
238
255
106
0
0
0
0
0
0
0
0
0
0
0
0
0
0
4
6
4
44
164
244
148
10
0
0
0
0
0
0
0
0
0
0
0
0
0
0
0
0
3
130
255
134
0
0
0
0
0
0
0
0
95
99
0
0
0
0
0
0
0
7
168
247
14
0
0
0
0
0
0
9
187
221
32
0
0
0
0
0
0
0
154
255
16
0
0
0
0
0
0
0
79
225
212
102
16
0
0
0
0
17
189
242
14
0
0
0
0
0
0
0
0
30
92
222
225
162
134
136
134
203
251
96
0
0
0
0
0
0
0
0
0
0
5
58
120
185
225
229
223
190
95
9
0
0
0
0
0
0
0
0
0
0
0
0
0
10
22
24
22
12
0
0
0
0
0
0
0
0
0
0
0
0
0
0
0
0
0
0
0
0
0
0
0
0
0
0
0
0
0
0
0
0
0
0
0
0
0
0
0
0
0
0
0
0
0
0
0