0
0
0
0
0
0
0
0
0
0
0
0
0
0
0
0
0
0
0
0
0
0
0
0
0
0
0
0
0
0
0
0
0
0
0
0
0
0
0
0
0
0
0
0
0
0
0
0
0
0
0
11
2
0
0
0
0
0
0
0
0
0
0
0
0
0
0
0
0
0
19
152
31
0
0
0
0
0
0
0
0
0
0
0
0
0
0
0
0
0
28
192
37
0
0
0
0
0
0
0
0
0
0
0
0
0
0
0
0
0
42
161
21
0
0
0
0
0
0
0
0
0
0
0
0
0
0
0
0
0
74
181
13
0
0
0
0
0
0
0
0
0
0
0
0
0
0
0
0
0
107
151
0
0
0
0
0
0
0
0
0
0
0
0
0
0
0
0
0
0
104
113
0
0
0
0
0
0
0
0
0
0
0
0
0
0
0
0
0
0
142
101
0
0
0
0
0
0
0
0
0
0
0
0
0
0
0
0
0
3
168
84
0
0
0
0
0
0
0
0
0
0
0
0
0
0
0
0
0
21
191
44
0
0
0
0
0
0
0
0
0
0
0
0
0
0
0
0
0
51
186
11
0
0
0
0
0
0
0
0
0
0
0
0
0
0
0
0
0
80
150
0
0
0
0
0
0
0
0
0
0
0
0
0
0
0
0
0
0
118
147
0
0
0
0
0
0
0
0
0
0
0
0
0
0
0
0
0
3
168
76
0
0
0
0
0
0
0
0
0
0
0
0
0
0
0
0
0
20
165
16
0
0
0
0
0
0
0
0
0
0
0
0
0
0
0
0
0
1
18
1
0
0
0
0
0
0
0
0
0
0
0
0
0
0
0
0
0
0
0
0
0
0
0
0
0
0
0
0
0
0
0
0
0
0
0
0
0
0
0
0
0
0
0
0
0
0
0
0
0