0
0
0
0
0
0
0
0
0
0
0
0
0
0
0
0
0
0
0
0
0
0
0
0
0
0
0
0
0
0
0
0
0
0
0
0
0
0
0
0
0
0
0
0
0
0
0
0
0
0
0
0
0
0
0
0
0
0
0
0
0
0
0
0
0
29
26
33
53
19
0
0
0
0
0
0
0
0
0
0
0
0
0
0
58
208
213
222
234
208
166
121
26
0
0
0
0
0
0
0
0
0
0
38
206
255
236
197
207
229
253
255
232
115
8
0
0
0
0
0
0
0
0
55
196
135
62
1
18
45
76
135
245
248
73
0
0
0
0
0
0
0
0
1
15
0
0
0
0
0
0
0
132
255
183
5
0
0
0
0
0
0
0
0
0
0
0
0
5
40
43
97
205
255
167
7
0
0
0
0
0
0
0
0
0
0
0
104
187
224
228
252
255
234
55
0
0
0
0
0
0
0
0
0
0
0
0
181
241
237
222
194
218
255
147
0
0
0
0
0
0
0
0
0
0
0
0
30
56
57
38
0
47
218
245
79
0
0
0
0
0
0
73
136
63
17
0
0
0
0
0
0
0
105
255
191
12
0
0
0
0
0
222
255
255
207
139
87
48
3
0
0
0
36
218
255
89
0
0
0
0
0
74
122
170
247
255
255
232
201
159
136
184
204
251
244
74
0
0
0
0
0
0
0
0
28
88
156
201
203
200
198
202
203
188
79
0
0
0
0
0
0
0
0
0
0
0
0
6
6
6
6
6
6
3
0
0
0
0
0
0
0
0
0
0
0
0
0
0
0
0
0
0
0
0
0
0
0
0
0
0
0
0
0
0
0
0
0
0
0
0
0
0
0
0
0
0
0
0
0
0
0
0
0
0
0
0
0
0
0
0
0
0
0
0
0
0
0
0
0