0
0
0
0
0
0
0
0
0
0
0
0
0
0
0
0
0
0
0
0
0
0
0
0
0
0
0
0
0
0
0
0
0
0
0
0
0
0
0
0
0
0
0
0
0
0
0
0
0
0
0
0
0
0
0
0
0
0
0
0
0
0
0
0
0
0
0
9
59
103
103
101
79
9
0
0
0
0
0
0
0
0
0
0
0
20
118
193
237
255
255
255
248
99
0
0
0
0
0
0
0
0
0
0
0
69
250
255
231
172
139
180
255
193
18
0
0
0
0
0
0
0
0
0
0
12
97
86
51
0
8
161
255
193
20
0
0
0
0
0
0
0
0
0
0
0
0
0
0
66
216
255
226
63
0
0
0
0
0
0
0
0
0
0
0
0
0
0
38
216
255
192
48
0
0
0
0
0
0
0
0
0
0
0
0
0
0
0
40
226
240
63
0
0
0
0
0
0
0
0
0
0
0
0
0
0
0
0
7
154
255
219
84
1
0
0
0
0
0
0
0
0
0
0
0
0
0
0
0
17
158
242
234
96
0
0
0
0
0
0
0
0
0
0
0
2
0
0
0
0
4
25
73
195
41
0
0
0
0
0
0
0
0
0
0
76
47
0
0
0
0
0
64
240
67
0
0
0
0
0
0
0
0
0
0
79
193
33
0
0
0
62
219
255
63
0
0
0
0
0
0
0
0
0
0
3
175
226
128
111
143
245
253
142
22
0
0
0
0
0
0
0
0
0
0
0
59
226
255
255
255
255
184
5
0
0
0
0
0
0
0
0
0
0
0
0
0
44
144
194
145
145
46
0
0
0
0
0
0
0
0
0
0
0
0
0
0
0
0
0
0
0
0
0
0
0
0
0
0
0
0
0
0
0
0
0
0
0
0
0
0
0
0
0
0
0
0
0
0
0