0
0
0
0
0
0
0
0
0
0
0
0
0
0
0
0
0
0
0
0
0
0
0
0
0
0
0
0
0
0
0
0
0
0
0
0
0
0
0
0
0
0
0
0
0
0
0
0
0
0
0
0
0
0
0
0
0
0
0
0
0
0
0
0
0
0
0
0
0
0
0
3
56
105
119
75
0
0
0
0
0
0
0
0
0
0
0
1
0
0
105
194
229
230
172
82
0
0
0
0
0
0
0
0
0
0
62
184
126
143
251
166
55
5
0
0
0
0
0
0
0
0
0
0
0
27
214
156
111
227
105
0
0
0
0
0
0
0
0
0
0
0
0
0
0
76
254
25
83
111
0
0
0
0
0
0
0
0
0
0
0
0
0
0
0
40
214
203
151
87
7
0
0
0
0
0
0
0
0
0
0
0
0
0
0
0
26
96
168
230
193
70
0
0
0
0
0
0
0
0
0
0
0
0
0
0
0
0
0
28
167
251
96
0
0
0
0
0
0
0
0
0
0
0
0
0
0
0
0
0
0
113
234
70
0
0
0
0
0
0
0
0
0
0
0
0
0
0
0
0
0
0
223
155
0
0
0
0
0
0
0
0
0
0
0
0
0
21
0
0
0
0
120
207
25
0
0
0
0
0
0
0
0
0
0
0
0
136
0
0
0
0
178
183
7
0
0
0
0
0
0
0
0
0
0
0
0
205
37
0
0
85
252
110
0
0
0
0
0
0
0
0
0
0
0
0
0
153
209
144
163
248
161
12
0
0
0
0
0
0
0
0
0
0
0
0
0
10
158
237
189
114
8
0
0
0
0
0
0
0
0
0
0
0
0
0
0
0
0
0
0
0
0
0
0
0
0
0
0
0
0
0
0
0
0
0
0
0
0
0
0
0
0
0
0
0
0
0
0
0