0
0
0
0
0
0
0
0
0
0
0
0
0
0
0
0
0
0
0
0
0
0
0
0
0
0
0
0
0
0
0
0
0
0
0
0
0
0
0
0
0
0
0
0
0
0
0
0
0
0
0
0
0
0
0
0
0
0
0
0
0
0
0
0
0
0
0
0
0
0
0
0
0
0
0
0
0
0
0
0
0
0
0
0
0
0
0
0
0
0
1
77
180
174
122
64
0
0
0
0
0
0
0
0
0
0
0
0
0
32
169
253
255
255
255
219
39
0
0
0
0
0
0
0
0
0
0
55
160
215
221
130
85
107
190
163
17
0
0
0
0
0
0
0
0
0
31
210
255
151
26
0
0
0
5
5
0
0
0
0
0
0
0
0
0
0
124
255
137
0
0
0
0
1
73
91
6
0
0
0
0
0
0
0
0
0
118
255
212
98
20
5
35
153
251
174
4
0
0
0
0
0
0
0
0
0
28
198
238
255
208
182
242
253
183
46
0
0
0
0
0
0
0
0
0
0
0
34
59
87
96
221
255
185
14
0
0
0
0
0
0
0
0
0
0
0
0
0
0
20
188
255
190
49
0
0
0
0
0
0
0
0
0
0
0
0
0
0
54
197
255
175
15
0
0
0
0
0
0
0
0
0
0
0
0
0
0
93
227
255
199
17
0
0
0
0
0
0
0
0
0
0
0
0
0
5
84
241
255
187
24
0
0
0
0
0
0
0
0
0
0
0
0
0
0
93
249
248
142
20
0
0
0
0
0
0
0
0
0
0
0
0
0
0
3
198
255
77
0
0
0
0
0
0
0
0
0
0
0
0
0
0
0
0
0
76
105
1
0
0
0
0
0
0
0
0
0
0
0
0
0
0
0
0
0
0
0
0
0
0
0
0
0
0
0
0
0
0
0
0