0
0
0
0
0
0
0
0
0
0
0
0
0
0
0
0
0
0
0
0
0
0
0
0
0
0
0
0
0
0
0
0
0
0
0
0
0
0
0
0
0
0
0
0
0
0
0
0
0
0
0
0
0
33
17
0
0
0
0
0
0
0
0
0
0
0
0
0
0
0
0
0
76
255
95
0
0
0
0
0
0
0
0
0
0
0
0
0
0
0
0
0
179
255
59
0
0
0
0
0
0
0
0
0
0
0
0
0
0
0
0
71
248
153
0
0
0
0
0
0
0
0
0
0
0
0
0
0
0
0
14
194
253
69
0
0
0
0
0
0
0
0
0
0
0
0
0
0
0
0
121
255
172
8
0
0
0
0
0
0
0
0
0
0
0
0
0
0
0
26
228
246
60
0
0
0
0
0
0
0
0
0
0
0
0
0
0
0
0
124
255
132
0
0
0
0
0
0
0
0
0
0
0
0
0
0
0
0
19
201
227
40
0
0
0
0
0
0
0
0
0
0
0
0
0
0
0
0
118
255
130
0
0
0
0
0
0
0
0
0
0
0
0
0
0
0
0
40
224
252
50
0
0
0
0
0
0
0
0
0
0
0
0
0
0
0
0
133
255
249
45
0
0
0
0
0
0
0
0
0
0
0
0
0
0
0
7
201
255
160
2
0
0
0
0
0
0
0
0
0
0
0
0
0
0
0
114
255
225
47
0
0
0
0
0
0
0
0
0
0
0
0
0
0
0
0
137
255
118
0
0
0
0
0
0
0
0
0
0
0
0
0
0
0
0
0
19
36
8
0
0
0
0
0
0
0
0
0
0
0
0
0
0
0
0
0
0
0
0
0
0
0
0
0
0
0
0
0
0
0
0
0
0
0
0
0
0
0
0
0
0
0
0
0
0
0
0
0
0
0