0
0
0
0
0
0
0
0
0
0
0
0
0
0
0
0
0
0
0
0
0
0
0
0
0
0
0
0
0
0
0
0
0
0
0
0
0
0
0
0
0
0
0
0
0
0
0
0
0
0
0
0
0
0
0
0
0
0
0
0
0
0
0
0
0
0
0
0
0
0
0
0
0
0
0
0
0
0
0
0
0
0
0
0
0
0
0
0
0
10
29
19
0
0
0
0
0
0
0
0
0
0
0
0
0
0
5
64
161
227
231
229
165
30
0
0
0
0
0
0
0
0
0
0
0
2
127
235
169
95
79
75
178
171
15
0
0
0
0
0
0
0
0
0
0
142
220
72
0
0
0
0
14
140
145
5
0
0
0
0
0
0
0
0
93
239
71
0
0
0
0
0
0
15
101
14
0
0
0
0
0
0
0
21
208
152
0
0
0
0
0
0
0
0
0
0
7
0
0
0
0
0
0
72
233
25
0
0
0
0
0
0
0
0
0
53
162
16
0
0
0
0
0
86
244
28
0
0
0
0
0
0
0
3
67
189
205
17
0
0
0
0
0
35
212
173
59
28
13
12
22
34
90
184
187
120
180
28
0
0
0
0
0
0
66
187
222
218
173
154
158
181
155
79
8
5
184
109
0
0
0
0
0
0
0
12
41
57
63
56
39
24
0
0
0
0
159
183
0
0
0
0
0
0
0
0
0
0
0
0
0
0
0
0
0
0
158
172
0
0
0
0
0
0
0
0
0
0
0
0
0
0
0
0
0
0
76
81
0
0
0
0
0
0
0
0
0
0
0
0
0
0
0
0
0
0
0
0
0
0
0
0
0
0
0
0
0
0
0
0
0
0
0
0
0
0
0
0
0
0
0
0
0
0
0
0
0
0
0
0
0
0
0
0
0
0
0
0
0
0