0
0
0
0
0
0
0
0
0
0
0
0
0
0
0
0
0
0
0
0
0
0
0
0
0
0
0
0
0
0
0
0
0
0
0
0
0
0
0
0
0
0
0
0
0
0
0
0
0
0
15
22
29
29
25
0
0
0
0
0
0
0
0
0
0
0
0
0
48
126
200
223
244
243
229
118
7
0
0
0
0
0
0
0
0
0
0
76
230
234
187
161
147
169
250
226
38
0
0
0
0
0
0
0
0
0
0
117
110
23
1
0
0
72
244
205
22
0
0
0
0
0
0
0
0
0
0
0
0
0
0
0
64
205
250
80
0
0
0
0
0
0
0
0
0
0
0
0
0
0
8
113
240
229
82
0
0
0
0
0
0
0
0
0
0
0
0
0
18
103
174
248
159
19
0
0
0
0
0
0
0
0
0
0
0
0
0
0
125
255
255
154
7
0
0
0
0
0
0
0
0
0
0
0
0
0
0
0
81
192
235
246
122
0
0
0
0
0
0
0
0
0
0
0
0
0
0
0
0
1
77
230
234
28
0
0
0
0
0
0
0
0
5
9
0
0
0
0
0
0
72
252
174
2
0
0
0
0
0
0
0
0
131
115
0
0
0
0
0
46
224
244
58
0
0
0
0
0
0
0
0
0
172
212
34
0
0
4
77
215
255
130
0
0
0
0
0
0
0
0
0
0
76
255
192
147
148
209
255
239
99
5
0
0
0
0
0
0
0
0
0
0
14
142
249
255
255
201
136
60
0
0
0
0
0
0
0
0
0
0
0
0
0
7
30
36
37
16
0
0
0
0
0
0
0
0
0
0
0
0
0
0
0
0
0
0
0
0
0
0
0
0
0
0
0
0
0
0
0
0
0
0
0
0
0
0
0
0
0
0
0
0
0
0
0
0
0
0
0
0