0
0
0
0
0
0
0
0
0
0
0
0
0
0
0
0
0
0
0
0
0
0
0
0
0
0
0
0
0
0
0
0
0
0
0
0
0
0
0
0
0
0
0
0
0
0
0
0
0
0
0
0
0
0
0
0
0
0
0
0
0
0
0
0
0
0
0
0
1
85
113
109
111
99
12
0
0
0
0
0
0
0
0
0
0
0
0
1
119
255
255
255
255
255
200
72
0
0
0
0
0
0
0
0
0
0
0
28
242
226
100
94
106
209
255
225
46
0
0
0
0
0
0
0
0
0
0
11
189
184
0
0
0
49
239
233
50
0
0
0
0
0
0
0
0
0
0
0
122
255
98
18
78
175
255
198
19
0
0
0
0
0
0
0
0
0
0
0
92
255
236
226
255
255
190
51
0
0
0
0
0
0
0
0
0
0
0
0
104
255
255
233
151
61
17
0
0
0
0
0
0
0
0
0
0
0
12
121
255
254
255
185
10
0
0
0
0
0
0
0
0
0
0
0
0
0
115
255
215
98
252
185
11
0
0
0
0
0
0
0
0
0
0
0
0
20
208
229
42
0
219
188
12
0
0
0
0
0
0
0
0
0
0
0
0
97
254
126
0
6
251
186
12
0
0
0
0
0
0
0
0
0
0
0
0
168
255
123
0
68
255
188
12
0
0
0
0
0
0
0
0
0
0
0
0
130
255
161
30
131
255
168
4
0
0
0
0
0
0
0
0
0
0
0
0
21
204
255
225
253
238
54
0
0
0
0
0
0
0
0
0
0
0
0
0
0
20
112
175
191
60
0
0
0
0
0
0
0
0
0
0
0
0
0
0
0
0
0
0
0
0
0
0
0
0
0
0
0
0
0
0
0
0
0
0
0
0
0
0
0
0
0
0
0
0
0
0
0
0
0