0
0
0
0
0
0
0
0
0
0
0
0
0
0
0
0
0
0
0
0
0
0
0
0
0
0
0
0
0
0
0
0
0
0
0
0
0
0
0
0
0
0
0
0
0
0
0
0
0
0
0
0
0
0
0
0
0
0
0
0
0
0
0
0
0
0
0
0
0
0
0
0
0
0
0
0
0
0
0
0
0
0
0
0
0
0
0
0
0
0
5
13
15
13
6
0
0
0
0
0
0
0
0
0
0
0
0
0
49
149
207
230
214
233
226
115
28
0
0
0
0
0
0
0
0
0
0
91
218
186
117
72
47
75
140
244
152
4
0
0
0
0
0
0
0
0
29
227
154
9
0
0
0
0
0
82
208
37
0
0
0
0
0
0
0
0
56
224
59
0
0
14
97
84
0
71
192
15
0
0
0
0
0
0
0
0
54
236
187
130
143
197
255
163
0
52
82
0
0
0
0
0
0
0
0
0
1
108
195
177
143
209
249
84
0
0
0
0
0
0
0
0
0
0
0
0
0
0
0
0
74
240
160
0
0
0
0
0
0
0
0
0
0
0
0
0
0
0
0
50
232
215
27
0
0
0
0
0
0
0
0
0
0
0
0
0
0
0
31
193
236
73
0
0
0
0
0
0
0
0
0
0
0
0
0
0
0
12
173
250
98
0
0
0
0
0
0
0
0
0
0
0
0
0
0
0
17
160
250
128
0
0
0
0
0
0
0
0
0
0
0
0
0
0
0
3
149
255
123
0
0
0
0
0
0
0
0
0
0
0
0
0
0
0
0
84
254
165
6
0
0
0
0
0
0
0
0
0
0
0
0
0
0
0
0
144
240
69
0
0
0
0
0
0
0
0
0
0
0
0
0
0
0
0
0
40
47
0
0
0
0
0
0
0
0
0
0
0
0
0