0
0
0
0
0
0
0
0
0
0
0
0
0
0
0
0
0
0
0
0
0
0
0
0
0
0
0
0
0
0
0
0
0
0
0
0
0
0
0
0
0
0
0
0
0
0
0
0
0
0
0
0
0
0
0
0
0
0
0
0
0
0
0
0
0
0
0
0
0
0
0
0
0
0
0
0
0
0
0
0
0
0
0
0
0
0
0
0
0
0
0
0
0
0
0
0
0
0
0
0
0
0
0
0
18
33
33
34
22
23
19
0
0
0
0
0
0
0
0
0
0
0
0
70
204
217
216
217
201
201
198
147
62
7
0
0
0
0
0
0
0
0
0
47
184
140
107
106
140
145
127
192
241
121
3
0
0
0
0
0
0
0
0
0
0
0
0
0
0
0
0
112
255
154
3
0
0
0
0
0
0
0
0
0
0
0
0
0
0
17
83
217
237
36
0
0
0
0
0
0
0
0
0
0
0
0
0
18
143
201
252
255
246
83
4
0
0
0
0
0
0
0
0
0
0
0
0
15
155
184
255
204
142
194
160
44
0
0
0
0
0
0
0
0
0
0
0
0
0
147
255
101
0
15
124
211
149
52
0
0
0
0
0
0
0
0
0
0
22
204
196
20
0
0
0
33
37
31
0
0
0
0
0
0
0
0
0
0
115
249
75
0
0
0
0
0
0
0
0
0
0
0
0
0
0
0
0
27
244
170
0
0
0
0
0
0
0
0
0
0
0
0
0
0
0
0
0
10
139
74
0
0
0
0
0
0
0
0
0
0
0
0
0
0
0
0
0
0
1
1
0
0
0
0
0
0
0
0
0
0
0
0
0
0
0
0
0
0
0
0
0
0
0
0
0
0
0
0
0
0
0
0
0
0
0
0
0
0
0
0
0
0
0
0
0
0
0
0
0
0