0
0
0
0
0
0
0
0
0
0
0
0
0
0
0
0
0
0
0
0
0
0
0
0
0
0
0
0
0
0
0
0
0
0
0
0
0
0
0
0
0
0
0
0
0
0
0
18
16
0
0
0
0
0
0
0
0
0
0
0
0
0
0
0
0
0
0
122
189
20
0
6
84
9
0
0
0
0
0
0
0
0
0
0
0
0
0
65
255
88
0
13
218
118
0
0
0
0
0
0
0
0
0
0
0
0
0
80
255
91
0
44
233
114
0
0
0
0
0
0
0
0
0
0
0
0
0
122
249
60
0
79
226
55
0
0
0
0
0
0
0
0
0
0
0
0
3
197
211
28
0
124
238
45
0
0
0
0
0
0
0
0
0
0
0
0
42
246
161
0
0
136
227
16
0
0
0
0
0
0
0
0
0
0
0
0
96
251
111
0
0
144
224
7
0
0
0
0
0
0
0
0
0
0
0
4
170
243
54
0
10
190
224
0
0
0
0
0
0
0
0
0
0
0
0
12
187
209
17
53
94
241
231
112
90
2
0
0
0
0
0
0
0
0
0
27
208
255
232
247
247
255
255
254
223
33
0
0
0
0
0
0
0
0
0
7
140
225
206
170
150
237
201
94
57
4
0
0
0
0
0
0
0
0
0
0
14
38
26
0
49
249
107
0
0
0
0
0
0
0
0
0
0
0
0
0
0
0
0
0
72
255
53
0
0
0
0
0
0
0
0
0
0
0
0
0
0
0
0
0
58
177
15
0
0
0
0
0
0
0
0
0
0
0
0
0
0
0
0
0
5
17
1
0
0
0
0
0
0
0
0
0
0
0
0
0
0
0
0
0
0
0
0
0
0
0
0
0
0
0
0
0
0
0
0
0
0
0
0
0
0
0
0
0
0
0
0
0
0
0