0
0
0
0
0
0
0
0
0
0
0
0
0
0
0
0
0
0
0
0
0
0
0
0
0
0
0
0
0
0
0
0
0
0
0
0
0
0
0
0
0
0
0
0
0
0
0
0
0
0
0
0
0
0
0
0
0
0
0
0
0
0
0
0
0
0
0
0
12
35
34
1
0
0
0
0
0
0
0
0
0
0
0
0
0
0
17
141
201
215
215
85
0
0
0
0
0
0
0
0
0
0
0
0
0
25
195
255
255
255
255
238
136
33
0
0
0
0
0
0
0
0
0
0
0
132
255
255
248
228
244
255
255
216
90
0
0
0
0
0
0
0
0
0
45
233
255
192
87
22
62
133
210
255
249
97
0
0
0
0
0
0
0
0
166
255
179
9
0
0
0
0
0
135
255
247
92
0
0
0
0
0
0
55
232
242
73
0
0
0
0
0
0
14
172
255
227
40
0
0
0
0
0
109
255
192
12
0
0
0
0
0
0
0
16
196
255
115
0
0
0
0
0
109
255
114
0
0
0
0
0
0
0
0
0
111
255
178
0
0
0
0
0
109
255
78
0
0
0
0
0
0
0
0
0
113
255
209
0
0
0
0
0
109
255
77
0
0
0
0
0
0
0
0
20
215
255
122
0
0
0
0
0
109
255
101
0
0
0
0
0
0
0
0
116
255
239
39
0
0
0
0
0
107
255
218
42
0
0
0
0
0
0
105
238
251
79
0
0
0
0
0
0
37
207
255
208
105
89
74
87
101
166
255
227
94
0
0
0
0
0
0
0
0
40
73
79
70
64
59
64
69
81
75
38
0
0
0
0
0
0
0
0
0
0
0
0
0
0
0
0
0
0
0
0
0
0
0
0
0
0
0
0
0
0
0
0
0
0
0
0
0
0
0
0
0
0
0
0
0