0
0
0
0
0
0
0
0
0
0
0
0
0
0
0
0
0
0
0
0
0
0
0
0
0
0
0
0
0
0
0
0
0
0
0
0
0
0
0
0
0
0
0
0
0
0
0
0
0
0
0
0
0
0
0
0
25
15
0
0
0
0
0
0
0
0
0
0
0
0
0
0
0
0
34
127
233
103
0
0
0
0
0
0
0
0
0
0
0
0
0
0
22
130
220
255
230
47
0
0
0
0
0
0
0
0
0
0
0
82
139
153
231
255
234
166
44
0
0
0
0
0
0
0
0
0
0
0
0
182
255
255
240
158
53
0
0
0
0
0
0
0
0
0
0
0
0
0
74
234
107
28
29
2
0
0
0
0
0
0
0
0
0
0
0
0
0
7
177
183
0
0
0
0
0
0
0
0
0
0
0
0
0
0
0
0
0
14
201
203
35
0
0
0
0
0
0
0
0
0
0
0
0
0
0
0
0
0
85
240
189
21
0
0
0
0
0
0
0
0
0
0
0
0
0
0
0
0
0
89
255
120
0
0
0
0
0
0
0
0
0
0
0
12
11
0
0
0
0
0
207
189
11
0
0
0
0
0
0
0
0
0
0
102
170
6
0
0
0
46
218
160
4
0
0
0
0
0
0
0
0
0
0
74
243
112
0
0
22
185
233
46
0
0
0
0
0
0
0
0
0
0
0
0
134
242
135
115
214
250
100
0
0
0
0
0
0
0
0
0
0
0
0
0
16
150
255
255
195
97
0
0
0
0
0
0
0
0
0
0
0
0
0
0
0
5
32
34
13
0
0
0
0
0
0
0
0
0
0
0
0
0
0
0
0
0
0
0
0
0
0
0
0
0
0
0
0
0
0
0
0
0
0
0
0
0
0
0
0
0
0
0
0
0
0
0
0
0
0
0