0
0
0
0
0
0
0
0
0
0
0
0
0
0
0
0
0
0
0
0
0
0
0
0
0
0
0
0
0
0
0
0
0
0
0
0
0
0
0
0
0
0
0
0
0
109
226
222
148
70
6
0
0
0
0
0
0
0
0
0
0
0
0
0
52
241
174
156
224
254
169
63
0
0
0
0
0
0
0
0
0
0
0
0
28
132
4
0
35
101
233
238
74
0
0
0
0
0
0
0
0
0
0
0
0
0
0
0
0
0
35
187
238
65
0
0
0
0
0
0
0
0
0
0
0
0
0
0
0
0
0
34
230
171
3
0
0
0
0
0
0
0
0
0
0
0
0
0
0
0
0
0
92
247
68
0
0
0
0
0
0
0
0
0
0
0
0
0
0
0
0
0
28
255
90
0
0
0
0
0
0
0
0
0
0
0
0
0
0
0
0
0
52
255
87
0
0
0
0
0
0
0
0
0
0
0
0
0
0
0
0
2
175
218
35
0
0
0
0
0
0
0
0
0
0
11
103
153
145
140
105
130
255
143
0
0
0
0
0
0
0
0
0
0
4
179
255
251
233
245
253
254
246
104
22
0
0
0
0
0
0
0
0
0
9
247
218
69
5
90
253
255
248
255
223
129
29
0
0
0
0
0
0
0
5
212
233
110
100
198
243
124
68
168
246
253
80
0
0
0
0
0
0
0
0
69
224
255
255
221
114
0
0
0
34
67
17
0
0
0
0
0
0
0
0
2
43
94
98
32
0
0
0
0
0
0
0
0
0
0
0
0
0
0
0
0
0
0
0
0
0
0
0
0
0
0
0
0
0
0
0
0
0
0
0
0
0
0
0
0
0
0
0
0
0
0
0
0
0
0
0
0
0
0
0
0
0
0
0
0
0
0
0
0
0
0
0
0
0
0