0
0
0
0
0
0
0
0
0
0
0
0
0
0
0
0
0
0
0
0
0
0
0
0
0
0
0
0
0
0
0
0
0
0
0
0
0
0
0
0
0
0
0
0
0
0
0
0
0
0
0
0
0
0
0
0
0
0
0
0
0
0
0
0
0
0
0
0
0
30
87
110
108
64
3
0
0
0
0
0
0
0
0
0
0
0
0
0
66
204
255
255
255
245
74
82
107
14
0
0
0
0
0
0
0
0
0
10
180
255
218
143
130
149
209
241
255
54
0
0
0
0
0
0
0
0
0
94
255
195
52
0
0
66
235
255
164
20
0
0
0
0
0
0
0
0
0
138
255
100
0
2
112
238
255
108
0
0
0
0
0
0
0
0
0
0
0
138
255
159
18
132
255
237
146
0
0
0
0
0
0
0
0
0
0
0
0
75
239
250
197
250
203
86
2
0
0
0
0
0
0
0
0
0
0
0
0
0
139
255
255
176
16
0
0
0
0
0
0
0
0
0
0
0
0
0
0
58
200
255
255
113
0
0
0
0
0
0
0
0
0
0
0
0
0
0
70
233
191
163
254
185
15
0
0
0
0
0
0
0
0
0
0
0
0
75
236
177
15
4
230
242
42
0
0
0
0
0
0
0
0
0
0
0
13
201
185
11
0
43
241
234
27
0
0
0
0
0
0
0
0
0
0
0
136
247
83
40
124
219
255
156
4
0
0
0
0
0
0
0
0
0
0
0
134
254
198
233
255
248
178
32
0
0
0
0
0
0
0
0
0
0
0
0
57
178
220
178
125
58
9
0
0
0
0
0
0
0
0
0
0
0
0
0
0
0
0
0
0
0
0
0
0
0
0
0
0
0
0
0
0
0
0
0
0
0
0
0
0
0
0
0
0
0
0
0
0
0
0
0