0
0
0
0
0
0
0
0
0
0
0
0
0
0
0
0
0
0
0
0
0
0
0
0
0
0
0
0
0
0
0
0
0
0
0
0
0
0
0
0
0
0
0
0
0
0
0
0
0
0
0
0
0
0
0
0
0
0
0
0
0
0
0
0
0
0
0
1
39
4
0
0
0
0
76
44
0
0
0
0
0
0
0
0
0
0
0
136
207
40
0
0
0
31
228
138
0
0
0
0
0
0
0
0
0
0
74
255
215
31
0
0
0
130
255
102
0
0
0
0
0
0
0
0
0
0
147
255
210
29
0
0
9
187
255
73
0
0
0
0
0
0
0
0
0
47
236
255
113
0
0
0
50
251
238
13
0
0
0
0
0
0
0
0
0
70
255
226
12
0
0
0
194
255
119
0
0
0
0
0
0
0
0
0
0
104
255
185
0
0
0
50
239
255
67
0
0
0
0
0
0
0
0
0
0
106
255
226
49
23
45
198
255
255
68
0
0
0
0
0
0
0
0
0
0
45
236
255
243
202
222
255
253
141
16
0
0
0
0
0
0
0
0
0
0
0
76
214
247
254
255
255
163
0
0
0
0
0
0
0
0
0
0
0
0
0
0
5
65
134
255
251
28
0
0
0
0
0
0
0
0
0
0
0
0
0
0
0
22
188
255
118
0
0
0
0
0
0
0
0
0
0
0
0
0
0
0
0
117
255
197
29
0
0
0
0
0
0
0
0
0
0
0
0
0
0
0
60
255
230
38
0
0
0
0
0
0
0
0
0
0
0
0
0
0
0
0
110
190
46
0
0
0
0
0
0
0
0
0
0
0
0
0
0
0
0
0
0
0
0
0
0
0
0
0
0
0
0
0
0
0
0
0
0
0
0
0
0
0
0
0
0
0
0
0
0
0
0
0
0