0
0
0
0
0
0
0
0
0
0
0
0
0
0
0
0
0
0
0
0
0
0
0
0
0
0
0
0
6
118
133
24
0
0
0
0
0
0
0
0
0
0
0
0
0
0
0
0
109
255
224
43
0
0
0
0
0
0
0
0
0
0
0
0
0
0
0
72
234
208
54
0
0
0
0
0
0
0
0
0
0
0
0
0
0
0
0
155
255
154
0
0
0
0
0
0
0
0
0
0
0
0
0
0
0
0
3
183
241
58
0
0
0
0
0
0
0
0
0
0
0
0
0
0
0
0
47
246
149
0
0
0
0
0
0
0
0
0
0
0
0
0
0
0
0
0
133
255
136
0
0
0
0
1
0
0
0
0
0
0
0
0
0
0
0
12
183
255
135
0
44
85
142
155
103
60
6
0
0
0
0
0
0
0
0
11
181
255
137
104
231
250
255
240
229
229
73
0
0
0
0
0
0
0
0
11
180
255
230
243
206
124
103
14
110
255
156
1
0
0
0
0
0
0
0
12
181
255
241
242
41
0
0
29
216
255
114
0
0
0
0
0
0
0
0
11
184
255
160
43
2
7
44
198
250
115
11
0
0
0
0
0
0
0
0
1
117
255
225
125
133
179
236
255
123
0
0
0
0
0
0
0
0
0
0
0
13
186
255
255
255
255
231
124
7
0
0
0
0
0
0
0
0
0
0
0
0
20
134
184
100
80
16
0
0
0
0
0
0
0
0
0
0
0
0
0
0
0
0
0
0
0
0
0
0
0
0
0
0
0
0
0
0
0
0
0
0
0
0
0
0
0
0
0
0
0
0
0
0
0
0
0
0
0
0
0
0
0
0
0
0
0
0
0
0
0
0
0
0
0
0
0
0
0
0
0
0
0
0
0
0
0
0
0
0
0
0
0
0
0