0
0
0
0
0
0
0
0
0
0
0
0
0
0
0
0
0
0
0
0
0
0
0
0
0
0
0
0
0
0
0
0
0
0
0
0
0
0
0
0
0
0
0
0
0
0
0
0
0
0
0
0
1
31
4
0
0
0
0
0
0
0
0
0
0
0
0
0
0
0
0
0
106
250
91
0
0
0
0
0
0
0
0
0
0
0
0
0
0
0
0
0
185
255
134
0
0
0
0
0
0
0
0
0
0
0
3
7
0
0
0
38
227
251
69
0
0
0
0
0
0
0
0
0
0
0
78
137
0
0
0
105
254
241
52
0
0
0
0
0
0
0
0
0
0
33
213
224
18
0
14
185
255
171
11
0
0
0
0
0
0
0
0
0
0
124
255
200
0
0
18
191
255
108
0
0
0
0
0
0
0
0
0
0
116
239
255
157
0
0
16
192
255
140
0
0
0
0
0
0
0
0
0
50
230
255
255
176
53
19
76
250
255
220
39
0
0
0
0
0
0
0
0
76
242
255
255
255
248
202
209
252
255
251
59
0
0
0
0
0
0
0
0
1
104
194
228
233
242
251
255
253
255
165
16
0
0
0
0
0
0
0
0
0
0
9
25
46
66
84
245
255
226
35
0
0
0
0
0
0
0
0
0
0
0
0
0
0
0
1
233
255
212
22
0
0
0
0
0
0
0
0
0
0
0
0
0
0
0
9
240
255
233
34
0
0
0
0
0
0
0
0
0
0
0
0
0
0
0
5
171
244
169
10
0
0
0
0
0
0
0
0
0
0
0
0
0
0
0
0
11
30
12
0
0
0
0
0
0
0
0
0
0
0
0
0
0
0
0
0
0
0
0
0
0
0
0
0
0
0
0
0
0
0
0
0
0
0
0
0
0
0
0
0
0
0
0
0
0
0