0
0
0
0
0
0
0
0
0
0
0
0
0
0
0
0
0
0
0
0
0
0
0
0
0
0
0
0
0
0
0
0
0
0
0
0
0
0
0
0
0
0
0
0
0
0
0
0
0
0
0
0
0
0
0
0
0
0
0
0
0
0
0
0
0
0
0
0
0
0
0
0
14
42
0
0
0
0
0
0
0
0
0
0
0
0
0
0
0
0
0
15
157
102
0
0
0
0
0
0
0
0
0
0
0
3
4
0
0
0
43
184
216
15
0
0
0
0
0
0
0
0
0
0
0
93
129
28
30
92
221
255
111
0
0
0
0
0
0
0
0
0
0
0
0
159
255
240
233
225
157
217
43
0
0
0
0
0
0
0
0
0
0
0
0
28
125
163
121
48
30
187
31
0
0
0
0
0
0
0
0
0
0
0
0
0
0
0
0
0
30
195
29
0
0
4
1
0
0
0
0
0
0
0
0
0
0
0
0
0
64
219
107
94
155
176
25
0
0
0
0
0
0
0
0
0
0
8
111
165
223
254
255
255
206
110
8
0
0
0
0
0
0
0
0
0
0
98
255
244
237
227
99
32
15
0
0
0
0
0
0
0
0
0
0
0
0
100
129
37
75
155
2
0
0
0
0
0
0
0
0
0
0
0
0
0
0
0
0
0
87
164
5
0
0
0
0
0
0
0
0
0
0
0
0
0
0
0
0
0
128
146
0
0
0
0
0
0
0
0
0
0
0
0
0
0
0
0
10
54
179
74
0
0
0
0
0
0
0
0
0
0
0
0
0
0
0
0
31
174
184
27
0
0
0
0
0
0
0
0
0
0
0
0
0
0
0
0
0
0
0
0
0
0
0
0
0
0
0
0
0
0
0
0
0
0
0
0
0
0
0
0
0
0
0
0
0
0
0
0