0
0
0
0
0
0
0
0
0
0
0
0
0
0
0
0
0
0
0
0
0
0
0
0
0
0
0
0
0
0
0
0
0
0
0
0
0
0
0
0
0
0
0
0
0
0
0
0
0
0
0
0
0
0
0
0
0
0
0
0
0
0
0
0
0
0
0
0
0
0
0
0
36
8
0
0
0
0
0
0
0
0
7
22
0
0
0
0
0
0
0
0
195
199
173
90
6
0
0
0
0
0
3
11
0
0
0
0
3
85
61
2
153
206
166
230
144
5
0
0
0
0
0
0
0
0
0
0
29
219
212
31
0
9
17
191
255
36
0
0
0
0
0
0
0
0
0
0
29
217
255
80
0
32
150
255
198
17
0
0
0
0
0
0
0
0
0
0
3
128
255
161
137
220
255
156
32
0
0
0
0
0
0
0
0
0
0
0
0
55
249
255
252
191
116
0
0
0
0
0
0
0
0
0
0
0
0
50
130
211
255
255
147
0
0
0
0
0
0
0
0
0
0
0
0
0
89
233
255
202
230
255
93
0
0
0
0
0
0
0
0
0
0
0
0
109
255
243
134
31
198
255
38
0
0
0
0
0
0
0
0
0
0
0
14
217
226
74
0
50
239
213
20
0
0
0
0
0
0
0
0
0
0
0
55
252
166
0
16
180
255
103
0
0
0
0
0
0
0
0
0
0
0
0
38
238
212
120
186
255
180
23
0
0
0
0
0
0
0
0
0
0
0
0
0
101
224
255
242
177
40
0
0
0
0
0
0
0
0
0
0
0
0
0
0
0
23
34
29
9
0
0
0
0
0
0
0
0
0
0
0
0
0
0
0
0
0
0
0
0
0
0
0
0
0
0
0
0
0
0
0
0
0
0
0
0
0
0
0
0
0
0
0
0
0
0
0
0
0
0