0
0
0
0
0
0
0
0
0
0
0
0
0
0
0
0
0
0
0
0
0
0
0
0
0
0
0
0
0
0
0
0
0
0
0
0
0
0
0
0
0
0
0
0
0
0
0
0
0
0
0
0
0
0
0
0
0
0
0
0
0
0
0
0
0
0
0
0
0
0
0
0
0
0
38
93
115
117
65
0
0
0
0
0
0
0
0
0
0
0
4
34
131
186
221
239
196
124
44
0
0
0
0
0
0
0
0
0
27
137
222
233
252
201
121
31
4
0
0
0
0
0
0
0
0
0
0
12
185
255
255
243
100
12
0
0
0
0
0
0
0
0
0
0
0
0
0
96
222
235
246
117
0
0
0
0
0
0
0
0
0
0
0
0
0
0
0
158
157
231
142
3
0
0
0
0
0
0
0
0
0
0
0
0
0
0
0
57
160
223
17
0
0
0
0
0
0
0
0
0
0
0
0
0
0
0
0
14
212
160
0
0
0
0
0
0
0
0
0
0
0
0
0
0
0
11
12
11
186
247
109
12
0
0
0
0
0
0
0
0
0
0
0
0
0
79
75
0
25
178
255
185
16
0
0
0
0
0
0
0
0
0
0
0
1
134
80
0
0
17
177
254
74
0
0
0
0
0
0
0
0
0
0
0
0
124
129
0
0
0
66
255
86
0
0
0
0
0
0
0
0
0
0
0
0
56
213
104
1
0
168
238
33
0
0
0
0
0
0
0
0
0
0
0
0
0
69
224
147
140
252
155
5
0
0
0
0
0
0
0
0
0
0
0
0
0
0
94
211
222
133
13
0
0
0
0
0
0
0
0
0
0
0
0
0
0
0
0
0
0
0
0
0
0
0
0
0
0
0
0
0
0
0
0
0
0
0
0
0
0
0
0
0
0
0
0
0
0
0
0