0
0
0
0
0
0
0
0
0
0
0
0
0
0
0
0
0
0
0
0
0
0
0
0
0
0
0
0
0
0
0
0
0
0
0
0
0
0
0
0
0
0
0
0
0
0
0
0
0
0
0
0
0
0
0
0
0
0
0
0
0
0
0
0
0
0
0
0
0
23
85
32
0
0
0
0
0
0
0
0
0
0
0
0
0
0
0
0
19
171
255
106
0
0
0
0
0
0
0
0
0
0
0
0
0
0
0
24
173
255
228
57
0
0
0
10
17
0
0
0
0
0
0
0
0
0
0
140
255
225
59
0
0
0
0
78
84
0
0
0
0
0
0
0
0
0
94
247
244
73
0
0
0
0
11
209
90
0
0
0
0
0
0
0
0
33
218
255
232
138
88
43
1
6
141
252
85
0
0
0
0
0
0
0
1
170
255
255
255
255
255
229
196
198
255
227
44
0
0
0
0
0
0
0
13
197
237
205
197
197
199
201
224
255
255
119
2
0
0
0
0
0
0
0
0
37
63
22
9
10
9
10
160
255
191
3
0
0
0
0
0
0
1
5
0
0
0
0
0
0
0
111
255
217
41
0
0
0
0
0
0
0
5
21
1
0
0
0
0
0
36
216
255
123
0
0
0
0
0
0
0
0
0
1
0
0
0
0
0
10
178
255
184
13
0
0
0
0
0
0
0
0
0
0
0
0
0
0
0
118
255
224
34
0
0
0
0
0
0
0
0
0
0
0
0
0
0
0
55
232
249
100
0
0
0
0
0
0
0
0
0
0
0
0
0
0
0
10
158
226
132
0
0
0
0
0
0
0
0
0
0
0
0
0
0
0
0
0
0
0
0
0
0
0
0
0
0
0
0
0
0
0
0
0
0
0
0
0
0
0
0
0
0
0
0
0
0
0
0
0