0
0
0
0
0
0
0
0
0
0
0
0
0
0
0
0
0
0
0
0
0
0
0
0
0
0
0
0
0
0
0
0
0
0
0
0
0
0
0
0
0
0
0
0
0
0
0
0
25
37
22
16
8
0
0
0
0
0
0
0
0
0
0
0
0
0
19
102
225
255
216
196
172
51
0
0
0
0
0
0
0
0
0
0
0
4
144
254
255
255
255
255
255
224
66
0
0
0
0
0
0
0
0
0
0
1
168
255
255
225
160
178
207
248
199
11
0
0
0
0
0
0
0
0
0
15
190
255
140
48
0
2
15
145
255
100
0
0
0
0
0
0
0
0
0
97
255
177
0
0
0
0
0
68
252
190
9
0
0
0
0
0
0
0
8
195
251
84
0
0
0
0
0
14
157
255
103
0
0
0
0
0
0
0
71
255
184
12
0
0
0
0
0
0
110
255
138
0
0
0
0
0
0
5
183
255
130
0
0
0
0
0
0
0
96
255
151
1
0
0
0
0
0
30
215
244
66
0
0
0
0
0
0
0
120
255
132
0
0
0
0
0
0
75
249
192
7
0
0
0
0
0
0
2
175
255
130
0
0
0
0
0
4
158
255
139
0
0
0
0
0
0
0
2
182
255
96
0
0
0
0
0
11
185
255
187
47
10
4
0
0
0
3
34
197
251
77
0
0
0
0
0
0
77
229
255
248
232
193
153
157
158
223
250
255
203
34
0
0
0
0
0
0
0
58
146
199
253
255
255
255
255
198
139
120
49
0
0
0
0
0
0
0
0
0
0
16
34
36
36
36
36
16
0
0
0
0
0
0
0
0
0
0
0
0
0
0
0
0
0
0
0
0
0
0
0
0
0
0
0
0
0
0
0
0
0
0
0
0
0
0
0
0
0
0
0
0
0
0
0