0
0
0
0
0
0
0
0
0
0
0
0
0
0
0
0
0
0
0
0
0
0
0
0
0
0
0
0
0
0
0
0
0
0
0
0
0
0
0
0
0
0
0
0
0
0
0
0
12
27
13
0
0
0
0
0
0
0
0
0
0
0
0
0
0
0
0
66
187
237
196
94
3
0
0
0
0
0
0
0
0
0
0
0
0
0
93
242
247
164
189
250
155
14
0
0
0
0
0
0
0
0
0
0
0
0
166
255
85
0
6
118
252
180
22
0
0
0
0
0
0
0
0
0
0
15
191
195
0
0
0
0
135
255
83
0
0
0
0
0
0
0
0
0
0
15
192
170
0
15
20
9
117
240
54
0
0
0
0
0
0
0
0
0
0
5
172
221
134
196
210
192
244
166
4
0
0
0
0
0
0
0
0
0
0
0
94
255
255
255
255
255
255
219
60
0
0
0
0
0
0
0
0
0
0
0
0
105
228
246
192
106
83
237
207
20
0
0
0
0
0
0
0
0
0
0
0
50
182
104
2
0
0
112
255
70
0
0
0
0
0
0
0
0
0
0
18
197
154
0
0
0
0
74
240
70
0
0
0
0
0
0
0
0
0
0
115
247
70
0
0
0
0
105
253
57
0
0
0
0
0
0
0
0
0
0
121
255
159
13
0
0
38
217
188
9
0
0
0
0
0
0
0
0
0
0
10
171
255
207
131
167
237
213
45
0
0
0
0
0
0
0
0
0
0
0
0
26
122
211
255
233
136
33
0
0
0
0
0
0
0
0
0
0
0
0
0
0
0
19
37
25
0
0
0
0
0
0
0
0
0
0
0
0
0
0
0
0
0
0
0
0
0
0
0
0
0
0
0
0
0
0
0
0
0
0
0
0
0
0
0
0
0
0
0
0
0
0
0
0