0
0
0
0
0
0
0
0
0
0
0
0
0
0
0
0
0
0
0
0
0
0
0
0
0
0
0
0
0
0
0
0
0
0
0
0
0
0
0
0
0
0
0
0
0
0
0
0
0
0
0
0
0
0
0
0
0
0
0
0
0
0
0
0
0
0
0
0
0
0
0
0
0
0
0
0
0
0
0
0
0
0
0
0
0
0
0
0
58
93
0
0
0
0
0
0
0
0
0
0
0
0
0
0
0
0
0
26
214
155
0
0
0
0
0
0
0
0
0
0
0
0
0
0
0
0
0
136
254
78
0
5
102
135
24
0
0
0
0
0
0
0
0
0
0
0
0
196
211
22
4
128
252
255
95
0
0
0
0
0
0
0
0
0
0
0
14
220
204
110
176
241
255
255
82
0
0
0
0
0
0
0
0
0
0
0
18
221
255
255
218
120
238
208
25
0
0
0
0
0
0
0
0
0
0
0
0
85
170
115
18
144
255
111
0
0
0
0
0
0
0
0
0
0
0
0
0
0
0
0
68
242
186
2
0
0
0
0
0
0
0
0
0
0
0
0
0
0
0
7
182
254
57
0
0
0
0
0
0
0
0
0
0
0
0
0
0
0
0
88
255
151
1
0
0
0
0
0
0
0
0
0
0
0
0
0
0
0
23
203
209
29
0
0
0
0
0
0
0
0
0
0
0
0
0
0
0
0
99
253
97
0
0
0
0
0
0
0
0
0
0
0
0
0
0
0
0
18
205
202
13
0
0
0
0
0
0
0
0
0
0
0
0
0
0
0
0
77
255
121
0
0
0
0
0
0
0
0
0
0
0
0
0
0
0
0
0
41
133
27
0
0
0
0
0
0
0
0
0
0
0
0
0
0
0
0
0
0
0
0
0
0
0
0
0
0
0
0
0
0