0
0
0
0
0
0
0
0
0
0
0
0
0
0
0
0
0
0
0
0
0
0
0
0
0
0
0
0
0
0
0
0
0
0
0
0
0
0
0
0
0
0
0
0
0
0
0
0
0
0
0
0
3
32
17
0
0
0
0
0
0
0
0
0
0
0
0
0
0
0
0
0
108
246
93
0
0
0
0
0
0
0
0
0
0
0
0
0
0
0
0
19
225
212
30
0
0
0
0
0
0
0
0
0
0
0
0
0
0
0
0
71
251
192
18
0
0
0
0
0
0
0
0
0
0
0
0
0
0
0
11
174
255
163
0
0
0
0
0
0
0
0
0
0
0
0
0
0
0
0
56
233
255
103
0
0
0
0
0
0
0
0
0
0
0
0
0
0
0
2
182
255
206
16
0
0
0
0
0
0
0
0
0
0
0
0
0
0
0
59
245
255
98
0
0
0
0
0
0
0
0
0
0
0
0
0
0
0
23
203
255
167
7
0
0
0
0
0
0
0
0
0
0
0
0
0
0
0
129
255
227
53
0
0
0
0
0
0
0
0
0
0
0
0
0
0
0
22
202
255
146
0
0
0
0
0
0
0
0
0
0
0
0
0
0
0
0
91
255
236
28
0
0
0
0
0
0
0
0
0
0
0
0
0
0
0
0
163
255
177
2
0
0
0
0
0
0
0
0
0
0
0
0
0
0
0
39
229
255
78
0
0
0
0
0
0
0
0
0
0
0
0
0
0
0
0
54
235
183
18
0
0
0
0
0
0
0
0
0
0
0
0
0
0
0
0
0
29
15
0
0
0
0
0
0
0
0
0
0
0
0
0
0
0
0
0
0
0
0
0
0
0
0
0
0
0
0
0
0
0
0
0
0
0
0
0
0
0
0
0
0
0
0
0
0
0
0
0
0
0