0
0
0
0
0
0
0
0
0
0
0
0
0
0
0
0
0
0
0
0
0
0
0
0
0
0
0
0
0
0
0
0
0
0
0
0
0
0
0
0
0
0
0
0
0
0
0
0
0
0
0
0
0
0
0
0
0
0
0
0
0
0
0
0
0
0
0
0
0
0
0
3
46
77
107
19
0
0
0
0
0
0
0
0
0
0
0
2
34
47
128
189
227
233
217
34
0
0
0
0
0
0
0
0
0
0
0
78
244
228
199
200
139
56
11
0
0
0
0
0
0
0
0
0
0
0
0
183
238
86
6
7
0
0
0
0
0
0
0
0
0
0
0
0
0
0
68
248
128
0
0
0
0
0
0
0
0
0
0
0
0
0
0
0
0
0
137
255
188
131
137
138
137
88
14
0
0
0
0
0
0
0
0
0
0
39
219
255
255
255
255
237
249
244
179
19
0
0
0
0
0
0
0
0
0
61
184
143
78
28
24
18
18
129
255
96
0
0
0
0
0
0
0
0
0
0
0
0
0
0
0
0
0
53
236
151
0
0
0
0
0
0
0
0
0
0
0
0
0
0
0
0
0
96
252
85
0
0
0
0
0
0
0
0
0
0
0
0
0
0
0
0
2
170
254
47
0
0
0
0
0
0
0
0
0
0
105
31
0
0
0
0
112
247
135
0
0
0
0
0
0
0
0
0
0
44
236
40
0
5
49
154
221
117
4
0
0
0
0
0
0
0
0
0
0
49
238
170
141
171
240
204
56
0
0
0
0
0
0
0
0
0
0
0
0
2
84
187
226
174
89
21
0
0
0
0
0
0
0
0
0
0
0
0
0
0
0
0
0
0
0
0
0
0
0
0
0
0
0
0
0
0
0
0
0
0
0
0
0
0
0
0
0
0
0
0
0
0
0
0