0
0
0
0
0
0
0
0
0
0
0
0
0
0
0
0
0
0
0
0
0
0
0
0
0
0
0
0
0
0
0
0
0
0
0
0
0
0
0
0
0
0
0
0
0
0
0
0
0
0
0
0
0
0
0
0
0
0
0
0
0
0
0
0
0
0
0
0
0
0
0
0
0
0
0
0
0
0
0
0
0
0
0
0
0
0
0
7
42
104
141
159
128
56
4
0
0
0
0
0
0
0
0
0
15
73
115
146
184
154
129
130
164
226
131
0
0
0
0
0
0
0
0
0
27
191
142
29
0
0
0
0
0
90
226
11
0
0
0
0
0
0
0
0
0
11
0
0
0
0
0
0
0
93
187
6
0
0
0
0
0
0
0
0
0
0
0
0
0
0
0
0
24
207
101
0
0
0
0
0
0
0
0
0
0
0
0
0
0
0
0
0
127
193
13
0
0
0
0
0
0
0
0
0
0
0
0
0
0
0
0
82
223
65
0
0
0
0
0
0
0
0
0
0
0
0
0
0
0
0
68
237
111
0
0
0
0
0
0
0
0
0
0
0
0
0
0
0
0
54
230
136
0
0
0
0
0
0
0
0
0
0
0
0
0
0
0
0
45
221
169
9
0
0
0
0
0
0
0
0
0
0
0
0
0
0
0
20
208
181
17
0
0
0
0
0
0
0
0
0
0
0
0
0
0
0
56
211
184
15
0
0
0
0
0
0
0
0
0
0
0
0
0
0
0
52
239
186
32
0
0
0
0
0
0
0
0
0
0
0
0
0
0
0
1
177
207
22
0
0
0
0
0
0
0
0
0
0
0
0
0
0
0
0
1
77
39
0
0
0
0
0
0
0
0
0
0
0
0
0
0
0
0
0
0
0
0
0
0
0
0
0
0
0
0
0
0
0
0
0