0
0
0
0
0
0
0
0
0
0
0
0
0
0
0
0
0
0
0
0
0
0
0
0
0
0
0
0
0
0
0
0
0
0
0
0
0
0
0
0
0
0
0
0
0
0
0
0
0
0
3
17
36
28
0
0
0
0
0
0
0
0
0
0
0
0
0
0
0
61
156
204
255
236
141
62
0
0
0
0
0
0
0
0
0
0
0
0
80
230
255
220
212
250
255
204
21
0
0
0
0
0
0
0
0
0
0
11
181
255
165
35
12
130
255
184
1
0
0
0
0
0
0
0
0
0
0
0
47
112
20
0
40
205
255
135
0
0
0
0
0
0
0
0
0
0
0
0
0
0
0
16
166
255
222
17
0
0
0
0
0
0
0
0
0
0
0
0
0
22
86
210
255
219
104
0
0
0
0
0
0
0
0
0
0
0
14
133
158
204
253
255
206
50
0
0
0
0
0
0
0
0
0
0
0
0
71
250
255
238
211
240
247
103
0
0
0
0
0
0
0
0
0
0
0
0
27
91
98
60
21
133
255
175
5
0
0
0
0
0
0
0
0
0
0
0
0
0
0
0
0
103
255
174
5
0
0
0
0
0
0
0
0
3
0
0
0
0
0
0
42
191
255
146
0
0
0
0
0
0
0
0
76
162
57
21
54
49
83
155
230
255
166
37
0
0
0
0
0
0
0
0
52
246
241
213
249
248
255
255
227
110
4
0
0
0
0
0
0
0
0
0
5
134
249
255
255
250
175
113
43
0
0
0
0
0
0
0
0
0
0
0
0
7
31
36
36
33
9
0
0
0
0
0
0
0
0
0
0
0
0
0
0
0
0
0
0
0
0
0
0
0
0
0
0
0
0
0
0
0
0
0
0
0
0
0
0
0
0
0
0
0
0
0
0
0
0
0
0
0