0
0
0
0
0
0
0
0
0
0
0
0
0
0
0
0
0
0
0
0
0
0
0
0
0
0
0
0
0
0
0
0
0
0
0
0
0
0
0
0
0
0
0
0
0
0
0
0
0
0
0
0
0
0
0
0
0
0
0
0
0
0
0
0
0
35
120
129
100
126
134
100
32
0
0
0
0
0
0
0
0
0
0
0
0
137
227
216
226
225
228
255
150
0
0
0
0
0
0
0
0
0
0
0
0
72
102
1
7
2
35
217
156
0
0
0
0
0
0
0
0
0
0
0
0
3
5
0
0
0
98
251
60
0
0
0
0
0
0
0
0
0
0
0
0
0
0
0
0
22
224
200
11
0
0
0
0
0
0
0
0
0
0
0
0
0
0
0
0
126
255
109
0
0
0
0
0
0
0
0
0
0
0
0
0
0
0
0
33
219
201
16
0
0
0
0
0
0
0
0
0
0
0
0
0
0
0
0
108
245
80
0
0
0
0
0
0
0
0
0
0
0
0
0
0
0
0
80
237
155
2
0
0
0
0
0
0
0
0
0
0
0
0
0
0
0
42
229
200
20
0
0
2
4
11
17
4
0
0
0
0
0
0
0
0
16
189
234
56
7
39
93
161
168
190
208
169
139
43
0
0
0
0
0
0
118
255
210
168
207
220
242
206
178
129
136
153
176
163
32
0
0
0
0
2
182
255
228
207
173
118
42
4
1
0
0
0
1
14
6
0
0
0
0
0
42
90
55
18
0
0
0
0
0
0
0
0
0
0
0
0
0
0
0
0
0
0
0
0
0
0
0
0
0
0
0
0
0
0
0
0
0
0
0
0
0
0
0
0
0
0
0
0
0
0
0
0
0
0
0
0
0
0
0
0
0
0
0
0
0
0
0
0
0
0
0
0
0
0
0