0
0
0
0
0
0
0
0
0
0
0
0
0
0
0
0
0
0
0
0
0
0
0
0
0
0
0
0
0
0
0
0
0
0
0
0
0
0
0
0
0
0
0
0
0
0
0
0
0
0
0
0
0
0
0
0
0
0
0
0
0
0
0
0
0
0
68
30
0
0
0
0
0
0
0
0
0
0
0
0
0
0
0
0
0
39
236
69
0
0
0
0
0
0
0
0
0
0
0
0
0
0
0
0
0
130
244
37
0
0
0
0
48
77
0
0
0
0
0
0
0
0
0
0
15
239
176
7
0
0
0
0
128
157
0
0
0
0
0
0
0
0
0
0
68
255
109
0
0
0
0
0
170
185
10
0
0
0
0
0
0
0
0
0
176
254
139
87
79
51
16
0
173
203
23
0
0
0
0
0
0
0
0
2
173
255
255
255
248
236
198
132
230
184
12
0
0
0
0
0
0
0
0
0
19
76
124
120
130
177
236
255
255
155
0
0
0
0
0
0
0
0
0
0
0
0
0
0
0
0
53
151
253
139
0
0
0
0
0
0
0
0
0
0
0
0
0
0
0
0
0
61
238
104
0
0
0
0
0
0
0
0
0
0
0
0
0
0
0
0
0
82
249
128
0
0
0
0
0
0
0
0
0
0
0
0
0
0
0
0
0
57
250
157
0
0
0
0
0
0
0
0
0
0
0
0
0
0
0
0
0
59
247
177
7
0
0
0
0
0
0
0
0
0
0
0
0
0
0
0
0
60
247
232
43
0
0
0
0
0
0
0
0
0
0
0
0
0
0
0
0
23
200
131
0
0
0
0
0
0
0
0
0
0
0
0
0
0
0
0
0
0
0
0
0
0
0
0
0
0
0
0
0
0
0
0
0
0
0
0
0
0
0
0
0
0
0
0
0
0