0
0
0
0
0
0
0
0
0
0
0
0
0
0
0
0
0
0
0
0
0
0
0
0
0
0
0
0
0
0
0
92
106
0
0
0
0
0
0
0
0
0
0
0
0
0
0
0
0
0
66
255
176
0
0
0
0
0
0
0
0
0
0
0
0
0
0
0
0
16
201
255
86
0
0
0
0
0
0
0
0
0
0
0
0
0
0
0
0
105
255
184
20
0
0
0
0
0
0
0
0
0
0
0
0
0
0
0
54
235
220
40
0
0
0
0
0
0
0
0
0
0
0
0
0
0
0
19
179
247
77
0
0
0
0
0
0
0
0
0
0
0
0
0
0
0
0
171
255
160
0
0
0
0
0
0
0
0
0
0
0
0
0
0
0
0
91
255
220
48
0
0
0
6
18
0
0
0
0
0
0
0
0
0
0
7
182
255
115
0
0
0
0
97
205
102
0
0
0
0
0
0
0
0
0
53
233
215
21
0
2
28
120
240
255
204
14
0
0
0
0
0
0
0
0
99
255
145
0
0
32
197
227
188
252
180
7
0
0
0
0
0
0
0
4
193
255
135
0
34
221
255
87
130
253
80
0
0
0
0
0
0
0
0
5
203
255
198
84
184
255
237
172
229
135
0
0
0
0
0
0
0
0
0
0
89
236
255
255
255
255
255
253
141
7
0
0
0
0
0
0
0
0
0
0
0
84
182
184
182
186
135
60
0
0
0
0
0
0
0
0
0
0
0
0
0
0
0
0
0
0
0
0
0
0
0
0
0
0
0
0
0
0
0
0
0
0
0
0
0
0
0
0
0
0
0
0
0
0
0
0
0
0
0
0
0
0
0
0
0
0
0
0
0
0
0
0
0
0
0
0
0
0
0
0
0
0
0
0
0
0
0
0
0
0
0
0
0
0
0