0
0
0
0
0
0
0
0
0
0
0
0
0
0
0
0
0
0
0
0
0
0
0
0
0
0
0
0
0
0
0
0
0
0
0
0
0
0
0
0
0
0
0
0
0
0
0
0
0
0
0
0
0
0
0
0
0
0
0
0
0
0
0
0
0
0
0
0
0
0
0
0
0
0
0
0
0
0
0
0
0
0
0
0
0
0
0
0
0
0
0
0
0
0
0
0
0
0
0
0
0
0
6
60
73
66
37
21
0
0
0
0
0
0
0
0
0
0
0
0
0
0
32
255
255
255
222
198
149
93
57
31
0
0
0
0
0
0
0
0
0
0
34
253
254
235
242
249
255
255
244
236
222
158
123
34
1
0
0
0
0
0
6
169
255
98
49
68
101
173
219
224
208
223
255
249
90
0
0
0
0
0
0
119
255
158
0
0
0
1
35
39
27
34
103
255
178
8
0
0
0
0
0
89
255
188
0
0
0
0
0
0
0
0
2
249
200
16
0
0
0
0
0
62
245
189
0
0
0
0
0
0
0
0
32
252
205
18
0
0
0
0
0
109
255
173
0
0
0
0
0
0
0
0
96
255
121
0
0
0
0
0
0
87
255
81
0
0
0
0
0
0
0
0
162
255
81
0
0
0
0
0
0
10
59
14
0
0
0
0
0
0
0
0
190
234
47
0
0
0
0
0
0
0
0
0
0
0
0
0
0
0
0
0
195
229
40
0
0
0
0
0
0
0
0
0
0
0
0
0
0
0
0
20
214
210
15
0
0
0
0
0
0
0
0
0
0
0
0
0
0
0
0
0
193
203
8
0
0
0
0
0
0
0
0
0
0
0
0
0
0
0
0
0
105
255
155
7
0
0
0
0
0
0
0
0
0
0
0
0
0
0
0
0
12
118
75
1
0
0