0
0
0
0
0
0
0
0
0
0
0
0
0
0
0
0
0
0
0
0
0
0
0
0
0
0
0
0
0
0
0
0
0
0
0
0
0
0
0
0
0
0
0
0
0
0
0
0
0
0
0
0
0
0
0
0
0
0
0
0
0
0
0
0
0
0
0
0
0
0
0
0
0
0
0
0
0
0
0
0
0
0
0
0
0
42
161
155
103
53
6
0
0
0
0
0
0
0
0
0
0
0
0
0
0
58
255
255
255
247
201
75
0
0
0
0
0
0
0
0
0
0
0
0
0
7
105
189
236
235
252
182
8
0
0
0
0
0
0
0
0
0
0
0
0
0
0
12
28
22
103
254
87
0
0
0
0
0
0
0
0
0
0
0
0
0
0
0
0
0
50
242
179
0
0
0
0
0
0
0
0
0
0
0
0
0
0
70
93
91
175
255
192
0
0
0
0
0
0
0
0
0
0
0
0
0
112
245
254
252
255
255
185
13
0
0
0
0
15
8
0
0
0
0
1
140
243
255
253
255
255
245
249
185
136
122
124
134
144
26
0
0
0
0
10
253
255
255
255
232
103
52
124
238
236
251
234
200
72
0
0
0
0
0
7
214
249
224
163
69
0
0
0
33
38
84
39
13
0
0
0
0
0
0
0
39
59
41
4
0
0
0
0
0
0
0
0
0
0
0
0
0
0
0
0
0
0
0
0
0
0
0
0
0
0
0
0
0
0
0
0
0
0
0
0
0
0
0
0
0
0
0
0
0
0
0
0
0
0
0
0
0
0
0
0
0
0
0
0
0
0
0
0
0
0
0
0
0
0
0
0
0
0
0
0
0
0
0
0
0
0
0
0
0
0
0
0
0
0
0
0
0
0
0
0
0
0
0
0
0
0
0
0
0
0
0
0
0
0
0