0
0
0
0
0
0
0
0
0
0
0
0
0
0
0
0
0
0
0
0
0
0
0
0
0
0
0
0
0
0
0
0
0
0
0
0
0
0
0
0
0
0
0
0
0
0
0
0
0
0
0
0
0
0
0
0
0
0
0
0
0
0
0
0
0
0
0
0
0
0
0
0
0
0
0
0
0
0
0
0
0
0
0
0
0
0
0
0
0
0
52
149
189
186
188
75
0
0
0
0
0
0
0
0
0
0
0
1
61
161
245
230
187
130
163
213
108
0
0
0
0
0
0
0
0
0
9
134
245
247
145
44
0
0
0
153
162
1
0
0
0
0
0
0
0
0
138
255
170
49
1
0
0
0
3
167
94
0
0
0
0
0
0
0
0
87
250
168
23
0
0
0
0
0
0
31
0
0
0
0
0
0
0
0
8
208
232
27
0
0
0
3
74
175
96
0
0
0
0
0
0
0
0
0
38
242
210
57
18
19
77
191
246
255
143
0
0
0
0
0
0
0
0
0
3
145
255
240
198
201
240
223
252
222
55
0
0
0
0
0
0
0
0
0
0
11
64
128
165
162
72
112
242
96
0
0
0
0
0
0
0
0
0
0
0
0
0
0
0
0
54
227
188
0
0
0
0
0
0
0
0
0
0
0
0
0
0
0
0
6
192
248
72
0
0
0
0
0
0
0
0
0
0
0
0
0
0
0
11
177
207
58
0
0
0
0
0
0
0
0
0
0
0
0
0
0
0
4
143
235
53
0
0
0
0
0
0
0
0
0
0
0
0
0
0
0
0
81
255
142
0
0
0
0
0
0
0
0
0
0
0
0
0
0
0
0
0
84
149
32
0
0
0
0
0
0
0
0
0
0
0
0
0
0
0
0
0
0
0
0
0
0
0
0
0
0
0
0
0
0