0
0
0
0
0
0
0
0
0
0
0
0
0
0
0
0
0
0
0
0
0
0
0
0
0
0
0
0
0
0
0
0
0
0
0
0
0
0
0
0
0
0
0
0
0
0
0
0
0
0
0
0
0
0
0
0
0
0
0
0
0
0
0
0
0
0
0
0
0
0
0
0
0
0
0
0
0
0
0
0
0
0
0
0
0
0
0
0
0
20
141
172
184
107
2
0
0
0
0
0
0
0
0
0
0
0
0
0
95
216
254
235
227
248
155
2
0
0
0
0
0
0
0
0
0
0
0
111
252
221
101
49
42
184
255
108
0
0
0
0
0
0
0
0
0
0
70
246
199
40
0
0
10
175
255
227
38
0
0
0
0
0
0
0
0
26
208
237
45
0
0
1
149
255
211
122
23
0
0
0
0
0
0
0
0
89
245
95
0
0
29
157
251
243
68
0
0
0
0
0
0
0
0
0
4
203
187
7
0
29
175
255
255
149
2
0
0
0
0
0
0
0
0
0
4
198
205
8
46
198
255
255
211
27
0
0
0
0
0
0
0
0
0
0
0
66
232
217
234
248
227
255
106
0
0
0
0
0
0
0
0
0
0
0
0
1
114
225
199
107
190
233
35
0
0
0
0
0
0
0
0
0
0
0
0
0
4
36
21
112
255
138
0
0
0
0
0
0
0
0
0
0
0
0
0
0
0
0
49
233
217
45
0
0
0
0
0
0
0
0
0
0
0
0
0
0
0
3
150
255
178
13
0
0
0
0
0
0
0
0
0
0
0
0
0
0
0
41
255
244
140
16
0
0
0
0
0
0
0
0
0
0
0
0
0
0
0
20
129
68
1
0
0
0
0
0
0
0
0
0
0
0
0
0
0
0
0
0
0
0
0
0
0
0
0
0
0
0
0
0