0
0
0
0
0
0
0
0
0
0
0
0
0
0
0
0
0
0
0
0
0
0
0
0
0
0
0
0
0
0
0
0
0
0
0
0
0
0
0
0
0
0
0
0
0
0
0
0
0
0
0
1
25
37
36
13
0
0
0
0
0
0
0
0
0
0
0
0
0
0
3
87
226
255
255
93
0
0
0
0
0
0
0
0
0
0
0
0
0
33
171
233
255
255
250
83
0
0
0
0
0
0
0
0
0
0
0
0
29
208
255
250
137
123
107
3
0
0
0
0
0
0
0
0
0
0
0
0
119
248
250
125
0
0
0
0
0
0
0
0
0
0
0
0
0
0
2
117
251
255
133
0
0
0
0
0
0
0
0
0
0
0
0
0
0
0
96
251
255
184
21
0
0
0
0
0
0
0
0
0
0
0
0
0
0
41
214
255
243
149
118
136
117
73
4
0
0
0
0
0
0
0
0
0
0
139
255
254
255
254
255
255
255
252
205
147
10
0
0
0
0
0
0
0
3
187
255
226
194
197
126
160
213
252
255
238
63
0
0
0
0
0
0
0
1
170
255
243
123
13
0
3
11
83
235
233
57
0
0
0
0
0
0
0
0
41
203
255
240
106
0
0
55
160
236
132
0
0
0
0
0
0
0
0
0
0
43
208
255
239
127
139
226
255
228
22
0
0
0
0
0
0
0
0
0
0
0
55
244
255
254
255
255
227
78
0
0
0
0
0
0
0
0
0
0
0
0
0
112
247
255
249
165
54
0
0
0
0
0
0
0
0
0
0
0
0
0
0
2
31
37
33
6
0
0
0
0
0
0
0
0
0
0
0
0
0
0
0
0
0
0
0
0
0
0
0
0
0
0
0
0
0
0
0
0
0
0
0
0
0
0
0
0
0
0
0
0
0
0
0