0
0
0
0
0
0
0
0
0
0
0
0
0
0
0
0
0
0
0
0
0
0
0
0
0
0
0
0
0
0
0
0
0
0
0
0
0
0
0
0
0
0
0
0
0
0
0
0
60
169
33
0
0
0
0
0
0
0
0
0
0
0
0
0
0
0
0
25
212
188
25
0
0
0
0
0
0
0
0
0
0
0
0
0
0
0
16
182
233
44
0
0
0
0
0
0
0
0
0
0
0
0
0
0
0
0
121
255
135
0
0
0
0
0
0
2
0
0
0
0
0
0
0
0
0
33
222
218
31
0
0
0
0
68
136
163
53
0
0
0
0
0
0
0
0
124
255
126
0
0
0
25
155
245
247
255
169
7
0
0
0
0
0
0
4
202
232
42
0
0
15
169
255
173
85
236
181
10
0
0
0
0
0
0
53
246
197
14
0
0
105
255
172
5
137
255
178
9
0
0
0
0
0
0
108
255
151
1
0
24
224
219
24
0
202
249
81
0
0
0
0
0
0
0
91
255
142
0
0
134
255
115
0
100
255
156
0
0
0
0
0
0
0
0
81
255
141
0
0
182
226
28
51
237
222
30
0
0
0
0
0
0
0
0
11
223
190
21
0
131
237
135
211
248
64
0
0
0
0
0
0
0
0
0
0
98
244
196
104
141
255
255
247
95
0
0
0
0
0
0
0
0
0
0
0
0
101
217
235
254
237
197
88
0
0
0
0
0
0
0
0
0
0
0
0
0
0
28
62
93
66
15
0
0
0
0
0
0
0
0
0
0
0
0
0
0
0
0
0
0
0
0
0
0
0
0
0
0
0
0
0
0
0
0
0
0
0
0
0
0
0
0
0
0
0
0
0
0
0
0
0
0
0
0
0
0
0
0
0
0
0
0
0
0
0
0
0
0
0
0