0
0
0
0
0
0
0
0
0
0
0
0
0
0
0
0
0
0
0
0
0
0
0
0
0
0
0
0
0
0
0
0
0
0
0
0
0
0
0
0
0
0
0
0
0
0
0
0
0
0
0
0
0
6
30
13
0
0
0
0
0
0
0
0
0
42
53
0
0
25
56
91
132
169
250
154
0
0
0
0
0
0
0
0
4
197
231
141
140
212
238
255
255
221
205
132
0
0
0
0
0
0
0
0
1
172
255
255
255
226
191
154
62
11
4
1
0
0
0
0
0
0
0
0
0
90
255
248
138
33
0
0
0
0
0
0
0
0
0
0
0
0
0
0
0
84
255
238
102
85
99
68
29
0
0
0
0
0
0
0
0
0
0
0
0
64
246
255
255
255
255
255
247
108
0
0
0
0
0
0
0
0
0
0
0
38
220
255
224
120
73
120
234
250
145
0
0
0
0
0
0
0
0
0
0
17
195
247
65
0
0
0
54
206
255
103
0
0
0
0
0
0
0
0
0
0
76
94
6
0
0
0
0
54
224
234
46
0
0
0
0
0
0
0
0
0
0
0
0
0
0
0
0
0
111
255
124
0
0
0
0
0
0
0
0
0
0
0
0
0
0
0
0
0
104
255
145
0
0
0
0
0
0
5
65
39
26
6
0
0
0
0
18
58
200
255
119
0
0
0
0
0
0
84
245
253
237
198
148
131
132
132
223
255
255
200
25
0
0
0
0
0
0
89
253
224
231
255
255
255
255
255
226
194
146
50
0
0
0
0
0
0
0
8
33
24
26
37
36
36
36
36
24
14
0
0
0
0
0
0
0
0
0
0
0
0
0
0
0
0
0
0
0
0
0
0
0
0
0
0
0
0
0
0
0
0
0
0
0
0
0
0
0
0
0
0
0
0
0
0