0
0
0
0
0
0
0
0
0
0
0
0
0
0
0
0
0
0
0
0
0
0
0
0
0
0
0
0
0
0
0
0
0
0
0
0
0
0
0
0
0
0
0
0
0
0
0
0
0
0
0
0
0
0
0
0
0
0
0
0
0
0
0
0
0
0
0
0
0
64
111
108
109
104
63
3
0
0
0
0
0
0
0
0
0
0
0
0
0
181
255
255
255
255
237
43
0
0
0
0
0
0
0
0
0
0
0
0
55
229
255
255
255
246
196
31
0
0
0
0
0
0
0
0
0
0
0
0
75
245
239
168
136
76
16
0
0
0
0
0
0
0
0
0
0
0
0
0
27
215
220
36
0
0
0
0
0
0
0
0
0
0
0
0
0
0
0
0
0
182
243
61
0
0
0
0
0
0
0
0
0
0
0
0
0
0
0
0
0
181
255
81
0
0
0
0
0
0
0
0
0
0
0
0
0
0
0
0
0
181
255
88
0
0
0
0
0
0
0
0
0
0
0
0
0
0
0
0
0
180
255
103
0
0
0
0
0
0
0
0
0
0
0
0
1
14
0
0
0
180
255
91
0
0
0
0
0
0
0
0
0
0
0
0
36
190
141
33
0
188
254
79
0
0
0
0
0
0
0
0
0
0
0
0
43
244
255
187
77
212
227
44
0
0
0
0
0
0
0
0
0
0
0
0
0
61
221
255
245
255
216
33
0
0
0
0
0
0
0
0
0
0
0
0
0
0
55
214
255
255
175
10
0
0
0
0
0
0
0
0
0
0
0
0
0
0
0
39
168
218
58
0
0
0
0
0
0
0
0
0
0
0
0
0
0
0
0
0
0
0
0
0
0
0
0
0
0
0
0
0
0
0
0
0
0
0
0
0
0
0
0
0
0
0
0
0
0
0
0
0