0
0
0
0
0
0
0
0
0
0
0
0
0
0
0
0
0
0
0
0
0
0
0
0
0
0
0
0
0
0
0
0
0
0
0
0
0
0
0
0
0
0
0
0
0
0
0
0
0
0
0
0
0
0
0
0
0
0
0
0
0
0
0
0
0
0
50
51
7
0
0
0
0
0
0
0
0
0
0
0
0
0
0
0
0
69
226
210
35
0
0
0
0
0
0
0
0
0
0
0
0
0
0
0
46
232
243
105
1
0
0
0
0
0
0
0
0
0
0
0
0
0
0
0
85
255
219
18
0
0
0
0
0
0
6
35
24
1
0
0
0
0
0
0
83
255
163
5
0
0
0
0
0
0
39
231
158
7
0
0
0
0
0
0
84
255
159
0
0
0
0
0
0
0
68
255
133
0
0
0
0
0
0
0
77
254
246
131
14
13
25
27
28
27
166
248
72
0
0
0
0
0
0
0
3
139
250
255
163
198
217
188
171
210
255
224
48
0
0
0
0
0
0
0
0
3
77
125
190
109
81
59
0
94
255
147
0
0
0
0
0
0
0
0
0
0
0
0
11
0
3
10
0
136
238
44
0
0
0
0
0
0
0
0
0
0
0
0
0
0
0
0
36
194
214
3
0
0
0
0
0
0
0
0
0
0
0
0
0
0
0
0
103
255
154
0
0
0
0
0
0
0
0
0
0
0
0
0
0
0
0
0
78
244
72
0
0
0
0
0
0
0
0
0
0
0
0
0
0
0
0
0
17
212
143
0
0
0
0
0
0
0
0
0
0
0
0
0
0
0
0
0
0
63
156
8
0
0
0
0
0
0
0
0
0
0
0
0
0
0
0
0
0
0
0
0
0
0
0
0
0
0
0
0
0
0
0
0
0
0
0
0
0
0
0
0
0
0
0
0