0
0
0
0
0
0
0
0
0
0
0
0
0
0
0
0
0
0
0
0
0
0
0
0
0
0
0
0
27
132
77
0
0
0
0
0
0
0
0
0
0
0
0
0
0
0
0
5
148
255
194
1
0
0
0
0
0
0
0
0
0
0
0
0
0
0
0
140
255
249
106
0
0
0
0
0
0
0
0
0
0
0
0
0
0
7
116
253
252
134
1
0
0
0
0
0
0
0
0
0
0
0
0
0
0
109
249
255
144
3
0
0
0
0
0
0
0
0
0
0
0
0
0
0
54
228
255
161
15
0
0
0
0
0
0
0
0
0
0
0
0
0
0
0
133
255
168
12
0
0
3
6
0
0
0
0
0
0
0
0
0
0
0
25
211
226
44
0
29
116
159
170
143
74
39
0
0
0
0
0
0
0
0
57
235
150
0
18
188
255
255
255
255
252
224
136
20
0
0
0
0
0
0
47
232
213
21
20
243
255
247
123
123
188
238
255
149
4
0
0
0
0
0
9
151
255
174
45
114
236
253
97
79
0
77
242
244
39
0
0
0
0
0
0
39
211
255
227
131
107
127
44
13
0
0
164
255
75
0
0
0
0
0
0
0
47
176
255
255
241
215
158
120
117
145
223
255
73
0
0
0
0
0
0
0
0
6
104
223
247
255
255
255
255
255
232
204
39
0
0
0
0
0
0
0
0
0
0
18
49
101
133
178
183
183
136
59
2
0
0
0
0
0
0
0
0
0
0
0
0
0
0
0
0
0
0
0
0
0
0
0
0
0
0
0
0
0
0
0
0
0
0
0
0
0
0
0
0
0
0
0
0
0
0
0
0
0
0
0
0
0
0
0
0
0
0
0
0
0
0
0
0
0
0
0
0
0
0
0
0
0
0
0
0
0
0
0
0
0
0