0
0
0
0
0
0
0
0
0
0
0
0
0
0
0
0
0
0
0
0
0
0
0
0
0
0
0
0
0
0
0
0
0
0
0
0
0
0
0
0
0
0
0
0
0
0
0
0
0
0
0
0
0
0
0
0
0
0
0
0
0
0
0
0
0
0
0
0
0
0
0
0
0
0
0
0
0
0
0
0
0
0
0
0
0
0
0
0
0
0
0
0
0
0
0
0
0
0
0
0
0
0
0
0
0
0
0
0
0
0
0
0
0
0
1
15
14
15
8
0
0
0
0
0
0
0
0
0
0
38
74
115
139
137
165
190
189
199
109
0
0
0
0
0
0
0
0
16
118
230
254
255
247
232
232
233
219
174
63
0
0
0
0
0
0
0
37
197
255
233
164
109
58
11
13
13
8
0
0
0
0
0
0
0
0
9
168
255
168
38
0
0
0
0
0
0
0
0
0
0
0
0
0
0
0
26
211
255
183
57
12
0
0
0
0
0
0
0
0
0
0
0
0
0
0
0
79
175
234
252
176
34
0
0
0
0
0
0
0
0
0
0
0
0
34
36
20
10
23
119
255
168
8
0
0
0
0
0
0
0
0
0
0
0
133
255
232
160
101
86
239
228
26
0
0
0
0
0
0
0
0
0
0
0
44
98
161
240
255
243
255
141
0
0
0
0
0
0
0
0
0
0
0
0
0
0
0
20
69
69
66
22
0
0
0
0
0
0
0
0
0
0
0
0
0
0
0
0
0
0
0
0
0
0
0
0
0
0
0
0
0
0
0
0
0
0
0
0
0
0
0
0
0
0
0
0
0
0
0
0
0
0
0
0
0
0
0
0
0
0
0
0
0
0
0
0
0
0
0
0
0
0
0
0
0
0
0
0
0
0
0
0
0
0
0
0
0
0
0
0