0
0
0
0
0
0
0
0
0
0
0
0
0
0
0
0
0
0
0
0
0
0
0
0
0
0
0
0
0
0
0
0
0
0
0
0
0
0
0
0
0
0
0
0
0
0
0
0
0
0
0
0
0
0
0
0
0
0
0
0
0
0
0
0
0
0
0
0
0
0
0
0
0
0
0
0
0
0
0
0
0
0
0
0
0
0
0
0
0
0
0
7
38
87
42
2
0
0
0
0
0
0
0
0
0
0
0
0
21
57
158
230
236
252
239
191
83
7
0
0
0
0
0
0
0
0
0
31
175
247
255
255
255
255
255
255
255
112
0
0
0
0
0
0
0
0
42
205
255
238
169
102
76
120
237
255
252
119
0
0
0
0
0
0
0
22
186
255
184
60
0
0
0
15
204
255
144
0
0
0
0
0
0
0
0
158
255
204
28
0
0
0
0
24
212
231
44
0
0
0
0
0
0
0
64
251
231
45
0
0
0
0
0
84
255
209
26
0
0
0
0
0
0
2
170
246
103
0
0
0
0
0
28
191
255
147
0
0
0
0
0
0
0
50
235
201
0
0
0
0
0
61
201
255
232
43
0
0
0
0
0
0
0
101
255
228
97
21
35
78
138
234
255
219
92
0
0
0
0
0
0
0
0
28
190
255
250
208
216
250
255
249
172
56
0
0
0
0
0
0
0
0
0
0
50
183
237
255
255
226
181
91
1
0
0
0
0
0
0
0
0
0
0
0
0
10
62
96
95
47
3
0
0
0
0
0
0
0
0
0
0
0
0
0
0
0
0
0
0
0
0
0
0
0
0
0
0
0
0
0
0
0
0
0
0
0
0
0
0
0
0
0
0
0
0
0
0
0
0
0
0
0
0
0
0
0
0
0
0
0
0
0
0
0
0
0
0
0
0
0