0
0
0
0
0
0
0
0
0
0
0
0
0
0
0
0
0
0
0
0
0
0
0
0
0
0
0
0
0
0
0
0
0
0
0
0
0
0
0
0
0
0
0
0
0
0
0
0
0
0
0
0
0
0
0
0
0
0
0
0
0
0
0
0
0
0
0
0
0
0
0
0
0
2
79
90
5
0
0
0
0
0
0
0
0
0
0
0
0
0
0
33
106
187
238
157
4
0
0
0
0
0
0
0
0
0
0
0
0
0
91
236
203
131
36
0
0
0
0
0
0
0
0
0
0
0
0
0
0
75
231
143
14
0
0
0
0
0
0
0
0
0
0
0
0
0
0
0
43
223
156
1
0
0
0
0
0
0
0
0
0
0
0
0
0
0
0
34
200
207
45
14
0
0
0
0
0
0
0
0
0
0
0
0
0
0
13
175
255
229
201
207
150
31
0
0
0
0
0
0
0
0
0
0
0
0
54
218
208
158
75
114
247
172
11
0
0
0
0
0
0
0
0
0
0
0
4
49
20
0
0
0
204
196
16
0
0
0
0
0
0
0
0
0
0
0
0
0
0
0
2
86
242
115
0
0
0
0
0
0
0
0
0
0
0
37
127
71
64
92
177
235
138
2
0
0
0
0
0
0
0
0
0
0
0
51
228
233
230
236
173
79
0
0
0
0
0
0
0
0
0
0
0
0
0
1
15
38
39
16
0
0
0
0
0
0
0
0
0
0
0
0
0
0
0
0
0
0
0
0
0
0
0
0
0
0
0
0
0
0
0
0
0
0
0
37
101
90
20
62
93
89
104
67
43
21
3
0
0
0
0
0
0
0
0
0
0
0
0
0
0
0
0
0
0
0
0
0
0
0
0
0
0
0
0
0
0
0
0
0
0
0
0
0
0
0
0
0
0
0