0
0
0
0
0
0
0
0
0
0
0
0
0
0
0
0
0
0
0
0
0
0
0
0
0
0
0
0
0
0
0
0
0
0
0
0
0
0
0
0
0
0
0
0
0
0
0
0
93
181
59
0
0
0
0
0
0
0
0
0
0
0
0
0
0
0
0
34
218
255
109
0
0
0
0
0
0
0
0
0
0
0
0
0
0
0
0
141
255
163
29
0
0
0
0
0
0
0
0
0
0
0
0
0
0
0
1
184
157
5
0
0
0
0
0
0
0
0
0
0
0
0
0
0
0
0
23
220
103
0
0
0
0
0
0
0
0
0
0
0
0
0
0
0
0
0
25
212
69
0
0
0
0
0
0
0
0
0
0
0
0
0
0
0
0
0
40
215
65
0
0
22
51
17
0
0
0
0
0
0
0
0
0
0
0
0
83
244
100
54
178
209
223
208
139
21
0
0
0
0
0
0
0
0
0
0
30
226
107
165
251
145
79
134
236
160
7
0
0
0
0
0
0
0
0
0
12
202
200
221
88
7
0
0
145
240
62
0
0
0
0
0
0
0
0
0
0
168
255
251
92
0
0
0
79
234
64
0
0
0
0
0
0
0
0
0
0
96
251
255
103
0
0
2
132
185
11
0
0
0
0
0
0
0
0
0
0
4
155
255
196
94
72
138
233
70
0
0
0
0
0
0
0
0
0
0
0
0
2
100
212
225
245
252
142
0
0
0
0
0
0
0
0
0
0
0
0
0
0
0
26
52
84
82
19
0
0
0
0
0
0
0
0
0
0
0
0
0
0
0
0
0
0
0
0
0
0
0
0
0
0
0
0
0
0
0
0
0
0
0
0
0
0
0
0
0
0
0
0
0
0
0
0
0
0
0
0
0
0
0
0
0
0
0
0
0
0
0
0
0