0
0
0
0
0
0
0
0
0
0
0
0
0
0
0
0
0
0
0
0
0
0
0
0
0
0
0
0
0
0
0
0
0
0
0
0
0
0
0
0
0
0
0
0
0
0
0
0
0
0
0
0
0
0
0
0
0
0
0
0
0
0
0
0
0
0
0
0
0
0
0
31
100
110
108
41
0
0
0
0
0
0
0
0
0
0
0
0
19
85
174
220
255
255
255
163
4
0
0
0
0
0
0
0
0
0
0
4
123
246
235
168
186
247
255
207
20
0
0
0
0
0
0
0
0
0
0
33
236
246
73
0
19
203
255
146
0
0
0
0
0
0
0
0
0
0
0
30
231
167
0
0
36
228
230
45
0
0
0
0
0
0
0
0
0
0
0
31
236
107
0
30
180
255
96
0
0
0
0
0
0
0
0
0
0
0
0
23
219
154
96
219
237
106
5
0
0
0
0
0
0
0
0
0
0
0
0
0
148
255
255
203
70
0
0
0
0
0
0
0
0
0
0
0
0
0
0
57
205
255
179
24
0
0
0
0
0
0
0
0
0
0
0
0
0
0
81
236
248
248
129
0
0
0
0
0
0
0
0
0
0
0
0
0
0
63
222
221
59
179
182
0
0
0
0
0
0
0
0
0
0
0
0
0
25
205
227
55
0
138
202
25
0
0
0
0
0
0
0
0
0
0
0
4
168
218
45
13
70
202
145
0
0
0
0
0
0
0
0
0
0
0
0
33
220
230
166
203
239
217
56
0
0
0
0
0
0
0
0
0
0
0
0
12
167
227
217
152
68
19
0
0
0
0
0
0
0
0
0
0
0
0
0
0
0
0
0
0
0
0
0
0
0
0
0
0
0
0
0
0
0
0
0
0
0
0
0
0
0
0
0
0
0
0
0
0
0
0
0
0