0
0
0
0
0
0
0
0
0
0
0
0
0
0
0
0
0
0
0
0
0
0
0
0
0
0
0
0
0
0
0
0
0
0
0
0
0
0
0
0
0
0
0
0
0
0
0
0
0
0
0
0
0
13
38
14
0
0
0
0
0
0
0
0
0
0
0
0
0
0
0
0
6
169
255
83
0
0
0
0
0
0
0
0
0
0
0
0
0
0
0
0
74
255
173
14
0
0
0
0
0
0
0
0
0
0
0
0
0
0
0
45
233
238
50
0
0
0
0
0
0
0
0
0
0
0
0
0
0
0
5
161
255
131
0
0
0
0
0
0
0
0
0
0
0
0
0
0
0
0
78
251
216
16
0
0
0
0
0
0
0
0
0
0
0
0
0
0
0
0
182
255
154
0
0
0
0
0
0
0
0
0
0
0
0
0
0
0
0
46
236
255
77
0
0
0
0
0
0
0
0
0
0
0
0
0
0
0
0
156
255
197
14
0
0
0
0
0
0
0
0
0
0
0
0
0
0
0
62
241
239
66
0
0
0
0
0
0
0
0
0
0
0
0
0
0
0
36
204
255
130
0
0
0
0
0
0
0
0
0
0
0
0
0
0
0
15
193
255
197
22
0
0
0
0
0
0
0
0
0
0
0
0
0
0
0
47
240
249
71
0
0
0
0
0
0
0
0
0
0
0
0
0
0
0
2
141
255
178
5
0
0
0
0
0
0
0
0
0
0
0
0
0
0
0
12
176
254
91
0
0
0
0
0
0
0
0
0
0
0
0
0
0
0
0
0
18
31
3
0
0
0
0
0
0
0
0
0
0
0
0
0
0
0
0
0
0
0
0
0
0
0
0
0
0
0
0
0
0
0
0
0
0
0
0
0
0
0
0
0
0
0
0
0
0
0
0
0
0
0