0
0
0
0
0
0
0
0
0
0
0
0
0
0
0
0
0
0
0
0
0
0
0
0
0
0
0
0
0
0
0
0
0
0
0
0
0
0
0
0
0
0
0
0
0
0
0
0
0
0
0
0
0
0
0
0
0
0
0
0
0
0
0
0
0
0
0
0
0
0
0
0
0
0
0
0
0
0
0
0
0
0
0
0
0
0
0
0
0
0
0
0
0
2
8
4
0
0
0
0
0
0
0
0
0
0
0
0
0
25
68
95
121
176
234
95
0
0
0
0
0
0
97
149
146
146
146
144
157
201
255
255
255
255
255
97
0
0
0
0
0
70
245
255
255
255
255
255
255
255
255
234
224
255
255
127
0
0
0
0
0
154
255
248
255
255
231
203
207
186
127
40
29
255
254
97
0
0
0
0
0
67
110
57
72
73
47
27
30
12
0
0
134
255
255
97
0
0
0
0
0
0
0
0
0
0
0
0
0
0
0
24
231
255
240
42
0
0
0
0
0
0
0
0
0
0
0
0
0
0
0
133
255
255
151
0
0
0
0
0
0
0
0
0
0
0
0
0
0
0
22
199
255
238
54
0
0
0
0
0
0
0
0
0
0
0
0
0
0
0
25
204
255
184
8
0
0
0
0
0
0
0
0
0
0
0
0
0
0
0
94
250
242
58
0
0
0
0
0
0
0
0
0
0
0
0
0
0
0
0
145
255
223
4
0
0
0
0
0
0
0
0
0
0
0
0
0
0
0
0
139
255
197
12
0
0
0
0
0
0
0
0
0
0
0
0
0
0
0
0
159
255
210
0
0
0
0
0
0
0
0
0
0
0
0
0
0
0
0
0
68
239
211
0
0
0
0
0
0
0
0
0
0
0
0
0
0
0
0
0
0
46
49
0
0
0
0
0
0
0