0
0
0
0
0
0
0
0
0
0
0
0
0
0
0
0
0
0
0
0
0
0
0
0
0
0
0
0
0
0
0
0
0
0
0
0
0
0
0
0
0
0
0
0
0
0
0
0
12
31
51
118
211
172
27
0
0
0
0
0
0
0
0
0
0
0
0
0
143
247
228
241
255
255
198
70
0
0
0
0
0
0
0
0
0
0
0
0
130
175
53
54
113
168
255
163
0
0
0
0
0
0
0
0
0
0
0
0
2
3
0
0
0
29
217
207
25
0
0
0
0
0
0
0
0
0
0
0
0
0
0
0
0
25
214
216
33
0
0
0
0
0
0
0
0
0
0
0
0
0
0
0
0
81
249
171
0
0
0
0
0
0
0
0
0
0
0
0
0
0
0
0
3
160
255
141
0
0
0
0
0
0
0
0
0
0
5
0
0
0
0
0
23
207
241
55
0
0
0
0
0
0
0
0
2
110
207
166
133
104
40
33
205
255
155
0
0
0
0
0
0
0
0
29
139
253
250
185
202
254
221
200
254
207
42
0
0
0
0
0
0
0
17
192
255
210
69
0
7
196
255
255
247
86
0
0
0
0
0
0
0
0
29
249
193
15
0
26
116
237
255
255
255
161
15
0
0
0
0
0
0
0
80
255
199
139
155
212
255
238
150
142
244
255
164
11
0
0
0
0
0
0
42
176
243
255
255
236
153
54
0
0
75
208
192
20
0
0
0
0
0
0
0
4
73
109
110
56
0
0
0
0
0
26
34
0
0
0
0
0
0
0
0
0
0
0
0
0
0
0
0
0
0
0
0
0
0
0
0
0
0
0
0
0
0
0
0
0
0
0
0
0
0
0
0
0
0
0
0
0
0
0
0
0
0
0
0
0
0
0
0
0
0
0
0
0
0
0
0
0