0
0
0
0
0
0
0
0
0
0
0
0
0
0
0
0
0
0
0
0
0
0
0
0
0
0
0
0
0
0
0
0
0
0
0
0
0
0
0
0
0
0
0
0
0
0
0
0
74
185
47
0
0
0
0
0
0
0
0
0
0
0
0
0
0
0
0
62
216
255
205
28
0
0
0
0
0
0
0
0
0
0
0
0
0
0
10
184
255
156
112
26
0
0
0
0
0
0
0
0
0
0
0
0
0
0
126
255
150
15
0
0
0
0
0
0
0
0
0
0
0
0
0
0
0
22
204
198
0
0
0
11
89
148
158
115
33
0
0
0
0
0
0
0
0
84
255
127
0
0
52
186
255
255
255
252
187
17
0
0
0
0
0
0
0
153
255
59
0
74
214
255
220
130
88
93
207
88
0
0
0
0
0
0
5
191
220
18
83
243
255
186
42
0
0
0
78
103
0
0
0
0
0
0
19
233
162
17
186
255
135
11
0
0
0
0
68
69
0
0
0
0
0
0
16
220
219
140
255
176
15
0
0
0
0
96
78
0
0
0
0
0
0
0
0
120
255
255
219
39
0
0
13
55
174
181
26
0
0
0
0
0
0
0
0
64
233
255
219
127
104
122
185
239
214
45
0
0
0
0
0
0
0
0
0
9
179
255
251
255
255
255
216
123
37
0
0
0
0
0
0
0
0
0
0
10
190
227
58
74
109
97
21
0
0
0
0
0
0
0
0
0
0
0
0
4
78
78
0
0
0
0
0
0
0
0
0
0
0
0
0
0
0
0
0
0
0
0
0
0
0
0
0
0
0
0
0
0
0
0
0
0
0
0
0
0
0
0
0
0
0
0
0
0
0
0
0
0
0
0
0
0
0
0
0
0
0
0
0
0
0
0
0
0
0
0
0
0
0
0