0
0
0
0
0
0
0
0
0
0
0
0
0
0
0
0
0
0
0
0
0
0
0
0
0
0
0
0
0
0
0
0
0
0
0
0
0
0
0
0
0
0
0
0
0
0
0
0
0
0
0
0
23
37
35
6
0
0
0
0
0
0
0
0
0
0
0
0
0
0
30
94
222
255
255
113
0
0
0
0
0
0
0
0
0
0
0
0
0
85
208
255
255
240
255
214
38
0
0
0
0
0
0
0
0
0
3
83
166
251
255
173
78
86
235
235
57
0
0
0
0
0
0
0
0
33
145
252
255
207
89
10
0
32
215
255
95
0
0
0
0
0
0
0
0
129
255
234
100
17
0
0
0
32
217
239
60
0
0
0
0
0
0
0
0
77
151
56
0
0
0
0
0
103
255
195
8
0
0
0
0
0
0
0
0
0
0
0
0
0
0
0
5
176
255
129
0
0
0
0
0
0
0
0
0
0
0
0
0
0
0
0
109
251
221
29
0
0
0
0
0
0
0
0
0
0
13
58
62
64
78
116
247
255
212
111
12
0
0
0
0
0
0
30
113
180
231
245
241
239
244
255
255
240
195
78
2
0
0
0
0
0
47
216
255
216
183
184
229
255
255
217
127
64
5
0
0
0
0
0
0
0
177
255
115
45
89
162
242
255
197
45
0
0
0
0
0
0
0
0
0
0
219
255
216
215
255
250
212
93
17
0
0
0
0
0
0
0
0
0
0
0
87
176
192
194
152
85
29
0
0
0
0
0
0
0
0
0
0
0
0
0
0
8
13
14
0
0
0
0
0
0
0
0
0
0
0
0
0
0
0
0
0
0
0
0
0
0
0
0
0
0
0
0
0
0
0
0
0
0
0
0
0
0
0
0
0
0
0
0
0
0
0
0
0
0
0
0
0
0