0
0
0
0
0
0
0
0
0
0
0
0
0
0
0
0
0
0
0
0
0
0
0
0
0
0
0
0
0
0
0
0
0
0
0
0
0
0
0
0
0
0
0
0
0
0
0
0
0
0
0
0
0
0
0
0
0
0
0
0
0
0
0
0
0
0
0
0
0
0
0
0
0
0
0
0
0
0
0
0
0
0
0
0
0
0
0
0
0
29
114
188
190
182
129
40
0
0
0
0
0
0
0
0
0
0
0
19
124
233
254
226
219
248
255
180
20
0
0
0
0
0
0
0
0
0
16
167
255
232
115
36
25
79
229
237
56
0
0
0
0
0
0
0
0
0
40
237
239
68
0
0
0
13
194
219
41
0
0
0
0
0
0
0
0
0
131
255
160
32
0
24
86
204
243
67
0
0
0
0
0
0
0
0
0
0
95
243
240
225
191
207
255
239
87
0
0
0
0
0
0
0
0
0
0
0
0
57
149
157
216
255
240
95
0
0
0
0
0
0
0
0
0
0
0
0
0
0
0
24
212
249
106
0
0
0
0
0
0
0
0
0
0
0
0
0
0
0
57
207
255
131
1
0
0
0
0
0
0
0
0
0
0
0
0
0
0
82
225
255
139
6
0
0
0
0
0
0
0
0
0
0
0
0
0
8
119
241
255
137
2
0
0
0
0
0
0
0
0
0
0
0
0
0
16
145
255
255
147
9
0
0
0
0
0
0
0
0
0
0
0
0
0
22
169
255
249
128
12
0
0
0
0
0
0
0
0
0
0
0
0
0
0
98
255
234
89
0
0
0
0
0
0
0
0
0
0
0
0
0
0
0
0
31
131
79
6
0
0
0
0
0
0
0
0
0
0
0
0
0
0
0
0
0
0
0
0
0
0
0
0
0
0
0
0
0
0
0
0
0