0
0
0
0
0
0
0
0
0
0
0
0
0
0
0
0
0
0
0
0
0
0
0
0
0
0
0
0
0
0
0
0
0
0
0
0
0
0
0
0
0
0
0
0
0
0
0
0
0
0
0
0
0
0
0
0
0
0
0
0
0
0
0
0
0
0
0
0
0
0
0
68
104
15
0
0
0
0
0
0
0
0
0
0
0
0
0
0
0
0
0
164
255
139
3
0
0
0
0
0
0
0
0
0
0
0
0
0
0
0
14
185
255
146
0
0
0
0
0
0
0
0
0
0
0
0
0
0
0
0
63
243
245
74
0
0
0
0
0
0
0
0
0
0
0
0
0
0
0
1
167
255
233
33
0
0
0
0
0
0
0
0
0
0
0
0
0
0
0
83
247
255
155
0
0
0
0
0
0
0
0
0
0
0
0
0
0
0
69
228
255
255
69
0
0
0
0
0
0
0
0
0
0
0
0
0
0
70
231
255
255
255
69
0
0
0
0
0
0
0
0
0
0
0
0
0
54
215
255
191
228
255
70
0
0
0
0
0
0
0
0
0
0
0
0
9
180
255
207
36
153
255
70
0
0
0
0
0
0
0
0
0
0
0
0
1
112
187
57
0
149
255
70
0
0
0
0
0
0
0
0
0
0
0
0
0
3
13
0
1
162
255
70
0
0
0
0
0
0
0
0
0
0
0
0
0
0
0
0
0
134
255
72
0
0
0
0
0
0
0
0
0
0
0
0
0
0
0
0
0
137
255
53
0
0
0
0
0
0
0
0
0
0
0
0
0
0
0
0
0
45
129
20
0
0
0
0
0
0
0
0
0
0
0
0
0
0
0
0
0
0
0
0
0
0
0
0
0
0
0
0
0
0
0
0
0
0
0
0
0
0
0
0
0
0
0
0
0
0
0