0
0
0
0
0
0
0
0
0
0
0
0
0
0
0
0
0
0
0
0
0
0
0
0
0
0
0
0
0
0
0
0
0
0
0
0
0
0
0
0
0
0
0
0
0
0
0
0
0
0
0
0
0
0
0
0
0
0
0
0
0
0
0
0
0
0
0
0
0
16
65
107
81
57
38
0
0
0
0
0
0
0
0
0
0
15
47
100
78
148
144
163
94
131
190
60
0
0
0
0
0
0
0
0
0
112
189
127
61
21
3
0
0
0
75
108
0
0
0
0
0
0
0
0
0
12
14
0
0
0
0
0
0
54
203
111
0
0
0
0
0
0
0
0
0
0
0
0
0
0
0
13
99
206
157
18
0
0
0
0
0
0
0
0
0
0
0
0
0
0
35
175
208
82
1
0
0
0
0
0
0
0
0
0
0
1
6
33
68
156
186
116
32
0
0
0
0
0
0
0
0
0
0
0
0
26
197
244
201
186
93
65
97
43
3
0
0
0
0
0
0
0
0
0
0
11
85
88
24
0
0
0
51
131
56
0
0
0
0
0
0
0
0
0
0
0
0
0
0
0
0
0
0
86
97
0
0
0
0
0
0
0
0
0
0
0
0
0
0
0
0
0
0
145
105
0
0
0
0
0
0
0
0
0
0
0
0
0
0
0
0
0
75
241
91
0
0
0
0
0
0
0
0
0
35
69
19
0
0
0
0
95
210
87
4
0
0
0
0
0
0
0
0
0
50
149
173
109
63
66
145
169
73
0
0
0
0
0
0
0
0
0
0
0
0
6
100
197
207
146
110
17
0
0
0
0
0
0
0
0
0
0
0
0
0
0
0
0
0
0
0
0
0
0
0
0
0
0
0
0
0
0
0
0
0
0
0
0
0
0
0
0
0
0
0
0
0
0
0
0