0
0
0
0
0
0
0
0
0
0
0
0
0
0
0
0
0
0
0
0
0
0
0
0
0
0
0
0
0
0
0
0
0
0
0
0
0
0
0
0
0
0
0
0
0
0
0
0
0
0
0
0
0
0
0
0
0
0
0
0
0
0
0
0
0
0
0
0
0
0
25
99
53
0
0
0
0
0
0
0
0
0
0
0
0
0
0
0
0
74
207
255
228
74
0
0
0
0
0
0
0
0
0
0
0
0
0
11
140
241
206
204
254
195
37
0
0
0
0
0
0
0
0
0
0
0
10
158
255
147
8
12
187
255
162
1
0
0
0
0
0
0
0
0
0
0
97
255
171
14
0
15
216
255
160
0
0
0
0
0
0
0
0
0
0
29
213
201
11
0
0
99
255
203
41
0
0
0
0
0
0
0
0
0
0
58
254
213
115
63
118
230
191
33
0
0
0
0
0
0
0
0
0
0
0
18
139
220
255
250
255
231
46
0
0
0
0
0
0
0
0
0
0
0
0
0
0
42
218
255
255
254
160
15
0
0
0
0
0
0
0
0
0
0
0
0
0
63
237
243
108
159
248
81
0
0
0
0
0
0
0
0
0
0
0
0
42
226
232
88
0
57
244
124
0
0
0
0
0
0
0
0
0
1
0
0
124
253
94
0
0
61
244
124
0
0
0
0
0
0
0
0
0
9
6
0
122
245
54
0
0
118
246
82
0
0
0
0
0
0
0
0
0
0
0
0
45
211
187
151
162
234
222
38
0
0
0
0
0
0
0
0
0
0
0
0
0
30
111
187
218
149
47
0
0
0
0
0
0
0
0
0
0
0
0
0
0
0
0
0
0
0
0
0
0
0
0
0
0
0
0
0
0
0
0
0
0
0
0
0
0
0
0
0
0
0
0
0
0
0