0
0
0
0
0
0
0
0
0
0
0
0
0
0
0
0
0
0
0
0
0
0
0
0
0
0
0
0
0
0
0
0
0
0
0
0
0
0
0
0
0
0
0
0
0
0
0
0
0
0
0
0
0
0
0
0
0
0
0
0
0
0
0
0
0
0
0
0
0
0
0
0
0
0
0
0
0
0
0
0
0
0
0
0
0
0
0
23
143
195
170
84
2
0
0
0
0
0
0
0
0
0
0
0
0
0
36
211
235
189
195
244
142
1
0
0
0
0
0
0
0
0
0
0
0
0
153
229
60
0
1
108
228
47
0
0
0
0
0
0
0
0
0
0
0
41
230
131
0
0
0
28
215
68
0
0
0
0
0
0
0
0
0
0
0
67
255
101
0
0
0
31
234
138
0
0
0
0
0
0
0
0
0
0
0
68
255
138
7
0
0
41
241
190
14
0
0
0
0
0
0
0
0
0
0
43
213
255
190
122
136
216
255
179
10
0
0
0
0
0
0
0
0
0
0
0
35
132
211
224
207
164
252
154
0
0
0
0
0
0
0
0
0
0
0
0
0
0
19
22
14
32
240
158
0
0
0
0
0
0
0
0
0
0
0
0
0
0
0
0
0
31
239
178
6
0
0
0
0
0
0
0
0
0
0
0
0
0
0
0
0
31
237
193
17
0
0
0
0
0
0
0
0
0
0
0
0
0
0
0
0
5
224
197
19
0
0
0
0
0
0
0
0
0
0
0
0
0
0
0
0
0
196
221
36
0
0
0
0
0
0
0
0
0
0
0
0
0
0
0
0
0
171
240
44
0
0
0
0
0
0
0
0
0
0
0
0
0
0
0
0
0
92
130
23
0
0
0
0
0
0
0
0
0
0
0
0
0
0
0
0
0
0
0
0
0
0
0
0
0