0
0
0
0
0
0
0
0
0
0
0
0
0
0
0
0
0
0
0
0
0
0
0
0
0
0
0
0
0
0
0
0
0
0
0
0
0
0
0
0
0
0
0
0
0
0
0
0
0
0
0
0
0
0
0
0
0
0
0
0
0
0
0
0
0
0
0
0
0
0
0
0
0
0
0
0
0
0
0
0
0
0
0
0
0
34
177
102
0
0
0
0
0
8
28
22
6
1
0
0
0
0
0
0
0
127
231
135
0
5
37
89
164
212
232
217
184
85
0
0
0
0
0
0
4
216
129
0
85
175
221
236
178
111
76
72
76
50
0
0
0
0
0
0
42
242
104
152
219
167
108
71
43
8
0
0
0
0
0
0
0
0
0
0
129
221
34
100
52
77
182
208
229
209
85
0
0
0
0
0
0
0
0
5
195
169
0
13
165
154
69
36
52
179
228
17
0
0
0
0
0
0
0
44
219
85
51
194
122
5
0
0
0
73
243
81
0
0
0
0
0
0
0
72
242
196
229
110
0
0
0
0
0
52
225
87
0
0
0
0
0
0
0
52
193
209
96
0
0
0
0
0
0
69
237
86
0
0
0
0
0
0
0
0
0
0
0
0
0
0
0
0
0
93
255
72
0
0
0
0
0
0
0
0
0
0
0
0
0
0
0
0
0
132
235
18
0
0
0
0
0
0
0
0
0
0
0
0
0
0
0
0
42
225
142
0
0
0
0
0
0
0
0
0
0
0
0
0
0
0
0
26
204
203
20
0
0
0
0
0
0
0
0
0
0
0
0
0
15
72
127
221
216
48
0
0
0
0
0
0
0
0
0
0
0
0
0
0
25
131
155
133
27
0
0
0
0
0
0
0
0
0
0
0
0
0
0
0
0
0
0
0
0
0
0
0
0
0
0
0