0
0
0
0
0
0
0
0
0
0
0
0
0
0
0
0
0
0
0
0
0
0
0
0
0
0
0
0
0
0
0
0
0
0
0
0
0
0
0
0
0
0
0
0
0
0
0
19
104
172
221
199
87
0
0
0
0
0
0
0
0
0
0
0
0
0
39
175
255
255
251
255
255
105
0
0
0
0
0
0
0
0
0
0
0
27
198
255
201
82
55
59
147
243
61
0
0
0
0
0
0
0
0
0
0
50
230
154
12
0
0
0
59
255
92
0
0
0
0
0
0
0
0
0
0
19
78
11
0
0
0
10
194
239
56
0
0
0
0
0
0
0
0
0
0
0
0
0
0
0
0
129
255
110
0
0
0
0
0
0
0
0
0
0
0
0
0
0
0
0
100
242
175
1
0
0
0
0
0
0
0
0
0
0
0
0
0
0
2
112
253
203
29
0
0
0
0
0
0
0
0
0
0
0
0
0
0
1
149
255
177
24
0
0
0
0
0
0
0
0
0
0
0
0
0
0
0
131
255
188
22
0
0
0
0
0
0
0
0
0
0
0
0
0
0
0
83
251
206
40
0
0
0
9
33
72
6
0
0
0
0
0
0
0
0
107
244
181
40
15
59
96
126
179
227
254
79
0
0
0
0
0
0
0
51
242
255
191
175
211
236
255
255
255
248
182
55
0
0
0
0
0
0
0
60
242
255
255
255
235
220
212
178
123
52
1
0
0
0
0
0
0
0
0
3
74
110
110
85
54
38
28
1
0
0
0
0
0
0
0
0
0
0
0
0
0
0
0
0
0
0
0
0
0
0
0
0
0
0
0
0
0
0
0
0
0
0
0
0
0
0
0
0
0
0
0
0
0
0
0
0
0
0
0
0
0
0
0
0
0
0
0
0
0
0
0
0
0
0
0