0
0
0
0
0
0
0
0
0
0
0
0
0
0
0
0
0
0
0
0
0
0
0
0
0
0
0
0
0
0
0
0
0
0
0
0
0
0
0
0
0
0
0
0
0
0
0
0
0
0
0
0
0
0
0
0
0
0
0
0
0
0
0
0
0
0
0
0
0
0
0
0
0
0
0
0
0
0
0
0
0
0
0
0
0
0
0
0
0
11
37
6
0
0
79
189
152
13
0
0
0
0
0
0
0
0
0
0
0
167
222
43
0
84
245
253
183
17
0
0
0
0
0
0
0
0
0
0
98
248
222
32
4
189
255
103
29
4
0
0
0
0
0
0
0
0
0
80
235
255
81
0
95
255
187
2
0
0
0
0
0
0
0
0
0
0
90
236
254
127
0
35
227
255
79
0
0
0
0
0
0
0
0
0
0
65
232
250
126
0
0
122
255
176
5
0
0
0
0
0
0
0
0
0
50
243
255
180
18
0
41
228
242
69
0
0
0
0
0
0
0
0
0
3
180
255
255
233
198
149
185
255
150
0
0
0
0
0
0
0
0
0
0
5
164
222
223
238
240
255
255
252
157
0
0
0
0
0
0
0
0
0
0
0
12
0
15
52
59
209
251
121
36
0
0
0
0
0
0
0
0
0
0
0
0
0
0
0
87
252
184
0
0
0
0
0
0
0
0
0
0
0
0
0
0
0
0
2
158
255
93
0
0
0
0
0
0
0
0
0
0
0
0
0
0
0
0
16
200
253
41
0
0
0
0
0
0
0
0
0
0
0
0
0
0
0
0
35
248
232
22
0
0
0
0
0
0
0
0
0
0
0
0
0
0
0
0
38
151
102
0
0
0
0
0
0
0
0
0
0
0
0
0
0
0
0
0
0
0
0
0
0
0
0
0
0
0
0
0
0