0
0
0
0
0
0
0
0
0
0
0
0
0
0
0
0
0
0
0
0
0
0
0
0
0
0
0
0
0
0
0
0
0
0
0
0
0
0
0
0
0
0
0
0
0
0
0
0
0
0
0
0
0
0
0
0
0
0
0
0
0
0
0
0
0
0
0
0
0
0
0
0
0
0
0
0
0
0
0
0
0
0
0
0
0
0
0
0
0
0
4
8
3
3
0
0
0
0
0
0
0
0
0
0
0
0
12
87
27
99
193
227
186
186
93
0
0
0
0
0
0
0
0
0
0
0
116
248
208
238
255
255
255
255
245
73
0
0
0
0
0
0
0
0
0
17
194
255
255
251
228
208
248
255
255
118
0
0
0
0
0
0
0
0
0
61
247
248
169
86
32
76
243
255
218
56
0
0
0
0
0
0
0
0
0
32
120
65
8
0
18
195
255
255
131
0
0
0
0
0
0
0
0
0
0
0
0
0
0
7
143
255
255
209
35
0
0
0
0
0
0
0
0
0
0
0
0
0
0
115
254
255
239
79
0
0
0
0
0
0
0
0
0
0
0
0
0
0
114
250
255
255
131
0
0
0
0
0
0
0
0
0
0
0
0
0
0
70
233
255
255
171
8
0
0
0
0
0
0
0
0
0
0
0
0
0
6
196
255
255
183
33
0
0
0
0
0
0
0
0
0
0
0
0
0
0
93
251
255
210
36
0
0
0
0
0
0
0
0
0
0
0
0
0
0
3
170
255
254
87
0
0
0
0
0
0
0
0
0
0
0
0
0
0
0
42
221
255
171
7
0
0
0
0
0
0
0
0
0
0
0
0
0
0
0
66
255
220
65
0
0
0
0
0
0
0
0
0
0
0
0
0
0
0
0
8
60
37
0
0
0
0
0
0
0
0
0
0
0
0