0
0
0
0
0
0
0
0
0
0
0
0
0
0
0
0
0
0
0
0
0
0
0
0
0
0
0
0
0
0
0
0
0
0
0
0
0
0
0
0
0
0
0
0
0
0
0
0
0
0
0
0
0
0
0
0
0
0
0
0
0
0
0
0
0
0
0
0
0
0
0
0
0
0
0
0
0
0
0
0
0
0
0
0
0
0
0
0
0
60
152
90
0
0
0
0
0
0
0
0
0
0
0
0
0
0
0
0
19
197
244
193
148
123
110
55
5
0
0
0
0
0
0
0
0
0
0
1
149
136
52
59
81
95
97
71
7
0
0
0
0
0
0
0
0
0
0
50
187
21
0
0
0
0
0
0
0
0
0
0
0
0
0
0
0
0
0
150
104
0
0
0
0
0
0
0
0
0
0
0
0
0
0
0
0
0
40
205
36
0
0
0
0
0
0
0
0
0
0
0
0
0
0
0
0
0
52
143
0
0
0
0
0
0
0
0
0
0
0
0
0
0
0
0
0
0
52
167
1
0
0
0
0
0
0
0
0
0
0
0
0
0
0
0
0
0
16
184
93
12
0
0
0
0
0
0
0
0
0
0
0
0
0
0
0
0
0
50
159
152
122
101
27
0
0
0
0
0
0
0
0
0
0
0
0
0
0
0
15
44
84
174
147
0
0
0
0
0
0
0
0
0
0
0
0
0
0
0
0
0
0
104
189
0
0
0
0
0
0
0
0
0
0
0
0
0
0
0
0
0
0
155
160
0
0
0
0
0
0
0
0
0
0
0
0
0
0
0
0
0
21
183
51
0
0
0
0
0
0
0
0
0
0
0
0
0
0
0
0
0
45
96
4
0
0
0
0
0
0
0
0
0
0
0
0
0
0
0
0
0
0
0
0
0
0
0
0
0
0
0