0
0
0
0
0
0
0
0
0
0
0
0
0
0
0
0
0
0
0
0
0
0
0
0
0
0
0
0
0
0
0
0
0
0
0
0
0
0
0
0
0
0
0
0
0
0
0
0
0
0
0
0
0
0
0
0
0
0
0
0
0
0
0
0
0
0
0
0
0
0
0
0
0
0
0
0
0
0
0
0
0
0
0
0
0
0
0
24
87
133
67
0
0
0
0
0
0
0
0
0
0
0
0
0
0
18
139
247
255
255
244
165
138
9
0
0
0
0
0
0
0
0
0
0
17
181
255
218
147
87
134
229
245
51
0
0
0
0
0
0
0
0
0
0
111
255
169
26
2
0
7
185
253
78
0
0
0
0
0
0
0
0
0
0
194
248
64
0
0
0
77
254
255
107
0
0
0
0
0
0
0
0
0
0
184
240
49
0
0
14
182
249
255
140
0
0
0
0
0
0
0
0
0
0
51
237
150
28
45
174
196
115
252
165
0
0
0
0
0
0
0
0
0
0
0
91
239
224
225
183
36
73
252
193
18
0
0
0
0
0
0
0
0
0
0
0
60
156
91
12
0
70
250
195
19
0
0
0
0
0
0
0
0
0
0
0
0
0
0
0
0
58
244
198
21
0
0
0
0
0
0
0
0
0
0
0
0
0
0
0
0
1
210
229
42
0
0
0
0
0
0
0
0
0
0
0
0
0
0
0
0
0
203
236
47
0
0
0
0
0
0
0
0
0
0
0
0
0
0
0
0
0
206
209
27
0
0
0
0
0
0
0
0
0
0
0
0
0
0
0
0
0
218
208
21
0
0
0
0
0
0
0
0
0
0
0
0
0
0
0
0
0
118
121
16
0
0
0
0
0
0
0
0
0
0
0
0
0
0
0
0
0
0
0
0
0
0
0
0
0