0
0
0
0
0
0
0
0
0
0
0
0
0
0
0
0
0
0
0
0
0
0
0
0
0
0
0
0
0
0
0
0
0
0
0
0
0
0
0
0
0
0
0
0
0
0
0
0
0
0
0
0
0
24
12
0
0
0
0
0
0
0
0
0
0
0
0
0
0
0
0
13
119
231
106
0
0
0
0
0
0
0
0
0
0
0
0
0
0
0
84
196
255
255
126
33
0
0
0
0
0
0
0
0
0
0
0
0
35
153
242
197
122
254
255
198
27
0
0
0
0
0
0
0
0
0
6
122
226
231
108
10
140
255
210
74
16
0
0
0
0
0
0
0
0
46
200
248
152
46
0
0
217
246
63
0
0
0
0
0
0
0
0
0
47
207
218
95
0
0
0
112
255
143
0
0
0
0
0
0
0
0
0
15
185
168
28
0
0
0
20
205
232
27
0
0
0
0
0
0
0
0
0
33
81
11
0
0
0
0
107
255
102
0
0
0
0
0
0
0
0
0
0
0
0
0
0
0
0
3
207
212
17
0
0
0
0
0
0
0
0
0
0
0
0
0
0
0
0
18
224
152
0
0
0
0
0
0
0
0
0
0
0
0
0
0
0
0
0
113
255
104
0
6
0
0
0
0
0
0
0
0
0
0
3
4
0
0
0
150
233
90
112
105
0
0
0
0
0
0
0
0
0
0
113
200
133
126
132
229
255
245
182
65
0
0
0
0
0
0
0
0
0
0
61
184
249
255
255
207
155
88
24
0
0
0
0
0
0
0
0
0
0
0
0
10
30
37
35
18
1
0
0
0
0
0
0
0
0
0
0
0
0
0
0
0
0
0
0
0
0
0
0
0
0
0
0
0
0
0
0
0
0
0
0
0
0
0
0
0
0
0
0
0
0
0
0
0
0
0