0
0
0
0
0
0
0
0
0
0
0
0
0
0
0
0
0
0
0
0
0
0
0
0
0
0
0
0
0
0
0
0
0
0
0
0
0
0
0
0
0
0
0
0
0
0
0
0
0
0
0
0
0
0
0
0
0
0
0
0
0
0
0
0
0
0
0
18
81
114
113
114
64
0
0
0
0
0
0
0
0
0
0
0
0
17
128
206
217
204
202
227
236
85
0
0
0
0
0
0
0
0
0
0
15
201
253
141
19
3
3
9
177
216
32
0
0
0
0
0
0
0
0
0
114
254
126
10
0
0
0
0
157
222
35
0
0
0
0
0
0
0
0
0
66
110
10
0
0
0
0
25
219
134
0
0
0
0
0
0
0
0
0
0
0
0
0
0
0
0
3
172
218
27
0
0
0
0
0
0
0
0
0
0
0
0
0
0
0
0
136
236
72
0
0
0
0
0
0
0
0
0
0
0
0
0
0
0
31
157
255
235
107
10
0
0
0
0
0
0
0
0
0
0
0
0
0
0
57
179
130
125
232
172
21
0
0
0
0
0
0
0
0
0
28
33
0
0
0
8
0
0
64
237
166
2
0
0
0
0
0
0
0
0
95
181
8
0
0
0
0
0
0
74
227
16
0
0
0
0
0
0
0
0
33
240
137
3
0
0
0
0
0
67
231
38
0
0
0
0
0
0
0
0
0
106
249
158
22
0
0
0
68
224
221
11
0
0
0
0
0
0
0
0
0
3
124
219
180
136
136
173
248
199
53
0
0
0
0
0
0
0
0
0
0
0
2
18
58
173
226
201
86
19
0
0
0
0
0
0
0
0
0
0
0
0
0
0
0
0
0
0
0
0
0
0
0
0
0
0
0
0
0
0
0
0
0
0
0
0
0
0
0
0
0
0
0
0
0
0