0
0
0
0
0
0
0
0
0
0
0
0
0
0
0
0
0
0
0
0
0
0
0
0
0
0
0
0
0
0
0
0
0
0
0
0
0
0
0
0
0
0
0
0
0
0
0
0
0
0
19
37
20
0
0
0
0
0
0
0
0
0
0
0
0
0
0
0
62
132
208
255
219
80
0
0
0
0
0
0
0
0
0
0
0
0
2
97
235
255
239
138
215
211
27
0
0
0
0
0
0
0
0
0
0
0
74
245
250
146
24
23
127
255
149
0
0
0
0
0
0
0
0
0
0
18
185
247
90
30
100
207
252
244
215
13
0
0
0
0
0
0
0
0
0
35
217
233
133
222
255
255
183
138
249
62
0
0
0
0
0
0
0
0
0
34
215
255
255
247
192
86
0
89
254
68
0
0
0
0
0
0
0
0
0
14
137
198
118
61
14
0
0
129
237
22
0
0
0
0
0
0
0
0
0
0
0
4
0
0
0
0
41
234
188
1
0
0
0
0
0
0
0
0
0
0
0
0
0
0
0
0
145
255
123
0
0
0
0
0
0
0
0
0
0
0
0
0
0
0
0
95
255
218
38
0
0
0
0
0
0
0
0
0
0
29
0
0
0
12
89
233
247
85
0
0
0
0
0
0
0
0
0
0
83
212
191
127
104
182
243
245
89
0
0
0
0
0
0
0
0
0
0
0
145
255
255
255
255
255
255
210
111
44
0
0
0
0
0
0
0
0
0
0
53
202
255
247
208
251
255
255
227
68
0
0
0
0
0
0
0
0
0
0
0
17
37
32
20
34
36
37
23
0
0
0
0
0
0
0
0
0
0
0
0
0
0
0
0
0
0
0
0
0
0
0
0
0
0
0
0
0
0
0
0
0
0
0
0
0
0
0
0
0
0
0
0
0
0
0