0
0
0
0
0
0
0
0
0
0
0
0
0
0
0
0
0
0
0
0
0
0
0
0
0
0
0
0
0
0
0
0
0
0
0
0
0
0
0
0
0
0
0
0
0
0
4
17
37
36
22
0
0
0
0
0
0
0
0
0
0
0
0
0
0
0
73
204
255
255
216
140
53
12
0
0
0
0
0
0
0
0
1
73
44
0
123
199
232
247
252
255
231
129
9
0
0
0
0
0
0
0
10
187
144
0
13
9
29
35
48
103
225
255
165
11
0
0
0
0
0
0
10
187
147
0
0
0
0
0
0
0
89
241
255
106
0
0
0
0
0
0
11
188
169
7
0
0
0
0
0
0
0
65
210
205
25
0
0
0
0
0
5
163
255
36
0
0
0
0
0
0
0
0
129
255
88
0
0
0
0
0
0
112
255
104
0
0
0
0
0
0
0
0
59
252
135
0
0
0
0
0
0
85
255
133
0
0
0
0
0
0
0
0
6
206
185
11
0
0
0
0
0
39
221
131
0
0
0
0
0
0
0
0
82
255
167
5
0
0
0
0
0
2
185
193
14
0
0
0
0
0
0
10
167
245
79
0
0
0
0
0
0
0
161
255
115
0
0
0
0
7
61
168
255
166
0
0
0
0
0
0
0
0
83
253
231
112
32
73
135
184
240
255
225
56
0
0
0
0
0
0
0
0
0
136
255
255
246
253
255
255
224
191
80
0
0
0
0
0
0
0
0
0
0
16
115
188
246
230
174
106
41
9
0
0
0
0
0
0
0
0
0
0
0
0
0
12
32
26
8
0
0
0
0
0
0
0
0
0
0
0
0
0
0
0
0
0
0
0
0
0
0
0
0
0
0
0
0
0
0
0
0
0
0
0
0
0
0
0
0
0
0
0
0
0
0
0
0
0