0
0
0
0
0
0
0
0
0
0
0
0
0
0
0
0
0
0
0
0
0
0
0
0
0
0
0
0
0
0
0
0
0
0
0
0
0
0
0
0
0
0
0
0
0
0
0
0
1
29
31
0
0
0
0
0
0
0
0
0
0
0
0
0
0
0
0
0
53
235
246
137
32
0
0
0
0
0
0
0
0
0
0
0
0
0
0
23
190
255
255
255
160
0
0
0
0
0
0
0
0
0
0
0
0
0
0
96
255
186
123
249
251
102
0
0
0
0
0
0
0
0
0
0
0
0
55
219
251
73
14
200
255
214
41
0
0
0
0
0
0
0
0
0
0
0
115
255
195
18
0
125
255
255
110
0
0
0
0
0
0
0
0
0
0
0
114
255
188
16
0
24
217
255
116
0
0
0
0
0
0
0
0
0
0
0
114
255
189
17
0
0
197
255
115
0
0
0
0
0
0
0
0
0
0
0
114
255
189
16
0
0
199
255
116
0
0
0
0
0
0
0
0
0
0
0
114
255
202
24
0
0
198
255
115
0
0
0
0
0
0
0
0
0
0
0
67
243
250
66
0
0
197
255
118
0
0
0
0
0
0
0
0
0
0
0
68
227
255
189
3
9
210
255
96
0
0
0
0
0
0
0
0
0
0
0
0
158
255
255
119
99
255
204
28
0
0
0
0
0
0
0
0
0
0
0
0
19
161
255
245
242
255
106
0
0
0
0
0
0
0
0
0
0
0
0
0
0
32
193
255
201
108
16
0
0
0
0
0
0
0
0
0
0
0
0
0
0
0
16
34
16
0
0
0
0
0
0
0
0
0
0
0
0
0
0
0
0
0
0
0
0
0
0
0
0
0
0
0
0
0
0
0
0
0
0
0
0
0
0
0
0
0
0
0
0
0
0
0
0