0
0
0
0
0
0
0
0
0
0
0
0
0
0
0
0
0
0
0
0
0
0
0
0
0
0
0
0
0
0
0
0
0
0
0
0
0
0
0
0
0
0
0
0
0
0
0
0
0
0
0
0
0
0
0
0
0
0
0
0
0
0
0
0
0
0
0
1
69
84
0
0
0
0
0
0
0
0
0
0
0
0
0
0
0
0
0
15
204
252
70
0
0
0
0
0
0
0
0
0
0
0
0
0
0
0
0
13
189
255
152
0
0
0
0
0
0
0
0
0
0
0
0
0
0
0
0
0
96
254
222
40
0
0
0
0
0
0
0
0
0
0
0
0
0
0
0
0
57
234
235
59
0
0
0
0
0
0
0
0
0
0
0
0
0
0
0
0
25
211
236
57
0
0
0
0
0
0
0
0
0
0
0
0
0
0
0
0
0
188
238
54
0
0
0
0
0
0
0
0
0
0
0
0
0
0
0
0
0
189
249
75
0
0
0
0
0
0
0
0
0
0
0
0
0
0
0
0
0
187
255
126
0
0
0
0
0
0
0
0
0
0
0
0
0
0
0
0
0
185
255
123
0
0
0
0
0
0
0
0
0
0
0
0
0
0
0
0
0
133
255
123
0
0
0
0
0
0
0
0
0
0
0
0
0
0
0
0
0
97
255
123
0
0
0
0
0
0
0
0
0
0
0
0
0
0
0
0
0
103
255
123
0
0
0
0
0
0
0
0
0
0
0
0
0
0
0
0
0
71
255
124
0
0
0
0
0
0
0
0
0
0
0
0
0
0
0
0
0
12
143
37
0
0
0
0
0
0
0
0
0
0
0
0
0
0
0
0
0
0
0
0
0
0
0
0
0
0
0
0
0
0
0
0
0
0
0
0
0
0
0
0
0
0
0
0
0
0
0
0