0
0
0
0
0
0
0
0
0
0
0
0
0
0
0
0
0
0
0
0
0
0
0
0
0
0
0
0
0
0
0
0
0
0
0
0
0
0
0
0
0
0
0
0
0
0
0
0
0
0
0
0
0
0
0
0
0
0
0
0
0
0
0
0
0
0
0
0
0
0
0
0
0
0
0
0
0
0
0
0
0
0
0
0
0
0
0
0
0
0
0
0
0
0
0
0
0
0
0
0
0
0
0
0
0
0
0
0
0
0
0
20
97
115
159
154
81
15
0
0
0
0
0
0
0
0
0
0
0
0
92
203
246
215
208
192
200
144
0
0
0
0
0
0
0
0
0
0
0
108
249
142
41
18
17
12
17
30
0
0
0
0
0
0
0
0
0
0
86
242
179
23
0
0
0
0
0
0
0
0
0
0
0
0
0
0
0
59
235
217
35
4
1
0
0
0
0
0
0
0
0
0
0
0
0
0
39
224
255
240
229
240
169
39
0
0
0
0
0
0
0
0
0
14
88
41
66
207
167
101
69
92
228
192
17
0
0
0
0
0
0
0
0
56
215
237
190
127
58
22
40
113
246
159
3
0
0
0
0
0
0
0
0
0
37
125
195
244
242
246
248
226
144
38
0
0
0
0
0
0
0
0
0
0
0
0
17
55
67
101
82
37
0
0
0
0
0
0
0
0
0
0
0
0
0
0
0
0
0
0
0
0
0
0
0
0
0
0
0
0
0
0
0
0
0
0
0
0
0
0
0
0
0
0
0
0
0
0
0
0
0
0
0
0
0
0
0
0
0
0
0
0
0
0
0
0
0
0
0
0
0
0
0
0
0
0
0
0
0
0
0
0
0
0
0
0
0
0
0
0
0
0
0
0
0
0
0
0
0
0
0
0
0
0
0
0
0
0
0
0