0
0
0
0
0
0
0
0
0
0
0
0
0
0
0
0
0
0
0
0
0
0
0
0
0
0
0
0
0
0
0
0
0
0
0
0
0
0
0
0
0
0
0
0
0
0
0
0
0
0
0
0
0
0
0
0
0
0
0
0
0
0
0
0
0
23
94
71
60
22
7
2
0
0
0
0
0
0
0
0
0
0
0
0
40
205
255
239
237
212
199
178
79
0
0
0
0
0
0
0
0
0
0
0
23
207
255
137
161
217
251
255
253
186
39
0
0
0
0
0
0
0
0
0
0
48
129
22
0
30
73
91
219
255
139
0
0
0
0
0
0
0
0
0
0
0
0
0
0
0
0
124
248
252
82
0
0
0
0
0
0
0
0
0
0
0
0
0
4
46
149
254
248
106
0
0
0
0
0
0
0
0
0
0
0
0
0
52
192
234
255
255
253
176
43
0
0
0
0
0
0
0
0
0
0
0
0
115
216
189
132
148
200
255
187
3
0
0
0
0
0
0
0
0
0
0
0
0
22
0
0
0
35
246
233
8
0
0
0
0
0
0
0
0
0
0
0
0
0
0
0
0
47
255
225
8
0
0
0
0
0
0
0
0
0
0
0
0
0
0
0
13
174
255
145
0
0
0
0
0
0
0
0
0
0
0
0
0
0
0
16
142
255
229
47
0
0
0
0
0
0
0
0
5
32
20
28
35
61
110
202
255
212
67
0
0
0
0
0
0
0
0
0
73
218
198
209
219
255
255
237
148
37
0
0
0
0
0
0
0
0
0
0
72
216
225
222
221
174
127
44
0
0
0
0
0
0
0
0
0
0
0
0
0
0
0
0
0
0
0
0
0
0
0
0
0
0
0
0
0
0
0
0
0
0
0
0
0
0
0
0
0
0
0
0
0
0
0
0
0