0
0
0
0
0
0
0
0
0
0
0
0
0
0
0
0
0
0
0
0
0
0
0
0
0
0
0
0
0
0
0
0
0
0
0
0
0
0
0
0
0
0
0
0
0
0
0
0
0
0
46
190
189
31
0
0
0
0
0
0
0
0
0
0
0
0
0
0
0
39
226
230
63
0
0
0
0
0
0
0
0
0
0
0
0
0
0
0
13
180
255
97
0
0
0
0
0
0
0
0
0
0
0
0
0
0
0
0
61
241
170
7
0
0
0
0
0
0
0
0
0
0
0
0
0
0
0
10
180
255
71
0
0
0
0
0
0
0
0
0
0
0
0
0
0
0
0
37
245
209
14
0
0
0
0
0
0
0
0
0
0
0
0
0
0
0
0
95
255
140
0
0
0
0
0
0
0
0
0
0
0
0
0
0
0
0
0
102
255
96
0
0
0
0
0
0
0
0
0
0
0
0
0
0
0
0
0
100
251
152
109
66
30
0
0
0
0
0
0
0
0
0
0
0
0
0
0
130
255
200
179
232
217
82
0
0
0
0
0
0
0
0
0
0
0
0
0
106
255
110
2
86
234
224
39
0
0
0
0
0
0
0
0
0
0
0
0
43
245
202
19
0
160
255
62
0
0
0
0
0
0
0
0
0
0
0
0
7
173
255
187
119
226
227
41
0
0
0
0
0
0
0
0
0
0
0
0
0
38
183
255
255
255
129
0
0
0
0
0
0
0
0
0
0
0
0
0
0
0
17
105
110
92
19
0
0
0
0
0
0
0
0
0
0
0
0
0
0
0
0
0
0
0
0
0
0
0
0
0
0
0
0
0
0
0
0
0
0
0
0
0
0
0
0
0
0
0
0
0
0
0
0
0
0
0
0
0
0
0
0
0
0
0
0
0
0
0
0
0
0