0
0
0
0
0
0
0
0
0
0
0
0
0
0
0
0
0
0
0
0
0
0
0
0
0
0
0
0
0
0
0
0
0
0
0
0
0
0
0
0
0
0
0
0
0
0
0
0
0
0
0
0
0
0
0
0
0
0
0
0
0
0
0
0
0
0
0
0
0
0
0
0
0
0
0
0
0
0
0
0
0
0
0
0
0
0
0
35
121
188
150
104
41
0
0
0
0
0
0
0
0
0
0
0
0
20
73
228
255
255
255
255
231
100
0
0
0
0
0
0
0
0
0
0
3
170
255
255
244
203
189
186
243
245
85
0
0
0
0
0
0
0
0
0
0
128
238
165
53
16
13
7
185
255
201
4
0
0
0
0
0
0
0
0
0
3
26
0
0
0
0
0
182
255
212
6
0
0
0
0
0
0
0
0
0
0
0
0
0
0
0
20
217
255
189
3
0
0
0
0
0
0
0
0
0
0
0
0
0
0
0
126
255
255
111
0
0
0
0
0
0
0
0
0
0
0
0
0
0
0
37
207
255
196
21
0
0
0
0
0
0
0
0
0
0
0
0
0
0
38
206
255
255
109
0
0
0
0
0
0
0
0
0
0
0
0
0
0
16
172
255
255
192
20
0
0
0
0
0
0
0
0
0
0
0
0
0
0
107
255
255
206
50
0
0
0
0
0
0
0
0
0
0
0
0
0
0
56
235
255
193
31
0
0
0
0
0
0
0
0
0
0
0
0
0
0
0
170
255
221
64
0
0
0
0
0
0
0
0
0
0
0
0
0
0
0
11
228
248
95
0
0
0
0
0
0
0
0
0
0
0
0
0
0
0
0
0
94
111
8
0
0
0
0
0
0
0
0
0
0
0
0
0
0
0
0
0
0
0
0
0
0
0
0
0
0
0
0
0
0