0
0
0
0
0
0
0
0
0
0
0
0
0
0
0
0
0
0
0
0
0
0
0
0
0
0
0
0
0
0
0
0
0
0
0
0
0
0
0
0
0
0
0
0
0
0
0
0
0
0
0
11
36
37
20
0
0
0
0
0
0
0
0
0
0
0
0
0
0
1
40
167
255
255
210
60
0
0
0
0
0
0
0
0
0
0
0
0
6
120
227
252
192
204
255
221
141
12
0
0
0
0
0
0
0
0
0
6
144
255
232
87
47
233
255
252
223
29
0
0
0
0
0
0
0
0
0
9
176
255
149
14
182
255
255
120
34
2
0
0
0
0
0
0
0
0
0
8
174
255
199
190
255
253
148
0
0
0
0
0
0
0
0
0
0
0
0
6
172
255
255
249
190
95
8
0
0
0
0
0
0
0
0
0
0
0
0
36
193
255
255
188
21
0
0
0
0
0
0
0
0
0
0
0
0
1
75
215
255
255
255
235
100
0
0
0
0
0
0
0
0
0
0
0
0
89
240
249
118
92
190
255
248
77
0
0
0
0
0
0
0
0
0
59
208
245
226
87
0
0
50
198
255
217
36
0
0
0
0
0
0
0
12
184
255
149
14
0
0
0
0
93
250
229
44
0
0
0
0
0
0
0
37
255
254
126
47
52
51
72
153
216
255
228
42
0
0
0
0
0
0
0
14
175
255
255
254
254
254
255
255
255
217
113
9
0
0
0
0
0
0
0
0
29
108
177
178
178
178
178
178
129
33
0
0
0
0
0
0
0
0
0
0
0
0
9
9
9
9
9
10
0
0
0
0
0
0
0
0
0
0
0
0
0
0
0
0
0
0
0
0
0
0
0
0
0
0
0
0
0
0
0
0
0
0
0
0
0
0
0
0
0
0
0
0
0
0
0
0
0