0
0
0
0
0
0
0
0
0
0
0
0
0
0
0
0
0
0
0
0
0
0
0
0
0
0
0
0
0
0
0
0
0
0
0
0
0
0
0
0
0
0
0
0
0
0
0
0
0
0
0
0
0
0
0
0
0
0
0
0
0
0
0
0
0
0
0
0
0
0
0
0
0
0
0
0
0
0
0
0
0
0
0
0
0
0
0
0
0
15
99
153
155
93
18
0
0
0
0
0
0
0
0
0
0
0
0
0
77
206
255
255
255
255
194
52
0
0
0
0
0
0
0
0
0
0
9
141
252
231
150
143
232
229
255
188
10
0
0
0
0
0
0
0
0
0
112
255
203
48
0
73
200
244
255
188
24
0
0
0
0
0
0
0
0
57
247
193
34
0
0
5
125
255
142
17
0
0
0
0
0
0
0
0
3
188
220
42
0
0
0
68
240
204
26
0
0
0
0
0
0
0
0
0
9
253
140
0
0
3
85
226
251
73
0
0
0
0
0
0
0
0
0
0
7
229
225
122
141
177
248
255
131
0
0
0
0
0
0
0
0
0
0
0
0
94
242
253
244
253
255
182
12
0
0
0
0
0
0
0
0
0
0
0
0
1
46
90
84
207
238
54
0
0
0
0
0
0
0
0
0
0
0
0
0
0
0
0
113
255
127
2
0
0
0
0
0
0
0
0
0
0
0
0
0
0
0
72
250
234
30
0
0
0
0
0
0
0
0
0
0
0
0
0
0
0
32
197
255
116
0
0
0
0
0
0
0
0
0
0
0
0
0
0
0
0
90
255
158
3
0
0
0
0
0
0
0
0
0
0
0
0
0
0
0
0
50
118
27
0
0
0
0
0
0
0
0
0
0
0
0
0
0
0
0
0
0
0
0
0
0
0
0
0
0
0
0
0
0
0