0
0
0
0
0
0
0
0
0
0
0
0
0
0
0
0
0
0
0
0
0
0
0
0
0
0
23
132
72
0
0
0
0
0
0
0
0
0
0
0
0
0
0
0
0
0
49
242
185
9
0
0
0
0
0
0
0
0
0
0
0
0
0
0
0
0
0
146
242
61
0
0
0
0
0
0
0
0
0
0
0
0
0
0
0
0
0
135
255
132
0
0
0
0
0
0
0
0
0
0
0
0
0
0
0
0
0
134
255
132
0
0
0
0
0
0
0
0
0
0
0
0
0
0
0
0
0
160
247
65
0
0
0
0
0
0
0
0
0
0
0
0
0
0
0
0
40
232
222
35
0
12
58
107
87
25
0
0
0
0
0
0
0
0
0
0
147
255
143
0
79
195
255
255
255
216
125
20
0
0
0
0
0
0
0
62
241
235
52
103
248
246
173
123
157
229
255
158
0
0
0
0
0
0
3
184
255
111
48
234
237
67
0
0
0
52
221
205
0
0
0
0
0
0
8
227
255
45
55
242
184
0
0
0
0
62
246
195
0
0
0
0
0
0
7
225
255
57
7
192
252
148
36
20
82
219
255
99
0
0
0
0
0
0
1
167
255
199
96
136
252
255
235
218
255
255
153
4
0
0
0
0
0
0
0
49
217
255
255
246
255
255
255
242
209
164
22
0
0
0
0
0
0
0
0
0
31
90
127
174
184
185
128
39
3
1
0
0
0
0
0
0
0
0
0
0
0
0
0
0
0
0
0
0
0
0
0
0
0
0
0
0
0
0
0
0
0
0
0
0
0
0
0
0
0
0
0
0
0
0
0
0
0
0
0
0
0
0
0
0
0
0
0
0
0
0
0
0
0
0
0
0
0
0
0
0
0
0
0
0
0
0
0
0
0
0
0
0
0
0