0
0
0
0
0
0
0
0
0
0
0
0
0
0
0
0
0
0
0
0
0
0
0
0
0
0
0
0
0
0
0
0
0
0
0
0
0
0
0
0
0
0
0
0
0
0
0
0
0
0
0
0
0
0
20
28
3
0
0
0
0
0
0
0
0
0
0
0
0
0
0
0
15
113
213
244
90
0
0
0
0
0
0
0
0
0
0
0
0
0
0
58
192
249
245
230
78
0
0
0
0
0
0
0
0
0
0
0
0
19
143
242
252
255
168
40
0
0
0
0
0
0
0
0
0
0
0
0
56
195
255
187
79
149
241
50
0
0
0
0
0
0
0
0
0
0
0
52
229
253
139
11
0
16
211
180
4
0
0
0
0
0
0
0
0
0
62
212
229
78
0
0
0
0
154
219
34
0
0
0
0
0
0
0
0
29
205
250
79
0
0
0
0
0
72
223
53
0
0
0
0
0
0
0
8
195
254
87
0
0
0
0
0
0
131
216
32
0
0
0
0
0
0
0
112
252
142
0
0
0
0
0
0
23
212
193
8
0
0
0
0
0
0
35
217
197
19
0
0
0
0
0
26
182
244
57
0
0
0
0
0
0
0
135
255
84
0
0
0
0
0
72
213
245
108
0
0
0
0
0
0
0
6
170
248
39
0
0
0
66
167
248
207
69
0
0
0
0
0
0
0
0
0
107
255
219
159
155
195
255
239
141
15
0
0
0
0
0
0
0
0
0
0
9
111
244
255
240
193
145
56
0
0
0
0
0
0
0
0
0
0
0
0
0
0
30
37
28
13
0
0
0
0
0
0
0
0
0
0
0
0
0
0
0
0
0
0
0
0
0
0
0
0
0
0
0
0
0
0
0
0
0
0
0
0
0
0
0
0
0
0
0
0
0
0
0
0
0
0
0