0
0
0
0
0
0
0
0
0
0
0
0
0
0
0
0
0
0
0
0
0
0
0
0
0
0
0
0
0
0
0
0
0
0
0
0
0
0
0
0
0
0
0
0
0
0
0
0
0
0
0
0
0
0
0
0
0
0
0
0
0
0
0
0
0
0
0
0
0
0
36
71
102
58
2
0
0
0
0
0
0
0
0
0
0
0
0
0
21
137
221
241
255
234
131
4
0
0
0
0
0
0
0
0
0
0
0
2
164
255
239
255
255
255
255
149
0
0
0
0
0
0
0
0
0
0
0
107
240
115
57
102
122
157
190
128
0
0
0
0
0
0
0
0
0
0
32
236
178
0
0
0
0
3
12
7
0
0
0
0
0
0
0
0
0
0
36
242
167
0
0
0
0
0
0
0
0
0
0
0
0
0
0
0
0
0
74
249
143
3
51
88
46
0
0
0
0
0
0
0
0
0
0
0
0
0
127
244
138
193
255
255
249
139
10
0
0
0
0
0
0
0
0
0
0
0
163
255
254
251
167
105
234
214
31
0
0
0
0
0
0
0
0
0
0
0
122
224
143
56
5
0
210
205
25
0
0
0
0
0
0
0
0
0
0
0
0
2
0
0
0
43
238
157
0
0
0
0
0
0
0
0
0
0
5
12
6
0
0
0
14
181
249
82
0
0
0
0
0
0
0
0
0
0
118
223
195
95
44
24
157
255
106
0
0
0
0
0
0
0
0
0
0
0
48
153
206
255
235
207
250
157
6
0
0
0
0
0
0
0
0
0
0
0
0
1
15
74
146
203
114
9
0
0
0
0
0
0
0
0
0
0
0
0
0
0
0
0
0
0
0
0
0
0
0
0
0
0
0
0
0
0
0
0
0
0
0
0
0
0
0
0
0
0
0
0
0
0
0
0