0
0
0
0
0
0
0
0
0
0
0
0
0
0
0
0
0
0
0
0
0
0
0
0
0
0
0
0
0
0
0
0
0
0
0
0
0
0
0
0
0
0
0
0
0
0
0
0
18
20
6
0
0
0
0
0
0
0
0
0
0
0
0
0
16
129
70
99
195
212
175
60
0
0
0
0
0
0
0
0
0
0
0
0
139
255
166
77
72
85
208
229
57
0
0
0
0
0
0
0
0
0
0
27
216
154
6
0
0
0
25
188
231
53
0
0
0
0
0
0
0
0
0
83
243
49
0
0
0
0
0
33
201
213
36
0
0
0
0
0
0
0
0
112
255
24
0
0
0
0
0
0
31
213
188
6
0
0
0
0
0
0
0
93
247
28
0
0
0
0
0
0
0
69
241
122
0
0
0
0
0
0
0
66
228
31
0
0
0
0
0
0
0
0
113
243
79
0
0
0
0
0
0
43
220
94
0
0
0
0
0
0
0
0
5
183
233
33
0
0
0
0
0
2
195
172
0
0
0
0
0
0
0
0
0
56
232
130
0
0
0
0
0
0
169
208
12
0
0
0
0
0
0
0
0
0
163
186
0
0
0
0
0
0
58
239
82
0
0
0
0
0
0
0
0
6
182
113
0
0
0
0
0
0
7
203
201
25
0
0
0
0
0
0
39
164
228
32
0
0
0
0
0
0
0
60
222
221
116
91
92
110
155
161
205
164
48
0
0
0
0
0
0
0
0
0
39
142
207
217
216
182
158
125
60
1
0
0
0
0
0
0
0
0
0
0
0
0
16
19
19
8
1
0
0
0
0
0
0
0
0
0
0
0
0
0
0
0
0
0
0
0
0
0
0
0
0
0
0
0
0
0
0
0
0
0
0
0
0
0
0
0
0
0
0
0
0
0
0
0