0
0
0
0
0
0
0
0
0
0
0
0
0
0
0
0
0
0
0
0
0
0
0
0
0
0
0
0
0
0
0
0
0
0
0
0
0
0
0
0
0
0
0
0
0
0
8
16
25
37
36
40
16
0
0
0
0
0
0
0
0
0
0
0
0
33
176
198
225
255
255
245
162
0
0
0
0
0
0
0
0
0
0
0
0
50
240
255
234
153
133
68
51
0
0
0
0
0
0
0
0
0
0
0
0
0
75
248
187
13
0
0
0
0
0
0
0
0
0
0
0
0
0
0
0
0
0
172
219
35
0
0
0
0
0
0
0
0
0
0
0
0
0
0
0
0
0
147
245
52
0
0
0
0
0
0
0
0
0
0
0
0
0
0
0
0
0
115
251
61
4
13
3
0
0
0
0
0
0
0
0
0
0
0
0
0
0
69
255
193
201
206
183
101
8
0
0
0
0
0
0
0
0
0
0
0
0
69
255
234
184
158
226
255
131
0
0
0
0
0
0
0
0
0
0
0
0
31
143
62
1
0
56
216
211
5
0
0
0
0
0
0
0
0
0
0
0
0
1
0
0
0
9
203
217
6
0
0
0
0
0
0
0
0
0
0
0
0
0
0
0
0
92
252
191
3
0
0
0
0
0
0
0
0
1
77
45
1
1
2
26
122
246
240
69
0
0
0
0
0
0
0
0
0
4
186
234
211
169
194
236
255
197
90
0
0
0
0
0
0
0
0
0
0
0
44
138
197
232
232
177
101
4
0
0
0
0
0
0
0
0
0
0
0
0
0
0
14
25
26
8
0
0
0
0
0
0
0
0
0
0
0
0
0
0
0
0
0
0
0
0
0
0
0
0
0
0
0
0
0
0
0
0
0
0
0
0
0
0
0
0
0
0
0
0
0
0
0
0
0