0
0
0
0
0
0
0
0
0
0
0
0
0
0
0
0
0
0
0
0
0
0
0
0
0
0
0
0
0
0
0
0
0
0
0
0
0
0
0
0
0
0
0
0
0
0
0
0
0
0
0
0
0
0
0
0
0
0
0
0
0
0
0
0
0
0
0
0
23
82
86
0
0
0
0
0
0
0
0
0
0
0
0
0
0
0
0
115
202
249
248
165
154
116
23
0
0
0
0
0
0
0
0
0
0
0
71
243
255
254
255
255
255
255
200
27
0
0
0
0
0
0
0
0
0
44
221
255
252
255
245
217
254
255
255
142
0
0
0
0
0
0
0
0
0
103
255
253
255
245
103
22
104
229
255
191
0
0
0
0
0
0
0
0
19
210
255
251
184
88
0
0
0
38
169
237
76
0
0
0
0
0
0
0
109
255
250
186
19
0
0
0
0
0
128
255
197
15
0
0
0
0
0
0
154
255
218
26
0
0
0
0
0
0
54
228
236
28
0
0
0
0
0
0
153
255
182
10
0
0
0
0
0
0
0
159
238
27
0
0
0
0
0
0
153
255
205
15
0
0
0
0
0
0
1
179
237
28
0
0
0
0
0
0
144
255
246
113
0
0
0
0
0
0
66
255
227
24
0
0
0
0
0
0
43
204
255
244
139
28
0
0
0
15
183
252
110
1
0
0
0
0
0
0
0
38
200
255
255
199
95
63
66
167
255
142
0
0
0
0
0
0
0
0
0
0
41
142
213
255
255
255
255
255
173
0
0
0
0
0
0
0
0
0
0
0
0
0
30
98
185
221
214
134
24
0
0
0
0
0
0
0
0
0
0
0
0
0
0
0
0
0
0
0
0
0
0
0
0
0
0
0
0
0
0
0
0
0
0
0
0
0
0
0
0
0
0
0
0
0