0
0
0
0
0
0
0
0
0
0
0
0
0
0
0
0
0
0
0
0
0
0
0
0
0
0
0
0
0
0
0
0
0
0
0
0
0
0
0
0
0
0
0
0
0
0
0
0
0
0
0
0
0
0
0
0
0
0
0
0
0
0
0
0
0
0
0
0
0
0
0
0
0
0
0
0
0
0
0
0
0
0
0
0
51
142
148
129
109
70
50
4
0
0
0
0
0
0
0
0
0
0
0
2
162
234
206
204
194
199
219
185
114
44
0
0
0
0
0
0
0
0
0
0
44
49
15
16
5
18
54
101
158
208
136
26
0
0
0
0
0
0
0
0
0
0
0
0
0
0
0
0
0
45
208
110
0
0
0
0
0
0
0
0
0
0
0
0
0
0
0
0
0
4
195
144
0
0
0
0
0
0
0
0
0
0
0
0
0
0
0
0
0
121
251
71
0
0
0
0
0
0
0
0
0
0
0
0
0
0
0
0
113
255
153
5
0
0
0
0
0
0
0
0
0
0
0
0
0
0
13
140
245
135
9
0
0
0
0
0
0
0
0
0
0
0
0
0
0
38
199
182
61
0
0
0
0
0
0
0
0
0
0
0
0
0
0
0
74
234
187
20
0
0
0
0
0
0
0
0
0
0
0
0
0
0
0
80
238
184
26
0
0
0
0
0
0
0
0
0
0
0
0
0
0
0
85
245
147
8
0
0
0
0
0
0
0
0
0
0
0
0
0
0
0
88
228
144
7
0
0
0
0
0
0
0
0
0
0
0
0
0
0
0
3
198
224
20
0
0
0
0
0
0
0
0
0
0
0
0
0
0
0
0
1
92
83
1
0
0
0
0
0
0
0
0
0
0
0
0
0
0
0
0
0
0
0
0
0
0
0
0
0
0
0
0
0
0
0
0