0
0
0
0
0
0
0
0
0
0
0
0
0
0
0
0
0
0
0
0
0
0
0
0
0
0
0
0
0
0
0
0
0
0
0
0
0
0
0
0
0
0
0
0
0
0
0
0
0
0
0
0
0
0
0
0
0
0
0
0
0
0
0
0
0
0
0
0
0
36
108
110
111
85
10
0
0
0
0
0
0
0
0
0
0
0
0
3
115
222
255
255
255
214
29
0
0
0
0
0
0
0
0
0
0
0
0
101
240
224
86
75
247
160
2
0
0
0
0
0
0
0
0
0
0
0
0
162
255
116
0
153
242
64
0
0
0
0
0
0
0
0
0
0
0
0
0
39
210
172
119
255
144
1
0
0
0
0
0
0
0
0
0
0
0
0
0
0
77
239
255
184
11
0
0
0
0
0
0
0
0
0
0
0
0
0
0
0
5
194
255
126
0
0
0
0
0
0
0
0
0
0
0
0
0
0
0
0
80
241
255
187
10
0
0
0
0
0
0
0
0
0
0
0
0
0
0
0
134
255
188
235
57
0
0
0
0
0
0
0
0
0
0
0
0
0
0
15
197
194
58
243
205
12
0
0
0
0
0
0
0
0
0
0
0
0
0
21
219
141
0
164
234
15
0
0
0
0
0
0
0
0
0
0
0
0
0
21
218
162
0
134
248
62
0
0
0
0
0
0
0
0
0
0
0
0
0
11
183
248
76
154
248
67
0
0
0
0
0
0
0
0
0
0
0
0
0
0
106
255
254
245
225
14
0
0
0
0
0
0
0
0
0
0
0
0
0
0
8
139
221
223
102
0
0
0
0
0
0
0
0
0
0
0
0
0
0
0
0
0
0
0
0
0
0
0
0
0
0
0
0
0
0
0
0
0
0
0
0
0
0
0
0
0
0
0
0
0
0
0