0
0
0
0
0
0
0
0
0
0
0
0
0
0
0
0
0
0
0
0
0
0
0
0
0
0
0
0
0
0
0
0
0
0
0
0
0
0
0
0
0
0
0
0
0
0
0
0
0
0
0
0
0
10
34
15
0
0
0
0
0
0
0
0
0
0
0
0
0
0
0
0
0
99
255
116
0
0
0
0
0
0
0
0
0
0
0
0
0
0
0
0
58
220
249
54
0
0
0
0
0
0
0
0
0
0
0
0
0
0
0
35
221
255
151
0
0
0
0
0
0
0
0
0
0
0
0
0
0
0
10
169
255
186
21
0
0
0
0
0
0
0
0
0
0
0
0
0
0
0
125
255
219
45
0
0
0
0
0
0
0
0
0
0
0
0
0
0
0
44
223
252
63
0
0
0
0
0
0
0
0
0
0
0
0
0
0
0
0
153
255
153
1
0
0
0
0
0
0
0
0
0
0
0
0
0
0
0
48
231
231
46
0
0
0
0
0
0
0
0
0
0
0
0
0
0
0
0
136
255
153
0
0
0
0
0
0
0
0
0
0
0
0
0
0
0
0
90
248
237
43
0
0
0
0
0
0
0
0
0
0
0
0
0
0
6
56
213
255
101
0
0
0
0
0
0
0
0
0
0
0
0
0
0
0
33
203
255
219
35
0
0
0
0
0
0
0
0
0
0
0
0
0
0
0
49
237
249
101
0
0
0
0
0
0
0
0
0
0
0
0
0
0
0
0
49
242
192
5
0
0
0
0
0
0
0
0
0
0
0
0
0
0
0
0
6
34
21
0
0
0
0
0
0
0
0
0
0
0
0
0
0
0
0
0
0
0
0
0
0
0
0
0
0
0
0
0
0
0
0
0
0
0
0
0
0
0
0
0
0
0
0
0
0
0
0
0
0
0
0