0
0
0
0
0
0
0
0
0
0
0
0
0
0
0
0
0
0
0
0
0
0
0
0
0
0
0
0
0
0
0
0
0
0
0
0
0
0
0
0
0
0
0
0
0
0
0
0
0
0
0
0
0
0
0
0
0
0
0
0
0
0
0
0
0
0
21
57
58
58
50
8
0
0
0
0
0
0
0
0
0
0
0
0
0
44
189
234
230
235
234
182
102
12
0
0
0
0
0
0
0
0
0
0
0
39
151
132
101
143
154
173
235
197
92
24
0
0
0
0
0
0
0
0
0
15
133
139
2
0
0
0
68
203
255
169
6
0
0
0
0
0
0
0
0
81
255
182
2
0
0
0
0
21
136
248
154
20
0
0
0
0
0
0
14
165
242
59
0
0
0
0
0
0
0
150
255
140
0
0
0
0
0
0
125
253
135
0
0
0
0
0
0
0
0
47
228
209
0
0
0
0
0
85
255
203
17
0
0
0
0
0
0
0
0
0
165
231
0
0
0
0
0
111
255
79
0
0
0
0
0
0
0
0
19
122
252
136
0
0
0
0
0
111
247
21
0
0
0
0
0
3
30
95
201
251
189
18
0
0
0
0
0
106
255
154
77
58
43
79
87
157
232
255
191
95
16
0
0
0
0
0
0
28
187
255
251
233
222
248
244
233
172
86
22
0
0
0
0
0
0
0
0
0
14
91
141
127
121
115
42
24
2
0
0
0
0
0
0
0
0
0
0
0
0
0
0
0
0
0
0
0
0
0
0
0
0
0
0
0
0
0
0
0
0
0
0
0
0
0
0
0
0
0
0
0
0
0
0
0
0
0
0
0
0
0
0
0
0
0
0
0
0
0
0
0
0
0
0
0
0
0
0
0
0
0
0
0
0
0
0
0
0
0
0
0
0
0
0
0