0
0
0
0
0
0
0
0
0
0
0
0
0
0
0
0
0
0
0
0
0
0
0
0
0
0
0
0
0
0
0
0
0
0
0
0
0
0
0
0
0
0
0
0
0
0
0
0
0
0
0
0
0
0
0
0
0
0
0
0
0
0
0
0
0
0
0
0
0
0
0
0
0
0
0
0
0
0
0
0
0
0
0
0
0
0
0
0
0
0
0
0
0
0
0
0
61
98
29
0
0
0
0
0
0
0
0
0
0
0
0
0
26
78
116
180
254
255
146
0
0
0
0
0
0
0
0
0
25
105
164
162
209
254
255
255
255
255
105
0
0
0
0
0
0
0
4
32
151
255
255
255
244
221
187
102
32
33
6
0
0
0
0
0
0
9
112
255
255
247
193
101
56
0
0
0
0
0
0
0
0
0
0
0
8
195
239
255
144
39
8
0
0
0
0
0
0
0
0
0
0
0
0
0
9
246
255
255
147
59
57
17
0
0
0
0
0
0
0
0
0
0
0
0
1
133
166
173
225
252
255
170
12
0
0
0
0
0
0
0
0
0
0
0
3
0
0
2
21
28
100
227
135
0
0
0
0
0
0
0
0
0
0
0
67
54
47
43
3
0
0
173
194
0
0
0
0
0
0
0
0
0
0
0
61
196
232
230
157
122
195
255
126
0
0
0
0
0
0
0
0
0
0
0
0
125
201
241
255
255
255
205
58
0
0
0
0
0
0
0
0
0
0
0
0
0
38
74
92
113
95
11
0
0
0
0
0
0
0
0
0
0
0
0
0
0
0
0
0
0
0
0
0
0
0
0
0
0
0
0
0
0
0
0
0
0
0
0
0
0
0
0
0
0
0
0
0
0
0
0
0
0
0
0
0
0
0
0
0
0
0
0
0
0
0
0
0
0
0
0