0
0
0
0
0
0
0
0
0
0
0
0
0
0
0
0
0
0
0
0
0
0
0
0
0
0
0
0
0
0
0
0
0
0
0
0
0
0
0
0
0
0
0
0
0
0
0
0
0
0
0
0
0
0
0
0
0
0
0
0
0
0
0
0
0
0
12
60
0
0
0
0
0
0
0
0
0
0
0
0
0
0
0
0
0
0
108
197
0
0
0
0
0
0
0
0
0
0
0
0
0
0
0
0
0
19
193
137
0
0
0
24
62
0
0
0
0
0
0
0
0
0
0
0
0
98
255
70
0
0
0
112
202
0
0
0
0
0
0
0
0
0
0
0
0
123
255
30
0
14
84
227
220
4
0
0
0
0
0
0
0
0
0
0
0
120
255
137
146
205
226
216
228
44
0
0
0
0
0
0
0
0
0
0
0
30
158
232
224
145
33
137
217
1
0
0
0
0
0
0
0
0
0
0
0
0
0
7
6
0
0
135
213
0
0
0
0
0
0
0
0
0
0
0
0
0
0
0
0
0
0
148
157
0
0
0
0
0
0
0
0
0
0
0
0
0
0
0
0
0
18
194
129
0
0
0
0
0
0
0
0
0
0
0
0
0
0
0
0
0
47
237
128
0
0
0
0
0
0
0
0
0
0
0
0
0
0
0
0
0
59
254
126
0
0
0
0
0
0
0
0
0
0
0
0
0
0
0
0
0
49
239
125
0
0
0
0
0
0
0
0
0
0
0
0
0
0
0
0
0
20
201
163
79
56
0
0
0
0
0
0
0
0
0
0
0
0
0
0
0
5
143
218
169
59
0
0
0
0
0
0
0
0
0
0
0
0
0
0
0
0
0
0
0
0
0
0
0
0
0
0
0
0
0
0
0
0
0
0
0
0
0
0
0
0
0
0
0
0
0