0
0
0
0
0
0
0
0
0
0
0
0
0
0
0
0
0
0
0
0
0
0
0
0
0
0
0
0
0
0
0
0
0
0
0
0
0
0
0
0
0
0
0
0
0
0
0
0
0
0
0
0
0
0
0
0
0
0
0
0
0
0
0
0
0
0
0
0
0
0
30
29
30
29
0
0
0
0
0
0
0
0
0
0
0
0
0
0
7
72
196
212
214
187
29
0
0
0
0
0
0
0
0
0
0
0
0
48
200
244
255
255
255
239
71
0
0
0
0
0
0
0
0
0
0
0
0
164
255
254
255
255
255
254
83
0
0
0
0
0
0
0
0
0
0
0
0
173
255
250
180
128
214
255
100
81
179
135
0
0
0
0
0
0
0
0
3
184
255
243
117
48
165
255
217
218
255
119
0
0
0
0
0
0
6
41
91
189
255
255
255
231
251
253
247
251
189
61
0
0
0
0
0
64
196
246
252
253
252
252
253
255
255
249
135
129
14
6
0
0
0
0
0
113
255
254
253
253
253
254
253
243
203
142
28
20
0
0
0
0
0
0
0
37
220
255
252
253
247
243
255
206
33
0
0
0
0
0
0
0
0
0
0
22
173
255
253
254
235
222
255
187
10
0
0
0
0
0
0
0
0
0
0
30
83
215
255
255
254
255
255
169
7
0
0
0
0
0
0
0
0
0
0
0
0
37
140
222
255
255
255
118
0
0
0
0
0
0
0
0
0
0
0
0
0
0
0
63
181
247
179
36
0
0
0
0
0
0
0
0
0
0
0
0
0
0
0
0
10
41
15
0
0
0
0
0
0
0
0
0
0
0
0
0
0
0
0
0
0
0
0
0
0
0
0
0
0
0
0
0
0
0
0
0
0
0
0
0
0
0
0
0
0
0
0
0
0
0
0
0