0
0
0
0
0
0
0
0
0
0
0
0
0
0
0
0
0
0
0
0
0
0
0
0
0
0
0
0
0
0
0
0
0
0
0
0
0
0
0
0
0
0
0
0
0
0
0
0
0
0
18
19
0
0
0
0
0
0
0
0
0
0
0
0
0
0
0
0
0
38
182
179
48
0
0
0
0
0
0
0
0
0
0
0
0
0
0
0
5
175
150
52
139
21
0
0
0
0
0
0
0
0
0
0
0
0
0
0
75
215
26
0
68
177
35
0
0
0
0
0
0
0
0
0
0
0
0
6
178
123
0
0
0
115
88
0
0
0
0
0
0
0
0
0
0
0
0
40
181
25
0
0
0
57
110
2
0
0
0
0
0
0
0
0
0
0
0
100
134
0
0
0
0
60
127
4
0
0
0
0
0
0
0
0
0
0
0
116
65
0
0
0
0
84
122
0
0
0
0
0
0
0
0
0
0
0
9
161
12
0
0
0
0
141
87
0
0
0
0
0
0
0
0
0
0
0
41
136
0
0
0
0
33
165
24
0
0
0
0
0
0
0
0
0
0
0
52
114
0
0
0
0
136
124
0
0
0
0
0
0
0
0
0
0
0
0
83
126
0
0
0
83
200
23
0
0
0
0
0
0
0
0
0
0
0
0
51
146
0
0
65
202
76
0
0
0
0
0
0
0
0
0
0
0
0
0
12
195
108
103
211
75
0
0
0
0
0
0
0
0
0
0
0
0
0
0
0
90
249
210
78
0
0
0
0
0
0
0
0
0
0
0
0
0
0
0
0
1
31
17
0
0
0
0
0
0
0
0
0
0
0
0
0
0
0
0
0
0
0
0
0
0
0
0
0
0
0
0
0
0
0
0
0
0
0
0
0
0
0
0
0
0
0
0
0
0
0
0
0
0