0
0
0
0
0
0
0
0
0
0
0
0
0
0
0
0
0
0
0
0
0
0
0
0
0
0
0
0
0
0
0
0
0
0
0
0
0
0
0
0
0
0
0
0
0
0
0
0
0
0
0
0
0
0
0
0
0
0
0
0
0
0
0
0
0
0
0
0
0
0
0
0
0
0
0
0
0
0
0
0
0
0
0
0
0
0
0
0
0
0
0
0
0
0
0
0
0
0
0
0
0
0
0
0
0
0
0
0
0
0
0
0
0
33
52
28
0
0
0
0
0
0
0
0
0
0
0
0
0
0
22
78
135
217
242
187
30
0
0
0
0
0
0
0
0
0
27
76
93
156
232
247
251
208
229
254
85
0
0
0
0
0
0
0
12
101
207
255
255
254
204
133
72
14
187
243
65
0
0
0
0
0
0
43
182
252
255
251
187
70
22
0
0
55
236
199
25
0
0
0
0
0
85
232
255
255
192
64
6
0
0
0
0
121
255
142
0
0
0
0
0
0
216
255
215
119
27
0
0
0
0
0
20
220
255
105
0
0
0
0
0
0
76
100
30
0
0
0
0
0
0
0
86
255
213
13
0
0
0
0
0
0
0
0
0
0
0
0
0
0
0
28
212
244
86
0
0
0
0
0
0
0
0
0
0
0
0
0
0
0
8
162
255
126
1
0
0
0
0
0
0
0
0
0
0
0
0
0
0
0
116
255
150
0
0
0
0
0
0
0
0
0
0
0
0
0
0
0
0
61
241
183
14
0
0
0
0
0
0
0
0
0
0
0
0
0
0
0
0
151
194
30
0
0
0
0
0
0
0
0
0
0
0
0
0
0
0
0
0
20
19
0
0
0
0
0
0
0
0
0
0
0
0
0
0
0
0
0
0
0
0
0
0
0
0
0
0
0
0
0