0
0
0
0
0
0
0
0
0
0
0
0
0
0
0
0
0
0
0
0
0
0
0
0
0
0
0
0
0
0
0
0
0
0
0
0
0
0
0
0
0
0
0
0
0
0
0
0
0
0
0
0
0
0
0
0
0
0
0
0
0
0
0
0
0
0
0
0
0
0
0
38
83
138
115
20
0
0
0
0
0
0
0
0
0
0
0
0
0
10
92
218
255
255
245
56
0
0
0
0
0
0
0
0
0
0
0
0
0
130
255
254
191
218
242
133
13
0
0
0
0
0
0
0
0
0
0
0
0
44
122
95
0
48
191
255
96
0
0
0
0
0
0
0
0
0
0
0
0
0
0
0
0
0
76
255
105
0
0
0
0
0
0
0
0
0
0
0
0
0
0
0
0
92
222
227
54
0
0
0
0
0
0
0
0
0
0
0
8
7
1
0
21
198
255
196
23
0
0
0
0
0
0
3
29
103
131
159
225
222
166
139
216
255
248
75
0
0
0
0
0
0
29
162
204
244
226
234
255
255
255
255
251
242
229
45
0
0
0
0
0
0
195
255
255
119
74
212
255
255
253
221
81
25
60
8
0
0
0
0
0
0
226
255
252
224
255
255
233
177
113
19
0
0
0
0
0
0
0
0
0
0
137
207
203
210
155
99
55
7
0
0
0
0
0
0
0
0
0
0
0
0
0
5
5
6
0
0
0
0
0
0
0
0
0
0
0
0
0
0
0
0
0
0
0
0
0
0
0
0
0
0
0
0
0
0
0
0
0
0
0
0
0
0
0
0
0
0
0
0
0
0
0
0
0
0
0
0
0
0
0
0
0
0
0
0
0
0
0
0
0
0
0
0
0
0
0
0
0
0
0
0
0
0
0
0
0
0
0
0
0
0
0
0
0
0
0
0
0
0