0
0
0
0
0
0
0
0
0
0
0
0
0
0
0
0
0
0
0
0
0
0
0
0
0
0
0
0
0
0
0
0
0
0
0
0
0
0
0
0
0
0
0
0
0
0
0
0
0
0
0
0
0
0
0
0
0
0
0
0
0
0
0
0
0
0
0
0
0
0
0
0
0
0
0
0
0
0
0
0
0
0
0
0
23
159
90
0
0
0
0
0
0
0
0
0
0
0
0
0
0
0
0
0
101
255
242
144
84
87
87
87
90
61
3
0
0
0
0
0
0
0
0
0
43
241
255
255
255
255
255
255
255
196
17
0
0
0
0
0
0
0
0
0
4
191
185
86
84
117
117
191
255
156
3
0
0
0
0
0
0
0
0
0
0
117
148
0
0
0
39
223
237
59
0
0
0
0
0
0
0
0
0
0
0
48
89
1
0
0
78
255
188
0
0
0
0
0
0
0
0
0
0
0
0
0
0
0
28
68
176
255
184
0
0
0
0
0
0
0
0
0
0
0
0
0
0
37
206
255
255
254
239
127
18
0
0
0
0
0
0
0
0
0
0
0
0
80
201
155
231
254
239
233
173
12
0
0
0
0
0
0
0
0
0
0
0
3
10
0
160
251
82
40
41
0
0
0
0
0
0
0
0
0
0
0
0
0
0
0
147
241
22
0
0
0
0
0
0
0
0
0
0
0
0
0
0
0
0
0
103
249
39
0
0
0
0
0
0
0
0
0
0
0
0
0
0
0
0
0
86
255
135
0
0
0
0
0
0
0
0
0
0
0
0
0
0
0
0
0
70
255
186
0
0
0
0
0
0
0
0
0
0
0
0
0
0
0
0
0
9
108
84
0
0
0
0
0
0
0
0
0
0
0
0
0
0
0
0
0
0
0
0
0
0
0
0
0
0
0