0
0
0
0
0
0
0
0
0
0
0
0
0
0
0
0
0
0
0
0
0
0
0
0
0
0
0
0
0
0
0
0
0
0
0
0
0
0
0
0
0
0
0
0
0
0
0
0
0
0
0
0
0
0
0
0
0
0
0
0
0
0
0
0
0
0
0
0
0
0
0
0
0
0
0
0
0
0
0
0
0
0
0
0
0
0
0
0
0
0
0
0
0
0
0
0
0
0
0
0
0
0
0
0
0
0
0
0
0
0
31
54
52
52
52
52
53
46
8
0
0
0
0
0
0
0
0
0
8
110
213
245
243
243
243
244
245
235
82
0
0
0
0
0
0
0
0
5
147
255
250
229
206
168
134
103
105
92
17
0
0
0
0
0
0
0
0
36
255
236
79
17
0
0
0
0
0
0
0
0
0
0
0
0
0
0
0
17
201
251
85
0
0
0
0
0
0
0
0
0
0
0
0
0
0
19
9
0
86
253
185
0
0
0
0
0
0
0
0
0
0
0
0
0
32
160
41
0
22
214
215
24
0
0
0
0
0
0
0
0
0
0
0
0
118
138
0
0
44
224
212
21
0
0
0
0
0
0
0
0
0
0
0
0
173
178
52
95
203
255
167
0
0
0
0
0
0
0
0
0
0
0
0
0
125
255
238
255
255
231
46
0
0
0
0
0
0
0
0
0
0
0
0
0
6
119
151
141
108
47
0
0
0
0
0
0
0
0
0
0
0
0
0
0
0
0
0
0
0
0
0
0
0
0
0
0
0
0
0
0
0
0
0
0
0
0
0
0
0
0
0
0
0
0
0
0
0
0
0
0
0
0
0
0
0
0
0
0
0
0
0
0
0
0
0
0
0
0
0
0
0
0
0
0
0
0
0
0
0
0
0
0
0
0
0
0
0
0
0
0