0
0
0
0
0
0
0
0
0
0
0
0
0
0
0
0
0
0
0
0
0
0
0
0
0
0
0
0
0
0
0
0
0
0
0
0
0
0
0
0
0
0
0
0
0
0
0
0
0
0
0
0
0
0
0
0
0
0
0
0
0
0
0
0
0
0
0
0
0
0
0
0
0
0
0
0
0
0
0
0
0
0
0
0
0
0
0
0
0
0
24
94
130
173
189
157
29
0
0
0
0
0
0
0
0
0
0
0
23
147
228
204
142
130
131
218
60
0
0
0
0
0
0
0
0
0
0
59
205
198
95
17
0
0
2
109
27
0
0
0
0
0
0
0
0
0
60
226
159
16
0
0
0
32
45
0
0
0
0
0
0
0
0
0
0
0
138
220
14
0
0
0
34
207
152
0
0
0
0
0
0
0
0
0
0
0
110
233
86
23
37
99
210
223
52
0
0
0
0
0
0
0
0
0
0
0
5
132
216
226
193
219
255
112
0
0
0
0
0
0
0
0
0
0
0
0
0
0
37
59
42
197
201
11
0
0
0
0
0
0
0
0
0
0
0
0
0
0
0
0
166
227
60
0
0
0
0
0
0
0
0
0
0
0
0
0
0
0
0
116
246
84
0
0
0
0
0
0
0
0
0
0
0
0
0
0
0
0
66
241
155
0
0
0
0
0
0
0
0
0
0
0
0
0
0
0
0
30
217
222
24
0
0
0
0
0
0
0
0
0
0
0
0
0
0
0
2
167
226
61
0
0
0
0
0
0
0
0
0
0
0
0
0
0
0
0
108
255
100
0
0
0
0
0
0
0
0
0
0
0
0
0
0
0
0
0
68
122
3
0
0
0
0
0
0
0
0
0
0
0
0
0
0
0
0
0
0
0
0
0
0
0
0
0
0
0
0
0
0
0