0
0
0
0
0
0
0
0
0
0
0
0
0
0
0
0
0
0
0
0
0
0
0
0
0
0
0
0
0
0
0
0
0
0
0
0
0
0
0
0
0
0
0
0
0
0
0
0
0
0
0
0
0
0
0
0
0
0
0
0
0
0
0
0
0
0
0
0
0
71
113
37
0
0
0
0
0
0
0
0
0
0
0
0
0
0
0
2
88
243
255
151
6
0
0
0
0
0
0
0
0
0
0
0
0
9
109
226
255
255
243
255
231
54
0
0
0
0
0
0
0
0
0
0
0
62
252
212
153
115
63
149
255
147
0
0
0
0
0
0
0
0
0
0
0
9
34
19
0
0
10
178
255
80
0
0
0
0
0
0
0
0
0
0
0
0
0
0
0
41
181
255
161
1
0
0
0
0
0
0
0
0
0
0
0
0
0
11
123
223
255
135
8
0
0
0
0
0
0
0
0
0
0
0
0
0
55
204
255
255
238
245
198
87
3
0
0
0
0
0
0
0
0
0
0
0
137
249
163
105
66
89
172
253
68
0
0
0
0
0
0
0
0
0
0
0
19
30
4
0
0
0
67
255
105
0
0
0
0
0
0
0
0
0
0
0
0
0
0
0
0
45
219
227
37
0
0
0
0
0
0
0
0
0
0
0
2
0
0
0
78
231
247
75
0
0
0
0
0
0
0
0
0
0
0
96
124
15
39
145
255
221
74
0
0
0
0
0
0
0
0
0
0
0
3
200
233
182
236
242
140
26
0
0
0
0
0
0
0
0
0
0
0
0
0
84
221
210
119
28
0
0
0
0
0
0
0
0
0
0
0
0
0
0
0
0
0
0
0
0
0
0
0
0
0
0
0
0
0
0
0
0
0
0
0
0
0
0
0
0
0
0
0
0
0
0
0
0
0
0