0
0
0
0
0
0
0
0
0
0
0
0
0
0
0
0
0
0
0
0
0
0
0
0
0
0
0
0
0
0
0
0
0
0
0
0
0
0
0
0
0
0
0
0
0
0
0
0
0
0
0
0
0
0
0
0
0
0
0
0
0
0
0
0
0
0
0
0
0
0
0
0
0
0
0
0
0
0
0
0
0
0
0
0
0
0
5
10
7
2
2
3
0
0
0
0
0
0
0
0
0
0
0
0
0
0
106
250
218
178
184
184
126
58
16
0
0
0
0
0
0
0
0
0
0
0
44
208
255
246
213
244
255
245
179
41
0
0
0
0
0
0
0
0
0
0
0
46
89
25
20
28
60
186
255
93
0
0
0
0
0
0
0
0
0
0
0
0
0
0
0
0
2
178
250
60
0
0
0
0
0
0
0
0
0
0
0
0
0
0
0
0
122
253
155
0
0
0
0
0
0
0
0
0
0
0
0
0
0
0
0
93
249
180
19
0
0
0
0
0
0
0
0
0
0
0
0
0
0
0
70
233
223
33
0
0
0
0
0
0
0
0
0
0
0
0
0
0
0
71
239
228
58
0
0
0
0
0
0
0
0
0
0
0
0
0
0
0
55
226
228
59
0
0
0
0
0
0
0
0
0
0
0
0
0
0
0
79
235
242
67
0
0
0
0
0
0
0
0
0
0
0
0
0
0
0
89
250
228
59
0
0
0
0
0
0
0
0
0
0
0
0
0
0
0
81
247
198
50
0
0
0
0
0
0
0
0
0
0
0
0
0
0
0
74
237
185
25
0
0
0
0
0
0
0
0
0
0
0
0
0
0
0
0
135
215
29
0
0
0
0
0
0
0
0
0
0
0
0
0
0
0
0
0
38
44
0
0
0
0
0
0
0
0
0
0
0
0
0
0