0
0
0
0
0
0
0
0
0
0
0
0
0
0
0
0
0
0
0
0
0
0
0
0
0
0
0
0
0
0
0
0
0
0
0
0
0
0
0
0
0
0
0
0
0
0
0
0
0
0
0
0
0
0
3
19
37
31
0
0
0
0
0
0
0
0
0
0
0
0
0
0
17
88
159
207
255
226
0
0
0
0
0
0
0
0
0
0
0
0
18
116
209
255
255
255
250
111
0
0
0
0
0
0
0
0
0
0
0
101
232
255
247
186
137
84
62
1
0
0
0
0
0
0
0
0
0
11
115
234
255
181
69
4
0
0
0
0
0
0
0
0
0
0
0
0
43
190
255
220
134
20
0
0
0
0
0
0
0
0
0
0
0
0
0
67
216
255
255
156
66
61
11
0
0
0
0
0
0
0
0
0
0
0
4
183
255
253
255
249
245
239
181
63
0
0
0
0
0
0
0
0
0
0
0
178
255
255
241
243
243
255
255
227
71
0
0
0
0
0
0
0
0
0
81
111
140
121
71
73
70
99
207
255
186
20
0
0
0
0
0
0
0
0
198
150
0
0
0
0
0
0
50
240
250
102
0
0
0
0
0
0
0
86
255
196
37
7
0
0
0
0
28
237
255
116
0
0
0
0
0
0
0
70
241
255
225
178
96
80
78
118
189
255
230
48
0
0
0
0
0
0
0
0
86
214
255
255
255
253
255
255
255
255
144
0
0
0
0
0
0
0
0
0
0
31
94
177
191
228
192
238
209
118
14
0
0
0
0
0
0
0
0
0
0
0
0
9
14
26
14
29
19
0
0
0
0
0
0
0
0
0
0
0
0
0
0
0
0
0
0
0
0
0
0
0
0
0
0
0
0
0
0
0
0
0
0
0
0
0
0
0
0
0
0
0
0
0
0
0