0
0
0
0
0
0
0
0
0
0
0
0
0
0
0
0
0
0
0
0
0
0
0
0
0
0
0
0
0
0
0
0
0
0
0
0
0
0
0
0
0
0
0
0
0
0
0
0
0
18
34
9
0
0
0
0
0
0
0
0
0
0
0
0
0
0
0
17
88
209
255
93
0
0
0
0
0
0
0
0
0
0
0
0
0
0
0
142
247
255
255
92
0
0
0
0
0
0
0
0
0
0
0
0
0
0
0
133
255
247
237
228
109
0
0
0
0
0
0
0
0
0
0
0
0
0
0
125
255
121
89
255
255
132
10
0
0
0
0
0
0
0
0
0
0
0
0
204
255
59
0
82
229
247
76
0
0
0
0
0
0
0
0
0
0
0
26
239
183
10
0
0
55
251
252
27
0
0
0
0
0
0
0
0
0
0
77
255
148
0
0
0
0
139
255
87
0
0
0
0
0
0
0
0
0
0
142
255
125
0
0
0
0
103
255
103
0
0
0
0
0
0
0
0
0
0
165
253
68
0
0
0
0
129
255
47
0
0
0
0
0
0
0
0
0
27
207
237
32
0
0
0
21
224
233
3
0
0
0
0
0
0
0
0
0
29
212
224
0
0
0
6
149
251
76
0
0
0
0
0
0
0
0
0
0
30
214
224
0
0
0
97
255
129
0
0
0
0
0
0
0
0
0
0
0
16
198
247
92
69
186
255
182
0
0
0
0
0
0
0
0
0
0
0
0
0
78
252
255
255
186
108
21
0
0
0
0
0
0
0
0
0
0
0
0
0
0
31
37
36
10
0
0
0
0
0
0
0
0
0
0
0
0
0
0
0
0
0
0
0
0
0
0
0
0
0
0
0
0
0
0
0
0
0
0
0
0
0
0
0
0
0
0
0
0
0
0
0
0
0