0
0
0
0
0
0
0
0
0
0
0
0
0
0
0
0
0
0
0
0
0
0
0
0
0
0
0
0
0
0
0
0
0
0
0
0
0
0
0
0
0
0
0
0
0
0
0
0
0
0
0
0
0
0
0
0
0
0
0
0
0
0
0
0
0
0
0
0
0
0
0
7
34
32
5
0
0
7
67
13
0
0
0
0
0
0
0
0
0
10
133
204
217
203
82
0
35
155
117
5
0
0
0
0
0
0
0
0
0
41
246
210
120
52
0
68
203
148
4
0
0
0
0
0
0
0
0
0
0
69
249
85
0
3
102
236
147
2
0
0
0
0
0
0
0
0
0
0
0
76
244
75
19
166
243
127
7
0
0
0
0
0
0
0
0
0
0
0
0
95
243
157
204
230
92
0
0
0
0
0
0
0
0
0
0
0
0
0
0
101
255
255
200
50
0
0
0
0
0
0
0
0
0
0
0
0
0
0
8
154
255
155
9
0
0
0
0
0
0
0
0
0
0
0
0
0
0
5
155
255
236
62
0
0
0
0
0
0
0
0
0
0
0
0
0
0
7
150
255
233
230
60
0
0
0
0
0
0
0
0
0
0
0
0
0
0
116
255
182
104
211
37
0
0
0
0
0
0
0
0
0
0
0
0
0
48
230
219
38
166
166
0
0
0
0
0
0
0
0
0
0
0
0
0
0
154
255
66
62
221
58
0
0
0
0
0
0
0
0
0
0
0
0
0
4
199
231
51
210
144
0
0
0
0
0
0
0
0
0
0
0
0
0
0
0
141
206
157
208
44
0
0
0
0
0
0
0
0
0
0
0
0
0
0
0
0
0
0
0
0
0
0
0
0
0
0
0
0
0
0
0
0
0
0
0
0
0
0
0
0
0
0
0
0
0
0
0
0
0
0