0
0
0
0
0
0
0
0
0
0
0
0
0
0
0
0
0
0
0
0
0
0
0
0
0
0
0
0
0
0
0
0
0
0
0
0
0
0
0
0
0
0
0
0
0
0
0
0
0
0
0
0
0
0
7
20
27
2
0
0
0
0
0
0
0
0
0
0
0
0
0
16
69
122
170
213
199
16
0
0
0
0
0
0
0
0
0
0
0
14
119
194
246
255
255
251
168
12
0
0
0
0
0
0
0
0
0
0
46
195
255
245
196
149
132
54
6
0
0
0
0
0
0
0
0
0
0
4
171
255
207
70
15
0
0
0
0
0
0
0
0
0
0
0
0
0
44
115
248
215
67
0
0
0
0
0
0
0
0
0
0
0
0
0
0
47
218
255
200
41
0
0
0
0
0
0
0
0
0
0
0
0
0
0
0
128
255
255
128
0
0
0
0
0
0
0
0
0
0
0
0
0
0
0
0
77
247
255
240
144
12
0
0
0
0
0
0
0
0
0
0
0
0
0
0
3
78
169
246
255
155
17
0
0
0
0
0
0
0
0
0
0
0
0
0
0
0
5
78
222
255
205
41
0
0
0
0
0
0
0
0
0
0
0
109
95
24
0
0
88
243
255
154
0
0
0
0
0
0
0
0
0
0
0
171
255
212
127
65
65
168
255
220
29
0
0
0
0
0
0
0
0
0
0
22
127
204
255
255
254
252
255
248
90
0
0
0
0
0
0
0
0
0
0
0
0
20
105
182
186
196
249
239
46
0
0
0
0
0
0
0
0
0
0
0
0
0
0
10
12
15
32
33
6
0
0
0
0
0
0
0
0
0
0
0
0
0
0
0
0
0
0
0
0
0
0
0
0
0
0
0
0
0
0
0
0
0
0
0
0
0
0
0
0
0
0
0
0
0
0