0
0
0
0
0
0
0
0
0
0
0
0
0
0
0
0
0
0
0
0
0
0
0
0
0
0
0
0
0
0
0
0
0
0
0
0
0
0
0
0
0
0
0
0
0
0
0
0
0
0
0
0
0
0
0
0
0
0
0
0
0
0
0
0
0
0
0
0
0
0
0
0
0
0
0
0
0
0
0
0
0
0
0
0
0
0
0
0
0
7
10
10
8
0
0
0
0
0
0
0
0
0
0
0
4
15
13
54
129
218
246
244
235
93
0
0
0
0
0
0
0
0
0
5
126
188
183
231
255
255
255
255
255
214
37
0
0
0
0
0
0
0
0
0
160
255
255
255
255
246
234
216
245
255
102
0
0
0
0
0
0
0
0
0
103
248
255
209
159
83
49
89
238
255
111
0
0
0
0
0
0
0
0
0
17
71
81
33
0
0
0
113
255
240
66
0
0
0
0
0
0
0
0
0
0
0
0
0
0
0
38
202
255
213
32
0
0
0
0
0
0
0
0
0
0
0
0
0
0
0
119
255
255
142
0
0
0
0
0
0
0
0
0
0
0
0
0
0
0
12
214
255
225
8
0
0
0
0
0
0
0
0
0
0
0
0
0
0
0
113
255
255
177
0
0
0
0
0
0
0
0
0
0
0
0
0
0
0
22
204
255
232
46
0
0
0
0
0
0
0
0
0
0
0
0
0
0
10
157
249
255
177
6
0
0
0
0
0
0
0
0
0
0
0
0
0
0
21
212
255
234
149
9
0
0
0
0
0
0
0
0
0
0
0
0
0
0
17
203
255
151
8
0
0
0
0
0
0
0
0
0
0
0
0
0
0
0
0
126
255
143
0
0
0
0
0
0
0
0
0
0
0
0
0
0
0
0
0
20
68
34
0
0
0
0
0
0
0
0
0