0
0
0
0
0
0
0
0
0
0
0
0
0
0
0
0
0
0
0
0
0
0
0
0
0
0
0
0
0
0
0
0
0
0
0
0
0
0
0
0
0
0
0
0
0
0
0
0
0
0
0
0
0
0
0
0
0
0
0
0
0
0
0
0
0
0
0
0
0
0
0
0
0
0
0
0
0
0
0
0
0
0
0
0
0
0
0
0
0
0
0
0
0
5
3
0
0
0
0
0
0
0
0
0
0
0
0
0
13
50
47
27
79
206
124
0
0
0
0
0
0
0
0
0
0
0
5
115
193
218
234
211
248
255
110
0
0
0
0
0
0
0
0
0
0
8
148
230
149
51
81
140
226
220
36
0
0
0
0
0
0
0
0
0
0
5
77
49
0
0
0
79
244
104
0
0
0
0
0
0
0
0
0
0
0
0
0
0
0
0
28
216
187
13
0
0
0
0
0
0
0
0
0
0
0
0
0
0
0
0
105
250
67
0
0
0
0
0
0
0
0
0
0
0
0
0
0
0
0
30
227
151
0
0
0
0
0
0
0
0
0
0
0
0
0
0
0
0
8
178
223
30
0
0
0
0
0
0
0
0
0
0
0
0
0
0
0
0
70
238
113
0
0
0
0
0
0
0
0
0
0
0
0
0
0
0
0
6
179
185
4
0
0
0
0
0
0
0
0
0
0
0
0
0
0
0
0
102
231
55
0
0
0
0
0
0
0
0
0
0
0
0
0
0
0
0
27
224
138
0
0
0
0
0
0
0
0
0
0
0
0
0
0
0
0
8
173
201
19
0
0
0
0
0
0
0
0
0
0
0
0
0
0
0
0
109
231
46
0
0
0
0
0
0
0
0
0
0
0
0
0
0
0
0
0
45
46
0
0
0
0
0
0
0
0
0
0
0
0
0