0
0
0
0
0
0
0
0
0
0
0
0
0
0
0
0
0
0
0
0
0
0
0
0
0
0
0
0
0
0
0
0
0
0
0
0
0
0
0
0
0
0
0
0
0
7
17
0
0
0
0
0
0
0
0
0
0
0
0
0
0
0
0
0
0
104
204
22
0
0
0
0
0
0
0
0
0
0
0
0
0
0
0
0
2
192
242
28
0
0
0
0
0
3
110
97
0
0
0
0
0
0
0
0
30
230
142
0
0
0
0
0
0
112
255
188
10
0
0
0
0
0
0
0
65
255
114
0
0
0
0
0
4
172
255
197
21
0
0
0
0
0
0
0
152
255
98
0
0
0
0
0
36
213
255
158
0
0
0
0
0
0
0
35
219
255
92
0
0
0
0
0
190
255
255
143
0
0
0
0
0
0
0
35
217
255
89
0
0
0
0
0
221
255
254
77
0
0
0
0
0
0
0
35
218
244
68
0
0
0
0
30
229
255
216
34
0
0
0
0
0
0
0
35
220
255
91
0
0
0
0
107
254
253
98
0
0
0
0
0
0
0
0
13
172
255
205
79
31
33
120
230
255
199
22
0
0
0
0
0
0
0
0
0
19
155
247
255
255
255
255
243
255
128
0
0
0
0
0
0
0
0
0
0
0
4
80
112
109
110
91
121
249
130
0
0
0
0
0
0
0
0
0
0
0
0
0
0
0
0
0
44
244
229
54
0
0
0
0
0
0
0
0
0
0
0
0
0
0
0
0
0
133
255
203
36
0
0
0
0
0
0
0
0
0
0
0
0
0
0
0
0
4
36
42
11
0
0
0
0
0
0
0
0
0
0
0
0
0
0
0
0
0
0
0
0
0
0
0
0
0
0
0
0
0
0
0
0
0
0
0
0
0
0
0
0
0
0
0
0