0
0
0
0
0
0
0
0
0
0
0
0
0
0
0
0
0
0
0
0
0
0
0
0
0
0
0
0
0
0
0
0
0
0
0
0
0
0
0
0
0
0
0
0
0
0
0
0
0
0
6
30
3
0
0
0
0
0
0
0
0
0
0
0
0
0
0
0
0
12
156
219
23
0
0
0
0
0
0
0
0
0
0
0
0
0
0
0
63
185
216
189
13
0
0
0
0
0
0
0
0
0
0
0
0
0
0
66
234
108
117
166
3
0
0
0
0
0
0
0
0
0
0
0
0
0
0
141
152
0
114
181
8
0
0
0
0
0
0
0
0
0
0
0
0
0
0
21
13
0
126
148
0
0
0
0
0
0
0
0
0
0
0
0
0
0
0
0
0
0
160
120
0
0
0
0
0
0
0
0
0
0
0
0
0
0
0
0
0
5
189
92
0
0
0
0
0
0
0
0
0
0
0
0
0
0
0
0
0
14
206
65
0
0
0
0
0
0
0
0
0
0
0
0
0
0
0
0
0
32
219
50
0
0
0
0
0
0
0
0
0
0
0
0
0
0
0
0
0
71
197
17
0
0
0
0
0
0
0
0
0
0
0
0
0
0
0
0
0
132
159
0
0
0
0
0
0
0
0
0
0
0
0
0
0
0
0
0
0
165
148
0
0
0
0
0
0
0
0
0
0
0
0
0
0
0
0
15
69
205
211
87
0
0
0
0
0
0
0
0
0
0
0
0
0
0
79
193
233
253
164
62
0
0
0
0
0
0
0
0
0
0
0
0
0
0
25
44
30
33
3
0
0
0
0
0
0
0
0
0
0
0
0
0
0
0
0
0
0
0
0
0
0
0
0
0
0
0
0
0
0
0
0
0
0
0
0
0
0
0
0
0
0
0
0
0
0
0
0
0