0
0
0
0
0
0
0
0
0
0
0
0
0
0
0
0
0
0
0
0
0
0
0
0
0
0
0
0
0
0
0
0
0
0
0
0
0
0
0
0
0
0
0
0
0
0
0
0
0
0
0
0
27
27
1
0
0
0
0
0
0
0
0
0
0
0
0
0
0
0
0
10
209
239
48
0
0
0
0
0
0
0
0
0
0
0
0
0
0
0
3
131
253
225
43
0
0
0
0
0
0
0
0
0
0
0
0
0
0
0
20
197
255
208
32
0
0
0
0
0
0
0
0
0
0
0
0
0
0
0
84
255
255
178
9
0
0
0
0
0
0
0
0
0
0
0
0
0
0
1
182
255
251
124
0
0
0
0
0
0
0
0
0
0
0
0
0
0
0
13
203
255
233
63
0
0
0
0
0
0
0
0
0
0
0
0
0
0
0
130
247
255
199
6
0
0
0
0
0
0
0
0
0
0
0
0
0
0
46
225
255
246
120
0
0
0
0
0
0
0
0
0
0
0
0
0
0
0
99
254
255
186
12
0
0
0
0
0
0
0
0
0
0
0
0
0
0
38
209
254
255
129
0
0
0
0
0
0
0
0
0
0
0
0
0
0
0
144
255
255
204
36
0
0
0
0
0
0
0
0
0
0
0
0
0
0
41
238
255
250
76
0
0
0
0
0
0
0
0
0
0
0
0
0
0
0
102
251
255
138
2
0
0
0
0
0
0
0
0
0
0
0
0
0
0
0
104
255
215
28
0
0
0
0
0
0
0
0
0
0
0
0
0
0
0
0
14
37
23
0
0
0
0
0
0
0
0
0
0
0
0
0
0
0
0
0
0
0
0
0
0
0
0
0
0
0
0
0
0
0
0
0
0
0
0
0
0
0
0
0
0
0
0
0
0
0
0
0
0
0