0
0
0
0
0
0
0
0
0
0
0
0
0
0
0
0
0
0
0
0
0
0
0
0
0
0
0
0
0
0
0
0
0
0
0
0
0
0
0
0
0
0
0
0
0
0
0
0
0
0
0
0
0
0
0
0
0
0
0
0
0
0
0
0
0
0
0
0
0
0
0
0
0
0
0
0
0
0
0
0
0
0
0
0
0
0
0
0
0
40
151
186
188
93
4
0
0
0
0
0
0
0
0
0
0
0
0
0
53
211
208
170
200
235
56
0
0
0
0
0
0
0
0
0
0
0
0
24
206
158
12
0
33
235
74
0
0
0
0
0
0
0
0
0
0
0
0
168
193
20
0
0
119
193
20
0
0
0
0
0
0
0
0
0
0
0
5
206
123
0
0
27
210
98
0
0
0
0
0
0
0
0
0
0
0
0
0
190
175
17
11
166
158
9
0
0
0
0
0
0
0
0
0
0
0
0
0
93
243
220
189
240
59
0
0
0
0
0
0
0
0
0
0
0
0
0
0
3
65
124
255
161
4
0
0
0
0
0
0
0
0
0
0
0
0
0
0
0
0
125
234
62
0
0
0
0
0
0
0
0
0
0
0
0
0
0
0
0
76
248
121
0
0
0
0
0
0
0
0
0
0
0
0
0
0
0
0
10
188
216
14
0
0
0
0
0
0
0
0
0
0
0
0
0
0
0
0
144
230
68
0
0
0
0
0
0
0
0
0
0
0
0
0
0
0
0
96
235
78
0
0
0
0
0
0
0
0
0
0
0
0
0
0
0
0
47
217
128
0
0
0
0
0
0
0
0
0
0
0
0
0
0
0
0
0
63
95
0
0
0
0
0
0
0
0
0
0
0
0
0
0
0
0
0
0
0
0
0
0
0
0
0
0
0
0
0
0
0
0
0