0
0
0
0
0
0
0
0
0
0
0
0
0
0
0
0
0
0
0
0
0
0
0
0
0
0
0
0
0
0
0
0
0
0
0
0
0
0
0
0
0
0
0
0
0
0
0
0
0
0
0
0
0
0
0
0
0
0
0
0
0
0
0
0
0
0
0
0
0
0
84
83
20
0
0
0
0
0
0
0
0
0
0
0
0
0
0
0
0
39
230
253
154
0
0
0
0
0
0
0
0
0
0
0
0
0
0
0
0
84
250
255
216
29
0
0
0
0
0
0
0
0
0
0
0
0
0
0
0
82
250
255
222
48
0
0
0
0
0
0
0
0
0
0
0
0
0
0
1
175
255
255
190
0
0
0
0
0
0
0
0
0
0
0
0
0
0
0
37
216
255
255
192
0
0
0
0
0
0
0
0
0
0
0
0
0
0
0
87
252
253
255
145
0
0
0
0
0
0
0
0
0
0
0
0
0
0
0
120
254
255
191
21
0
0
0
0
0
0
0
0
0
0
0
0
0
0
16
197
255
255
169
6
0
0
0
0
0
0
0
0
0
0
0
0
0
0
15
192
255
253
233
46
0
0
0
0
0
0
0
0
0
0
0
0
0
0
15
192
255
255
200
25
0
0
0
0
0
0
0
0
0
0
0
0
0
0
15
193
255
255
169
6
0
0
0
0
0
0
0
0
0
0
0
0
0
0
15
195
255
246
106
0
0
0
0
0
0
0
0
0
0
0
0
0
0
0
9
171
255
245
73
0
0
0
0
0
0
0
0
0
0
0
0
0
0
0
0
40
191
180
19
0
0
0
0
0
0
0
0
0
0
0
0
0
0
0
0
0
0
0
0
0
0
0
0
0
0
0
0
0
0
0
0
0
0
0
0
0
0
0
0
0
0
0
0
0
0
0
0