0
0
0
0
0
0
0
0
0
0
0
0
0
0
0
0
0
0
0
0
0
0
0
0
0
0
0
0
0
0
0
0
0
0
0
0
0
0
0
0
0
0
0
0
0
0
0
0
0
0
0
0
0
0
0
0
0
0
0
0
0
0
0
0
0
0
0
0
28
93
11
0
0
0
0
0
0
0
0
0
0
0
0
0
0
0
0
0
98
255
66
0
0
0
0
0
0
0
0
0
0
0
0
0
0
0
0
0
68
238
101
0
0
0
0
0
0
0
0
0
0
0
0
0
0
0
0
0
11
204
167
0
0
0
0
0
0
0
0
0
0
0
0
0
0
0
0
0
1
198
225
32
0
0
0
0
0
0
0
0
0
0
0
0
0
0
0
0
2
198
228
41
0
0
0
0
0
0
0
0
0
0
0
0
0
0
0
0
2
198
227
40
0
0
0
0
0
0
0
0
0
0
0
0
0
0
0
0
2
198
228
41
0
0
0
0
0
0
0
0
0
0
0
0
0
0
0
0
2
199
219
28
0
0
0
0
0
0
0
0
0
0
0
0
0
0
0
0
2
201
201
3
0
0
0
0
0
0
0
0
0
0
0
0
0
0
0
0
2
201
200
1
0
0
0
0
0
0
0
0
0
0
0
0
0
0
0
0
2
197
219
29
0
0
0
0
0
0
0
0
0
0
0
0
0
0
0
0
0
161
232
50
0
0
0
0
0
0
0
0
0
0
0
0
0
0
0
0
0
133
253
79
0
0
0
0
0
0
0
0
0
0
0
0
0
0
0
0
0
38
158
41
0
0
0
0
0
0
0
0
0
0
0
0
0
0
0
0
0
0
0
0
0
0
0
0
0
0
0
0
0
0
0
0
0
0
0
0
0
0
0
0
0
0
0
0
0
0
0
0