0
0
0
0
0
0
0
0
0
0
0
0
0
0
0
0
0
0
0
0
0
0
0
0
0
0
0
0
0
0
0
0
0
0
0
0
0
0
0
0
0
0
0
0
0
0
0
0
0
0
0
0
0
0
0
0
0
0
0
0
0
0
0
0
0
5
58
84
84
66
36
8
0
0
0
0
0
0
0
0
0
0
0
0
0
21
185
248
243
231
213
201
147
37
0
0
0
0
0
0
0
0
0
0
0
0
34
59
57
57
87
173
243
233
139
6
0
0
0
0
0
0
0
0
0
0
0
0
0
0
0
0
61
186
255
108
0
0
0
0
0
0
0
0
0
0
0
0
0
0
0
0
0
72
250
196
4
0
0
0
0
0
0
0
0
0
0
0
0
0
0
0
0
32
221
203
5
0
0
0
0
0
0
0
0
0
0
0
0
0
0
0
0
44
228
160
6
8
0
0
0
0
0
0
0
0
0
0
0
0
0
0
0
121
255
170
146
92
0
0
0
0
0
0
0
0
0
0
60
109
153
166
170
234
172
94
59
0
0
0
0
0
0
0
0
33
114
193
248
225
160
205
255
219
36
0
0
0
0
0
0
0
0
0
97
215
246
193
141
66
95
218
234
70
0
0
0
0
0
0
0
0
0
85
255
255
149
69
89
195
236
179
53
0
0
0
0
0
0
0
0
0
0
78
201
239
232
237
213
157
33
2
0
0
0
0
0
0
0
0
0
0
0
0
3
72
73
81
36
0
0
0
0
0
0
0
0
0
0
0
0
0
0
0
0
0
0
0
0
0
0
0
0
0
0
0
0
0
0
0
0
0
0
0
0
0
0
0
0
0
0
0
0
0
0
0
0
0
0
0
0
0
0
0
0
0
0
0
0
0
0
0
0
0
0
0
0
0
0
0