0
0
0
0
0
0
0
0
0
0
0
0
0
0
0
0
0
0
0
0
0
0
0
0
0
0
0
0
0
0
0
0
0
0
0
0
0
0
0
0
0
0
0
0
0
0
0
0
0
0
0
0
0
0
0
0
0
0
0
0
0
0
0
0
0
0
0
0
0
0
0
50
21
0
0
0
0
0
0
0
0
0
0
0
0
0
0
0
0
0
84
237
141
0
0
0
0
0
0
0
0
0
0
0
0
0
0
0
0
11
186
255
145
0
0
0
0
0
0
0
0
0
0
0
0
0
0
0
0
93
250
255
98
0
0
0
0
0
0
0
0
0
0
0
0
0
0
0
0
120
255
231
35
0
0
0
0
0
0
0
0
0
0
0
0
0
0
0
0
135
255
153
0
0
0
0
0
0
0
0
0
0
0
0
0
0
0
0
0
185
255
104
0
0
0
0
0
0
0
0
0
0
0
0
0
0
0
0
2
197
245
61
0
0
0
0
0
0
0
0
0
0
0
0
0
0
0
0
50
233
183
7
0
0
0
0
0
0
0
0
0
0
0
0
0
0
0
0
120
255
99
0
0
0
0
0
0
0
0
0
0
0
0
0
0
0
0
11
186
247
45
0
0
0
0
0
0
0
0
0
0
0
0
0
0
0
0
11
184
255
63
0
0
0
0
0
0
0
0
0
0
0
0
0
0
0
0
11
184
255
64
0
0
0
0
0
0
0
0
0
0
0
0
0
0
0
0
11
189
244
35
0
0
0
0
0
0
0
0
0
0
0
0
0
0
0
0
0
115
140
0
0
0
0
0
0
0
0
0
0
0
0
0
0
0
0
0
0
0
0
0
0
0
0
0
0
0
0
0
0
0
0
0
0
0
0
0
0
0
0
0
0
0
0
0
0
0
0
0
0