0
0
0
0
0
0
0
0
0
0
0
0
0
0
0
0
0
0
0
0
0
0
0
0
0
0
0
6
65
86
89
69
4
0
0
0
0
0
0
0
0
0
0
0
0
0
67
185
195
117
67
20
1
0
0
0
0
0
0
0
0
0
0
0
0
80
239
151
27
0
0
0
0
0
0
0
0
0
0
0
0
0
0
0
43
217
128
0
0
0
0
0
0
0
0
0
0
0
0
0
0
0
0
0
165
194
14
0
0
0
0
0
0
0
0
0
0
0
0
0
0
0
0
27
212
119
0
0
0
0
0
0
0
0
0
0
0
0
0
0
0
0
0
102
255
73
0
0
0
3
84
135
119
174
131
22
0
0
0
0
0
0
0
111
255
107
0
0
12
148
213
148
86
116
217
195
21
0
0
0
0
0
0
96
255
130
0
0
120
225
46
0
0
0
46
227
147
2
0
0
0
0
0
10
191
222
40
0
126
158
0
0
0
0
0
95
223
21
0
0
0
0
0
0
63
240
182
0
108
193
18
0
0
0
0
87
221
20
0
0
0
0
0
0
0
90
255
165
62
165
198
134
52
31
31
162
221
22
0
0
0
0
0
0
0
4
107
224
220
118
160
197
200
231
246
251
236
62
0
0
0
0
0
0
0
0
0
54
199
252
218
215
228
253
255
208
74
21
0
0
0
0
0
0
0
0
0
0
14
36
100
160
188
185
137
27
0
0
0
0
0
0
0
0
0
0
0
0
0
0
0
0
0
0
0
0
0
0
0
0
0
0
0
0
0
0
0
0
0
0
0
0
0
0
0
0
0
0
0
0
0
0
0
0
0
0
0
0
0
0
0
0
0
0
0
0
0
0
0
0
0
0
0
0
0
0
0
0
0
0
0
0
0
0
0
0
0
0
0
0