0
0
0
0
0
0
0
0
0
0
0
0
0
0
0
0
0
0
0
0
0
0
0
0
0
0
0
0
0
0
0
0
0
0
0
0
0
0
0
0
0
0
0
0
0
0
0
0
0
0
0
0
0
0
0
0
0
0
0
0
0
0
0
0
0
0
20
95
87
7
0
0
0
0
0
0
0
0
0
0
0
0
0
0
0
0
86
255
255
171
50
0
0
0
0
0
0
0
0
0
0
0
0
0
0
0
48
120
154
227
240
84
0
0
0
0
0
0
0
0
0
0
0
0
0
0
0
0
0
39
207
218
20
0
0
0
0
0
0
0
0
0
0
0
0
0
0
0
0
0
124
255
55
0
0
0
0
0
0
0
0
0
0
0
0
0
0
0
25
43
165
248
69
0
0
0
0
0
0
0
0
0
0
0
0
0
0
73
217
226
255
144
0
0
0
0
0
0
0
0
0
0
0
0
0
0
0
58
209
238
240
233
89
0
0
0
0
0
0
0
0
0
0
0
0
0
0
0
30
59
75
218
220
35
0
0
0
0
0
0
0
0
0
0
0
0
0
0
0
0
0
133
255
93
0
0
0
0
0
0
0
0
0
0
0
0
0
0
0
0
0
113
249
88
0
0
0
0
0
0
0
0
0
0
0
0
0
0
0
0
0
172
238
37
0
0
0
0
0
0
0
0
0
0
0
0
0
0
0
0
106
255
140
0
0
0
0
0
0
0
0
0
0
0
0
0
0
15
96
118
221
245
78
0
0
0
0
0
0
0
0
0
0
0
0
0
0
15
141
192
161
42
1
0
0
0
0
0
0
0
0
0
0
0
0
0
0
0
0
0
0
0
0
0
0
0
0
0
0
0
0
0
0
0
0
0
0
0
0
0
0
0
0
0
0
0
0
0
0
0