0
0
0
0
0
0
0
0
0
0
0
0
0
0
0
0
0
0
0
0
0
0
0
0
0
0
0
0
0
0
0
0
0
0
0
0
0
0
0
0
0
0
0
0
0
0
0
0
0
0
0
0
0
0
0
0
0
0
0
0
0
0
0
0
0
0
0
0
0
0
0
0
0
1
73
45
0
0
0
0
0
0
0
0
0
0
0
0
0
0
0
0
0
56
234
86
0
0
0
0
0
0
0
0
0
0
0
37
40
0
0
0
0
118
206
16
0
0
0
0
0
0
0
0
0
0
28
175
143
1
0
0
24
202
149
0
0
0
0
0
0
0
0
0
0
0
139
231
98
0
0
0
47
226
83
0
0
0
0
0
0
0
0
0
0
116
246
87
0
0
0
6
167
182
6
0
0
0
0
0
0
0
0
0
14
223
185
16
2
0
4
92
245
127
0
0
0
0
0
0
0
0
0
0
66
255
249
223
198
153
217
246
236
47
0
0
0
0
0
0
0
0
0
0
42
188
223
214
211
214
212
245
206
7
0
0
0
0
0
0
0
0
0
0
0
13
28
22
19
15
78
202
74
0
0
0
0
0
0
0
0
0
0
0
0
0
0
0
0
0
144
197
10
0
0
0
0
0
0
0
0
0
0
0
0
0
0
0
0
10
207
91
0
0
0
0
0
0
0
0
0
0
0
0
0
0
0
0
0
32
197
35
0
0
0
0
0
0
0
0
0
0
0
0
0
0
0
0
0
80
180
11
0
0
0
0
0
0
0
0
0
0
0
0
0
0
0
0
10
145
47
0
0
0
0
0
0
0
0
0
0
0
0
0
0
0
0
0
0
0
0
0
0
0
0
0
0
0
0
0
0
0
0
0
0
0
0
0
0
0
0
0
0
0
0
0
0
0
0
0