0
0
0
0
0
0
0
0
0
0
0
0
0
0
0
0
0
0
0
0
0
0
0
0
0
0
0
0
0
0
0
0
0
0
0
0
0
0
0
0
0
0
0
0
0
0
0
0
0
0
0
0
0
0
0
0
0
2
1
0
0
0
0
0
0
0
0
0
0
0
0
0
0
0
25
54
59
145
72
0
0
0
0
0
0
0
0
0
0
0
0
33
105
58
74
71
94
208
37
0
0
0
0
0
0
0
0
0
0
51
158
254
224
131
27
12
150
125
0
0
0
0
0
0
0
0
0
8
117
233
255
174
51
0
1
148
165
9
0
0
0
0
0
0
0
0
0
25
206
170
72
4
0
29
154
143
22
0
0
0
0
0
0
0
0
0
0
5
17
0
0
0
26
184
167
8
0
0
0
0
0
0
0
0
0
0
0
0
0
0
0
45
203
167
23
0
0
0
0
0
0
0
0
0
0
0
0
13
32
26
34
170
191
17
0
0
0
0
0
0
0
0
0
0
0
53
155
189
211
204
219
168
13
0
0
0
0
0
0
0
0
0
0
0
31
221
215
133
194
255
250
138
0
0
0
0
0
0
0
0
0
0
0
0
150
218
19
30
188
158
64
221
104
0
0
0
0
0
0
0
0
0
0
0
119
222
103
193
163
23
0
148
193
0
0
0
0
0
0
0
0
0
0
0
30
216
251
138
3
0
0
120
196
0
0
0
0
0
0
0
0
0
0
0
0
47
80
9
0
0
0
79
139
0
0
0
0
0
0
0
0
0
0
0
0
0
0
0
0
0
0
7
11
0
0
0
0
0
0
0
0
0
0
0
0
0
0
0
0
0
0
0
0
0
0
0
0
0
0
0
0
0
0
0
0
0
0
0
0
0
0
0
0
0
0
0
0
0
0
0