0
0
0
0
0
0
0
0
0
0
0
0
0
0
0
0
0
0
0
0
0
0
0
0
0
0
0
0
0
0
0
0
0
0
0
0
0
0
0
0
0
0
0
0
0
0
0
0
0
0
0
0
0
0
0
0
0
0
0
0
0
0
0
0
0
0
0
0
0
0
0
0
0
0
0
0
0
0
0
0
0
0
0
0
0
0
0
0
0
0
0
0
0
0
0
0
0
0
0
0
0
0
0
0
0
0
0
0
0
13
18
45
66
64
64
27
0
0
0
0
0
0
0
0
0
0
7
21
98
181
192
233
255
255
255
208
64
0
0
0
0
0
14
72
130
175
191
209
255
255
255
236
231
244
255
246
68
0
0
0
0
0
134
255
255
255
255
255
200
159
95
37
71
198
255
185
31
0
0
0
0
0
61
154
155
157
130
64
22
3
0
0
96
251
242
64
0
0
0
0
0
0
0
0
0
0
0
0
0
0
0
47
191
255
166
25
0
0
0
0
0
0
0
0
0
0
0
0
0
0
17
144
255
226
58
0
0
0
0
0
0
0
0
0
0
6
4
0
0
0
151
255
241
55
2
0
0
0
0
0
0
0
0
0
2
44
13
0
21
124
228
229
122
2
0
0
0
0
0
0
0
0
0
0
1
11
0
0
112
255
255
144
0
0
0
0
0
0
0
0
0
0
0
0
0
0
0
97
254
234
82
4
0
0
0
0
0
0
0
0
0
0
0
0
0
1
73
240
214
89
0
0
0
0
0
0
0
0
0
0
0
0
0
0
0
33
221
255
93
0
0
0
0
0
0
0
0
0
0
0
0
0
0
0
0
20
117
125
20
0
0
0
0
0
0
0
0
0
0
0
0
0
0
0
0
0
0
0
0
0
0
0
0
0
0
0
0
0
0
0