0
0
0
0
0
0
0
0
0
0
0
0
0
0
0
0
0
0
0
0
0
0
0
0
0
0
0
0
0
0
0
0
0
0
0
0
0
0
0
0
0
0
0
0
0
0
8
27
38
32
7
0
0
0
0
0
0
0
0
0
0
0
0
0
0
83
176
234
255
251
179
79
0
0
0
0
0
0
0
0
0
0
0
0
82
245
255
200
60
82
199
233
82
0
0
0
0
0
0
0
0
0
0
0
44
183
218
70
0
0
18
186
227
13
0
0
0
0
0
0
0
0
0
0
0
6
33
0
0
0
0
88
227
46
0
0
0
0
0
0
0
0
0
0
0
0
0
0
0
0
0
64
227
72
0
0
0
0
0
0
0
0
0
0
0
0
0
0
0
0
0
139
228
15
0
0
0
0
0
0
0
0
0
0
0
0
0
38
146
105
53
210
117
0
0
0
0
0
0
0
0
0
0
0
0
0
0
54
233
253
219
140
4
0
0
0
0
0
0
0
0
0
0
0
0
0
0
2
49
145
242
146
10
0
0
0
0
0
0
0
0
0
0
0
0
0
0
0
0
0
113
241
194
47
0
0
0
0
0
0
0
0
0
0
0
0
0
0
0
0
0
58
222
204
39
0
0
0
0
0
0
0
0
0
0
0
0
0
0
0
0
0
73
244
203
14
0
0
0
0
0
0
0
0
0
0
44
70
66
66
114
215
241
255
251
21
0
0
0
0
0
0
0
0
0
0
146
255
255
249
192
189
158
111
90
5
0
0
0
0
0
0
0
0
0
0
16
36
37
31
13
12
3
0
0
0
0
0
0
0
0
0
0
0
0
0
0
0
0
0
0
0
0
0
0
0
0
0
0
0
0
0
0
0
0
0
0
0
0
0
0
0
0
0
0
0
0
0
0
0