0
0
0
0
0
0
0
0
0
0
0
0
0
0
0
0
0
0
0
0
0
0
0
0
0
0
0
0
0
0
0
0
0
0
0
0
0
0
0
0
0
0
0
0
0
0
0
12
35
177
172
20
1
0
0
0
0
0
0
0
0
0
0
0
0
11
120
195
232
255
250
233
139
16
0
0
0
0
0
0
0
0
0
0
0
46
233
247
161
67
50
124
253
144
7
0
0
0
0
0
0
0
0
0
0
7
49
30
0
0
0
3
204
247
170
9
0
0
0
0
0
0
0
0
0
0
0
0
0
0
0
39
225
255
126
0
0
0
0
0
0
0
0
0
0
0
0
0
0
0
0
0
201
209
23
0
0
0
0
0
0
0
0
0
0
0
0
0
0
0
0
0
209
183
9
0
0
0
0
0
0
0
0
0
0
0
0
3
8
8
2
70
248
168
1
0
0
0
0
0
0
0
0
0
0
46
108
189
238
236
236
241
255
168
14
0
0
0
0
0
0
0
0
2
107
230
255
247
196
188
179
247
255
254
192
41
0
0
0
0
0
0
0
57
235
255
191
41
13
3
74
255
210
154
254
214
46
0
0
0
0
0
0
68
244
210
27
0
0
28
206
237
52
0
82
217
218
55
0
0
0
0
0
45
229
193
28
30
82
206
255
109
0
0
0
40
205
153
0
0
0
0
0
0
101
221
227
255
255
224
114
0
0
0
0
0
24
59
0
0
0
0
0
0
0
44
76
108
95
37
0
0
0
0
0
0
0
0
0
0
0
0
0
0
0
0
0
0
0
0
0
0
0
0
0
0
0
0
0
0
0
0
0
0
0
0
0
0
0
0
0
0
0
0
0
0
0
0
0
0
0
0
0
0
0
0
0
0
0
0
0
0
0
0
0
0
0
0
0
0