0
0
0
0
0
0
0
0
0
0
0
0
0
0
0
0
0
0
0
0
0
0
0
0
0
0
0
0
0
0
0
0
0
0
0
0
0
0
0
0
0
0
0
0
0
0
0
0
0
0
0
0
0
0
0
0
0
0
0
0
0
0
0
0
0
0
0
0
0
0
0
0
0
0
0
0
0
0
0
0
0
0
0
0
0
0
0
0
0
0
0
0
0
0
0
7
9
0
0
0
0
0
0
0
0
0
0
0
0
9
59
100
106
74
118
231
159
3
0
0
0
0
0
0
0
0
0
0
53
179
247
233
243
251
255
237
67
0
0
0
0
0
0
0
0
0
0
60
225
233
85
28
36
175
251
94
0
0
0
0
0
0
0
0
0
0
55
237
240
63
0
0
75
239
149
0
0
0
0
0
0
0
0
0
0
23
202
255
102
0
0
11
211
212
33
0
0
0
0
0
0
0
0
0
11
151
249
144
6
0
8
133
233
74
0
0
0
0
0
0
0
0
0
0
30
232
140
3
0
0
107
249
128
0
0
0
0
0
0
0
0
0
0
0
1
34
8
0
0
22
228
179
16
0
0
0
0
0
0
0
0
0
0
0
0
0
0
0
8
169
226
44
0
0
0
0
0
0
0
0
0
0
0
0
0
0
0
0
58
239
132
0
0
0
0
0
0
0
0
0
0
0
0
0
0
0
0
4
163
206
25
0
0
0
0
0
0
0
0
0
0
0
0
0
0
0
0
70
238
94
0
0
0
0
0
0
0
0
0
0
0
0
0
0
0
0
5
188
200
21
0
0
0
0
0
0
0
0
0
0
0
0
0
0
0
0
56
247
115
0
0
0
0
0
0
0
0
0
0
0
0
0
0
0
0
0
10
61
21
0
0
0
0
0
0
0
0
0
0
0