0
0
0
0
0
0
0
0
0
0
0
0
0
0
0
0
0
0
0
0
0
0
0
0
0
0
0
0
0
0
0
0
88
157
64
0
0
0
0
0
0
0
0
0
0
0
0
0
0
0
2
106
249
229
56
0
0
0
0
0
0
0
0
0
0
0
0
0
0
0
80
241
233
58
0
0
0
0
0
0
0
0
0
0
0
0
0
0
0
33
222
246
93
0
0
0
0
0
0
0
0
0
0
0
0
0
0
0
17
169
255
157
2
0
0
0
0
0
0
0
0
0
0
0
0
0
0
0
92
243
209
41
0
0
0
0
0
0
0
0
0
0
0
0
0
0
0
56
229
242
88
0
0
0
0
0
0
0
0
0
0
0
0
0
0
0
7
198
255
133
0
0
12
106
69
47
7
0
0
0
0
0
0
0
0
0
113
255
205
22
0
44
165
255
242
231
100
0
0
0
0
0
0
0
0
82
235
232
45
0
109
231
241
131
133
234
137
0
0
0
0
0
0
0
8
192
255
110
0
90
255
234
78
0
15
195
131
0
0
0
0
0
0
0
50
251
217
10
68
238
201
51
6
100
204
209
34
0
0
0
0
0
0
0
74
255
197
77
197
255
115
107
186
255
223
78
0
0
0
0
0
0
0
0
34
194
255
246
255
255
237
255
248
153
42
0
0
0
0
0
0
0
0
0
0
29
118
178
181
125
97
45
27
0
0
0
0
0
0
0
0
0
0
0
0
0
0
0
0
0
0
0
0
0
0
0
0
0
0
0
0
0
0
0
0
0
0
0
0
0
0
0
0
0
0
0
0
0
0
0
0
0
0
0
0
0
0
0
0
0
0
0
0
0
0
0
0
0
0
0
0
0
0
0
0
0
0
0
0
0
0
0
0
0
0
0
0
0
0
0