0
0
0
0
0
0
0
0
0
0
0
0
0
0
0
0
0
0
0
0
0
0
0
0
0
0
0
0
0
0
0
0
0
0
0
0
0
0
0
0
0
0
0
0
0
0
0
0
0
0
0
0
0
0
0
0
0
0
0
0
0
0
0
0
0
0
0
0
0
0
0
0
0
0
0
0
0
4
0
0
0
0
0
0
0
0
0
0
0
0
0
0
0
0
0
0
94
133
0
0
0
0
0
0
0
0
0
0
30
48
0
0
0
0
0
82
239
117
0
0
0
0
0
0
0
0
0
16
185
195
3
0
0
0
64
244
176
14
0
0
0
0
0
0
0
0
42
204
221
65
0
0
0
57
232
192
27
0
0
0
0
0
0
0
0
38
201
219
70
0
0
0
34
208
187
16
0
0
0
0
0
0
0
0
79
222
189
35
0
5
3
51
199
255
156
99
0
0
0
0
0
0
0
53
230
255
172
144
166
208
212
240
251
200
154
68
0
0
0
0
0
0
0
89
225
230
215
170
165
183
255
224
85
14
0
0
0
0
0
0
0
0
0
10
24
32
25
0
26
187
221
52
0
0
0
0
0
0
0
0
0
0
0
0
0
0
0
20
152
246
87
0
0
0
0
0
0
0
0
0
0
0
0
0
0
0
0
91
255
203
20
0
0
0
0
0
0
0
0
0
0
0
0
0
0
0
0
90
202
76
0
0
0
0
0
0
0
0
0
0
0
0
0
0
0
0
0
1
7
0
0
0
0
0
0
0
0
0
0
0
0
0
0
0
0
0
0
0
0
0
0
0
0
0
0
0
0
0
0
0
0
0
0
0
0
0
0
0
0
0
0
0
0
0
0
0
0
0
0
0
0
0
0
0
0
0
0
0
0
0
0
0
0
0
0
0
0
0
0
0