0
0
0
0
0
0
0
0
0
0
0
0
0
0
0
0
0
0
0
0
0
0
0
0
0
0
0
0
0
0
0
0
0
0
0
0
0
0
0
0
0
0
0
0
0
0
0
0
0
0
0
0
0
0
0
0
0
0
0
0
0
0
0
2
23
29
29
29
29
28
4
0
0
0
0
0
0
0
0
0
0
0
0
74
214
218
213
216
217
216
178
100
31
0
0
0
0
0
0
0
0
0
0
97
221
171
136
158
169
168
164
202
224
69
0
0
0
0
0
0
0
0
0
18
29
0
0
0
0
0
0
25
215
210
29
0
0
0
0
0
0
0
0
0
0
0
0
0
0
0
0
0
92
255
68
0
0
0
0
0
0
0
0
0
0
0
0
0
0
0
0
0
99
255
72
0
0
0
0
0
0
0
0
0
0
0
0
0
0
0
0
12
196
237
49
0
0
0
0
0
0
0
0
0
0
0
0
0
0
0
0
69
239
86
0
0
0
0
0
0
0
0
0
0
0
0
0
0
0
0
44
206
157
16
0
0
0
0
0
0
0
0
0
0
0
0
0
0
3
97
221
174
22
38
69
93
57
77
0
0
0
0
0
0
0
13
42
99
166
247
255
228
179
182
199
132
67
7
0
0
0
0
0
0
41
188
227
255
255
255
233
137
75
35
17
0
0
0
0
0
0
0
0
0
15
142
210
203
148
97
34
0
0
0
0
0
0
0
0
0
0
0
0
0
0
0
24
24
0
0
0
0
0
0
0
0
0
0
0
0
0
0
0
0
0
0
0
0
0
0
0
0
0
0
0
0
0
0
0
0
0
0
0
0
0
0
0
0
0
0
0
0
0
0
0
0
0
0
0
0
0
0
0
0
0
0
0
0
0
0
0
0
0
0
0
0
0
0
0
0