0
0
0
0
0
0
0
0
0
0
0
0
0
0
0
0
0
0
0
0
0
0
0
0
0
0
0
0
0
0
0
0
0
0
0
0
0
0
0
0
0
0
0
0
0
0
0
0
0
0
0
0
0
0
0
0
0
0
0
0
0
0
0
0
0
0
0
0
0
0
0
0
0
0
0
0
0
0
0
0
0
0
0
0
0
0
0
0
0
0
4
10
10
5
0
0
0
0
0
0
0
0
0
0
0
2
68
94
111
159
190
250
251
162
7
0
0
0
0
0
0
0
0
0
0
88
249
255
255
255
253
214
254
189
16
0
0
0
0
0
0
0
0
0
0
47
128
122
118
78
40
91
250
186
13
0
0
0
0
0
0
0
0
0
0
0
0
0
0
0
11
176
255
120
0
0
0
0
0
0
0
0
0
0
0
0
0
0
0
0
35
219
232
45
80
80
9
0
0
0
0
0
0
0
0
0
0
0
0
0
59
247
251
246
232
88
0
0
0
0
0
0
0
0
0
0
0
0
0
0
161
255
255
191
70
0
0
0
0
0
0
0
0
0
0
0
0
45
121
203
255
252
155
12
0
0
0
0
0
0
0
0
0
0
0
0
15
218
255
252
255
199
11
0
0
0
0
0
0
0
0
0
0
0
0
0
9
101
95
207
248
91
0
0
0
0
0
0
0
0
0
0
0
0
0
0
0
0
14
207
223
35
0
0
0
0
0
0
0
0
0
0
0
0
0
0
0
0
57
239
196
2
0
0
0
0
0
0
0
0
0
0
0
0
0
0
0
0
130
255
74
0
0
0
0
0
0
0
0
0
0
0
0
0
0
0
0
3
156
220
18
0
0
0
0
0
0
0
0
0
0
0
0
0
0
0
0
0
25
40
0
0
0
0
0
0
0
0
0
0