0
0
0
0
0
0
0
0
0
0
0
0
0
0
0
0
0
0
0
0
0
0
0
0
0
0
0
0
0
0
0
0
0
0
0
0
0
0
0
0
0
0
0
0
0
0
0
0
0
0
36
188
93
0
0
0
0
0
0
0
0
0
0
0
0
0
0
0
0
24
194
214
24
0
0
0
0
0
0
0
0
0
0
0
0
0
0
0
0
164
245
73
0
0
0
0
0
0
0
0
0
0
0
0
0
0
0
0
77
245
129
0
0
0
0
0
0
0
0
0
0
0
0
0
0
0
0
3
165
227
11
0
0
0
0
0
0
0
0
0
0
0
0
0
0
0
0
50
241
125
0
0
0
0
0
0
0
0
0
0
0
0
0
0
0
0
0
130
255
91
74
91
38
0
0
0
0
0
0
0
0
0
0
0
0
0
0
144
255
224
240
255
225
109
2
0
0
0
0
0
0
0
0
0
0
0
0
204
227
84
50
111
226
255
98
0
0
0
0
0
0
0
0
0
0
0
3
231
166
0
0
0
76
255
147
0
0
0
0
0
0
0
0
0
0
0
47
246
157
0
0
0
86
255
106
0
0
0
0
0
0
0
0
0
0
0
10
220
214
36
0
15
211
195
15
0
0
0
0
0
0
0
0
0
0
0
0
148
255
148
22
141
252
100
0
0
0
0
0
0
0
0
0
0
0
0
0
36
191
255
255
225
109
7
0
0
0
0
0
0
0
0
0
0
0
0
0
0
20
98
105
45
0
0
0
0
0
0
0
0
0
0
0
0
0
0
0
0
0
0
0
0
0
0
0
0
0
0
0
0
0
0
0
0
0
0
0
0
0
0
0
0
0
0
0
0
0
0
0
0
0
0
0
0
0
0
0
0
0
0
0
0
0
0
0
0
0
0
0
0