0
0
0
0
0
0
0
0
0
0
0
0
0
0
0
0
0
0
0
0
0
0
0
0
0
0
0
0
0
0
0
0
0
0
0
0
0
0
0
0
0
0
0
0
0
0
0
0
0
0
0
0
0
0
0
0
0
0
0
0
0
0
0
0
0
0
0
0
0
0
0
0
0
0
0
0
0
0
0
0
0
0
0
0
0
0
0
0
5
7
0
0
3
9
6
0
0
0
0
0
0
0
0
0
0
0
0
85
207
217
71
137
184
243
201
11
0
0
0
0
0
0
0
0
0
0
111
250
255
255
251
255
231
230
250
25
0
0
0
0
0
0
0
0
0
110
249
255
255
241
178
64
30
182
244
22
0
0
0
0
0
0
0
0
37
232
255
251
156
62
2
0
32
239
191
5
0
0
0
0
0
0
0
0
50
243
222
98
4
0
0
0
120
255
99
0
0
0
0
0
0
0
0
0
2
24
17
0
0
0
0
36
230
242
48
0
0
0
0
0
0
0
0
0
0
0
0
0
0
0
0
139
255
164
10
0
0
0
0
0
0
0
0
0
0
0
0
0
0
0
67
243
238
65
0
0
0
0
0
0
0
0
0
0
0
0
0
0
0
0
129
255
118
0
0
0
0
0
0
0
0
0
0
0
0
0
0
0
0
63
238
206
21
0
0
0
0
0
0
0
0
0
0
0
0
0
0
0
11
178
255
106
0
0
0
0
0
0
0
0
0
0
0
0
0
0
0
0
94
252
199
21
0
0
0
0
0
0
0
0
0
0
0
0
0
0
0
26
231
240
57
0
0
0
0
0
0
0
0
0
0
0
0
0
0
0
0
34
255
148
0
0
0
0
0
0
0
0
0
0
0
0
0
0
0
0
0
9
71
28
0
0
0
0
0
0
0
0
0
0