0
0
0
0
0
0
0
0
0
0
0
0
0
0
0
0
0
0
0
0
0
0
0
0
0
0
0
0
0
0
0
0
0
0
0
0
0
0
0
0
0
0
0
0
0
0
0
0
0
0
0
0
0
0
0
0
0
0
0
0
0
0
0
0
0
0
0
0
0
0
0
0
0
0
0
0
0
0
0
0
0
0
0
0
0
0
0
0
0
0
0
1
5
36
97
150
154
171
145
27
0
0
0
0
0
0
0
0
0
0
0
70
203
244
234
200
195
149
134
35
0
0
0
0
0
0
0
0
85
149
3
38
161
171
61
8
0
0
0
0
0
0
0
0
0
0
19
144
235
181
0
0
4
7
0
0
0
0
0
0
0
0
0
0
0
26
181
255
220
71
25
0
0
0
0
0
0
0
0
0
0
0
0
0
0
101
243
249
247
231
218
164
93
32
0
0
0
0
0
0
0
0
0
0
0
8
35
49
94
163
207
252
227
98
0
0
0
0
0
0
0
0
0
0
0
0
0
0
0
20
136
247
183
18
0
0
0
0
0
0
0
0
0
0
2
60
64
122
141
219
255
255
240
67
0
0
0
0
0
0
0
0
0
0
7
224
255
255
240
164
163
255
232
34
0
0
0
0
0
0
0
0
0
0
0
51
162
235
242
198
207
255
149
1
0
0
0
0
0
0
0
0
0
0
0
0
0
26
108
181
186
128
12
0
0
0
0
0
0
0
0
0
0
0
0
0
0
0
0
0
0
0
0
0
0
0
0
0
0
0
0
0
0
0
0
0
0
0
0
0
0
0
0
0
0
0
0
0
0
0
0
0
0
0
0
0
0
0
0
0
0
0
0
0
0
0
0
0
0
0
0
0
0
0
0
0
0
0
0
0
0
0
0
0
0
0
0
0
0
0