0
0
0
0
0
0
0
0
0
0
0
0
0
0
0
0
0
0
0
0
0
0
0
0
0
0
0
0
0
0
0
0
0
0
0
0
0
0
0
0
0
0
0
0
0
0
0
0
0
0
0
0
0
0
0
0
0
0
0
0
0
0
0
0
0
0
0
0
0
0
15
65
107
114
50
0
0
0
0
0
0
0
0
0
0
0
0
0
9
123
203
233
254
255
137
0
50
49
0
0
0
0
0
0
0
0
0
19
177
245
155
76
13
5
4
123
228
76
0
0
0
0
0
0
0
0
11
168
221
73
0
0
0
21
149
253
129
0
0
0
0
0
0
0
0
0
80
238
88
0
0
0
46
191
247
88
2
0
0
0
0
0
0
0
0
0
92
180
0
0
0
108
240
219
69
0
0
0
0
0
0
0
0
0
0
0
77
209
48
18
171
241
157
29
0
0
0
0
0
0
0
0
0
0
0
0
1
152
193
206
237
89
0
0
0
0
0
0
0
0
0
0
0
0
0
0
0
103
255
255
90
0
0
0
0
0
0
0
0
0
0
0
0
0
0
0
9
167
241
232
101
0
0
0
0
0
0
0
0
0
0
0
0
0
0
0
84
247
117
59
209
65
0
0
0
0
0
0
0
0
0
0
0
0
0
0
139
208
7
0
159
180
8
0
0
0
0
0
0
0
0
0
0
0
0
0
141
210
1
1
180
180
7
0
0
0
0
0
0
0
0
0
0
0
0
0
66
236
184
175
210
52
0
0
0
0
0
0
0
0
0
0
0
0
0
0
0
87
197
217
54
0
0
0
0
0
0
0
0
0
0
0
0
0
0
0
0
0
0
0
0
0
0
0
0
0
0
0
0
0
0
0
0
0
0
0
0
0
0
0
0
0
0
0
0
0
0
0
0
0