0
0
0
0
0
0
0
0
0
0
0
0
0
0
0
0
0
0
0
0
0
0
0
0
0
0
0
0
0
0
0
0
0
0
0
0
0
0
0
0
0
0
0
0
0
0
0
0
0
0
44
158
191
64
0
0
0
0
0
0
0
0
0
0
0
0
0
0
0
0
76
143
123
211
41
0
0
0
0
0
0
0
0
0
0
0
0
0
1
0
0
0
0
174
94
0
0
0
0
0
0
0
0
0
0
0
0
91
167
129
49
0
0
136
158
0
0
0
0
0
0
0
0
0
0
0
39
228
148
88
60
0
0
112
167
0
0
0
0
0
0
0
0
0
0
0
101
218
3
0
0
0
0
122
132
0
0
0
0
0
0
0
0
0
0
0
98
221
15
0
0
0
11
195
78
0
0
0
0
0
0
0
0
0
0
0
20
208
138
0
0
0
101
234
43
0
0
0
0
0
0
0
0
0
0
0
0
59
227
122
9
107
228
120
0
0
0
0
0
0
0
0
0
0
0
0
0
0
75
226
198
214
88
0
0
0
0
0
0
0
0
0
0
0
0
0
0
14
58
209
255
168
0
0
0
0
0
0
0
0
0
0
0
0
0
0
54
205
209
119
100
224
53
0
0
0
0
0
0
0
0
0
0
0
0
28
200
186
16
0
37
230
86
0
0
0
0
0
0
0
0
0
0
0
0
99
249
107
64
103
204
187
25
0
0
0
0
0
0
0
0
0
0
0
0
31
105
107
105
111
102
22
0
0
0
0
0
0
0
0
0
0
0
0
0
0
0
0
0
0
0
0
0
0
0
0
0
0
0
0
0
0
0
0
0
0
0
0
0
0
0
0
0
0
0
0
0
0
0
0
0
0
0
0
0
0
0
0
0
0
0
0
0
0
0
0
0
0
0
0