0
0
0
0
0
0
0
0
0
0
0
0
0
0
0
0
0
0
0
0
0
0
0
0
0
0
0
0
0
0
0
0
0
0
0
0
0
0
0
0
0
0
0
0
0
0
0
0
0
0
0
0
0
0
0
0
0
0
0
0
0
0
0
0
0
0
0
0
0
0
0
0
0
0
0
0
0
0
0
0
0
0
0
0
0
0
0
0
0
0
0
4
109
177
169
34
0
0
0
0
0
0
0
0
0
0
0
0
0
0
69
210
246
215
233
166
2
0
0
0
0
0
0
0
0
0
0
0
9
114
227
169
73
23
139
208
15
0
0
0
0
0
0
0
0
0
0
0
125
253
142
5
0
0
123
177
2
0
0
0
0
0
0
0
0
0
0
88
247
138
0
0
4
98
204
55
0
0
0
0
0
0
0
0
0
0
2
204
195
12
0
37
182
224
110
0
0
0
0
0
0
0
0
0
0
0
54
242
155
74
159
224
253
81
0
0
0
0
0
0
0
0
0
0
0
0
42
218
253
255
255
254
102
0
0
0
0
0
0
0
0
0
0
0
0
0
0
31
92
219
244
119
0
0
0
0
0
0
0
0
0
0
0
0
0
0
0
57
208
212
97
0
0
0
0
0
0
0
0
0
0
0
0
0
0
0
61
223
203
51
0
0
0
0
0
0
0
0
0
0
0
0
0
0
0
97
236
166
8
0
0
0
0
0
0
0
0
0
0
0
0
0
0
0
72
225
169
22
0
0
0
0
0
0
0
0
0
0
0
0
0
0
0
10
196
158
3
0
0
0
0
0
0
0
0
0
0
0
0
0
0
0
0
21
118
47
0
0
0
0
0
0
0
0
0
0
0
0
0
0
0
0
0
0
0
0
0
0
0
0
0
0
0
0
0
0
0
0
0
0