0
0
0
0
0
0
0
0
0
0
0
0
0
0
0
0
0
0
0
0
0
0
0
0
0
0
0
0
0
0
0
0
0
0
0
0
0
0
0
0
0
0
0
0
0
0
0
0
0
0
0
0
0
0
0
0
0
0
0
0
0
0
0
0
0
0
0
0
0
0
0
0
0
0
0
0
0
0
0
0
0
0
0
0
0
0
0
0
0
67
166
167
43
0
0
0
0
0
0
0
0
0
0
0
0
0
0
29
142
247
214
238
179
0
0
0
0
0
0
0
0
0
0
0
0
0
6
193
232
122
18
157
196
0
0
0
0
0
0
0
0
0
0
0
0
0
9
135
60
0
0
154
192
0
0
0
0
0
0
0
0
0
0
0
0
0
0
0
0
0
19
200
143
0
0
0
0
0
0
0
0
0
0
0
0
0
0
0
0
0
82
228
54
0
0
0
0
0
0
0
0
0
0
0
0
0
0
0
0
6
176
191
9
0
0
0
0
0
0
0
0
0
0
0
0
0
0
0
0
77
238
87
0
0
0
0
0
0
0
0
0
0
0
0
0
0
0
0
1
170
195
11
0
0
0
0
0
0
0
0
0
0
0
0
0
0
0
0
39
223
108
0
0
0
0
0
0
0
0
0
0
0
0
0
0
0
0
0
127
226
25
0
0
0
0
0
0
0
0
0
0
0
0
0
0
0
0
38
231
114
0
0
0
0
0
0
0
0
0
0
0
0
0
0
0
0
0
158
212
26
0
0
0
0
0
0
0
0
0
0
0
0
0
0
0
0
21
220
85
0
0
0
0
0
0
0
0
0
0
0
0
0
0
0
0
0
10
100
11
0
0
0
0
0
0
0
0
0
0
0
0
0
0
0
0
0
0
0
0
0
0
0
0
0
0
0
0
0
0
0