0
0
0
0
0
0
0
0
0
0
0
0
0
0
0
0
0
0
0
0
0
0
0
0
0
0
0
0
0
0
0
0
0
0
0
0
0
0
0
0
0
0
0
0
0
0
0
0
0
11
36
36
36
36
35
0
0
0
0
0
0
0
0
0
0
0
0
0
60
182
255
255
255
255
255
103
0
0
0
0
0
0
0
0
0
0
0
56
228
255
253
253
255
255
255
247
110
0
0
0
0
0
0
0
0
0
8
177
255
252
255
252
238
237
233
255
207
16
0
0
0
0
0
0
0
0
47
236
255
255
233
120
69
62
116
253
228
49
0
0
0
0
0
0
0
0
45
233
255
95
18
0
0
0
153
255
235
54
0
0
0
0
0
0
0
0
46
235
255
77
0
0
47
159
252
255
177
19
0
0
0
0
0
0
0
0
20
187
255
196
47
88
223
255
254
197
44
0
0
0
0
0
0
0
0
0
0
55
255
255
247
253
255
255
255
66
0
0
0
0
0
0
0
0
0
15
101
203
255
253
255
234
248
206
119
0
0
0
0
0
0
0
0
0
87
196
254
255
252
252
255
179
87
29
0
0
0
0
0
0
0
0
0
51
229
255
254
252
252
252
252
255
32
0
0
0
0
0
0
0
0
0
0
104
255
253
252
252
252
252
253
255
35
0
0
0
0
0
0
0
0
0
0
104
255
253
252
252
252
255
244
113
3
0
0
0
0
0
0
0
0
0
0
51
229
255
255
255
255
235
129
10
0
0
0
0
0
0
0
0
0
0
0
1
28
37
36
36
36
27
1
0
0
0
0
0
0
0
0
0
0
0
0
0
0
0
0
0
0
0
0
0
0
0
0
0
0
0
0
0
0
0
0
0
0
0
0
0
0
0
0
0
0
0
0
0
0
0
0
0