0
0
0
0
0
0
0
0
0
0
0
0
0
0
0
0
0
0
0
0
0
0
0
0
0
0
0
0
0
0
0
0
0
0
0
0
0
0
0
0
0
0
0
0
0
0
0
0
0
0
2
17
23
34
4
0
0
0
0
0
0
0
0
0
0
0
0
0
1
57
145
202
220
254
149
8
0
0
0
0
0
0
0
0
0
0
0
5
128
238
255
252
242
242
222
24
0
0
0
0
0
0
0
0
0
0
0
49
255
236
156
45
0
9
8
0
0
0
0
0
0
0
0
0
0
0
0
124
255
185
91
128
80
0
0
0
0
0
0
0
0
0
0
0
0
0
43
229
255
251
255
255
248
171
37
0
0
0
0
0
0
0
0
0
0
0
128
255
253
215
183
154
218
255
182
11
0
0
0
0
0
0
0
0
0
0
117
215
89
33
12
0
47
209
255
47
0
0
0
0
0
0
0
0
0
0
9
21
0
0
0
0
0
90
248
128
0
0
0
0
0
0
0
0
0
0
0
0
0
0
0
0
0
50
237
190
0
0
0
0
0
0
11
4
0
0
0
0
0
0
0
0
0
82
252
177
0
0
0
0
0
81
196
164
121
79
48
0
0
0
0
0
50
210
253
70
0
0
0
0
0
68
179
231
255
244
232
167
111
77
77
120
218
255
179
4
0
0
0
0
0
0
1
9
13
101
195
250
255
255
255
255
235
158
28
0
0
0
0
0
0
0
0
0
0
0
12
82
130
175
171
99
55
1
0
0
0
0
0
0
0
0
0
0
0
0
0
0
0
9
7
0
0
0
0
0
0
0
0
0
0
0
0
0
0
0
0
0
0
0
0
0
0
0
0
0
0
0
0
0
0
0
0
0
0
0
0
0
0
0
0
0
0
0
0
0
0
0
0
0