0
0
0
0
0
0
0
0
0
0
0
0
0
0
0
0
0
0
0
0
0
0
0
0
0
0
0
0
0
0
0
0
0
0
0
0
0
0
0
0
0
0
0
0
0
0
0
0
0
0
0
0
0
0
0
0
0
0
0
0
0
0
0
0
0
0
0
0
0
0
0
0
0
0
0
0
0
0
0
0
0
0
0
0
0
1
0
0
0
0
0
4
4
0
0
0
0
0
0
0
0
0
0
0
56
161
118
101
95
58
55
188
164
0
0
0
0
0
0
0
0
0
0
0
37
203
255
255
255
246
244
255
165
0
0
0
0
0
0
0
0
0
0
0
0
25
60
81
84
81
117
243
105
0
0
0
0
0
0
0
0
0
0
0
0
0
0
0
0
0
25
211
92
0
0
0
0
0
0
0
0
0
0
0
0
0
0
0
0
0
49
231
63
0
0
0
0
0
0
0
0
0
0
0
0
0
0
0
0
0
128
255
53
0
0
0
0
0
0
0
0
0
0
0
0
0
0
0
0
0
131
255
54
0
0
0
0
0
0
0
0
0
0
0
0
0
0
0
0
0
134
233
31
0
0
0
0
0
0
0
0
0
0
0
0
0
0
0
0
0
135
218
20
0
0
0
0
0
0
0
0
0
0
0
0
0
0
0
0
0
134
225
25
0
0
0
0
0
0
0
0
0
0
0
0
0
0
0
0
0
133
255
53
0
0
0
0
0
0
0
0
0
0
0
0
0
0
0
0
0
107
255
54
0
0
0
0
0
0
0
0
0
0
0
0
0
0
0
0
0
65
255
54
0
0
0
0
0
0
0
0
0
0
0
0
0
0
0
0
0
25
213
63
0
0
0
0
0
0
0
0
0
0
0
0
0
0
0
0
0
0
45
18
0
0
0
0
0
0
0