0
0
0
0
0
0
0
0
0
0
0
0
0
0
0
0
0
0
0
0
0
0
0
0
0
0
0
0
0
0
0
0
0
0
0
0
0
0
0
0
0
0
0
0
0
0
0
0
0
0
0
0
0
9
32
1
0
0
0
0
0
0
0
0
0
0
0
0
0
0
0
0
0
123
217
8
0
0
0
0
0
0
0
0
0
0
0
0
65
45
0
0
55
234
124
0
0
0
0
0
0
0
0
0
0
0
0
20
216
130
0
0
184
253
55
0
0
0
0
0
0
0
0
0
0
0
0
109
255
97
0
66
248
186
17
0
0
0
0
0
0
0
0
0
0
0
51
238
218
30
3
176
255
81
0
0
0
0
0
0
0
0
0
0
0
0
148
255
125
0
73
254
202
20
0
0
0
0
0
0
0
0
0
0
0
90
248
217
17
0
183
255
102
0
0
0
0
0
0
0
0
0
0
0
2
178
255
209
116
157
255
239
139
86
10
0
0
0
0
0
0
0
0
0
0
133
226
255
255
255
255
255
255
253
57
0
0
0
0
0
0
0
0
0
0
7
26
43
114
250
215
99
115
95
13
0
0
0
0
0
0
0
0
0
0
0
0
0
122
255
129
0
0
0
0
0
0
0
0
0
0
0
0
0
0
0
0
7
172
255
100
0
0
0
0
0
0
0
0
0
0
0
0
0
0
0
0
7
171
255
173
12
0
0
0
0
0
0
0
0
0
0
0
0
0
0
0
8
177
235
44
0
0
0
0
0
0
0
0
0
0
0
0
0
0
0
0
1
25
27
0
0
0
0
0
0
0
0
0
0
0
0
0
0
0
0
0
0
0
0
0
0
0
0
0
0
0
0
0
0
0
0
0
0
0
0
0
0
0
0
0
0
0
0
0
0
0
0
0
0