0
0
0
0
0
0
0
0
0
0
0
0
0
0
0
0
0
0
0
0
0
0
0
0
0
0
0
0
0
0
0
0
0
0
0
0
0
0
0
0
0
0
0
0
0
0
0
0
0
0
0
0
0
0
0
0
0
0
0
0
0
0
0
0
0
0
0
0
0
0
0
48
110
99
27
0
0
0
0
0
0
0
0
0
0
0
0
0
0
2
90
221
255
255
167
0
0
0
0
0
0
0
0
0
0
0
0
0
9
148
255
216
79
94
140
17
34
3
0
0
0
0
0
0
0
0
0
0
101
255
214
47
0
0
95
185
222
66
0
0
0
0
0
0
0
0
0
20
212
231
54
0
39
185
253
224
157
53
0
0
0
0
0
0
0
0
0
33
255
148
5
90
228
247
137
15
0
0
0
0
0
0
0
0
0
0
0
20
209
230
187
251
208
77
0
0
0
0
0
0
0
0
0
0
0
0
0
0
112
255
255
180
16
0
0
0
0
0
0
0
0
0
0
0
0
0
0
18
193
255
255
99
0
0
0
0
0
0
0
0
0
0
0
0
0
0
70
204
255
182
221
209
16
0
0
0
0
0
0
0
0
0
0
0
0
48
233
255
133
0
118
255
64
0
0
0
0
0
0
0
0
0
0
0
0
63
249
176
8
0
78
255
122
0
0
0
0
0
0
0
0
0
0
0
0
96
255
67
17
67
196
251
56
0
0
0
0
0
0
0
0
0
0
0
0
66
254
199
204
253
227
87
1
0
0
0
0
0
0
0
0
0
0
0
0
14
136
215
157
119
41
0
0
0
0
0
0
0
0
0
0
0
0
0
0
0
0
0
0
0
0
0
0
0
0
0
0
0
0
0
0
0
0
0
0
0
0
0
0
0
0
0
0
0
0
0
0
0
0
0