0
0
0
0
0
0
0
0
0
0
0
0
0
0
0
0
0
0
0
0
0
0
0
0
0
0
0
0
0
0
0
0
0
0
0
0
0
0
0
0
0
0
0
0
0
0
0
4
26
13
0
0
0
0
0
0
0
0
0
0
0
0
0
0
0
16
123
164
230
188
151
66
0
0
0
0
0
0
0
0
0
0
0
0
0
43
231
255
255
255
255
227
39
0
0
0
0
0
0
0
0
0
0
0
0
2
60
91
84
104
224
255
138
0
0
0
0
0
0
0
0
0
0
0
0
0
0
0
12
157
254
255
97
0
0
0
0
0
0
0
0
0
0
0
0
0
0
0
53
233
255
255
142
0
0
0
0
0
0
0
0
0
0
0
0
0
0
0
0
86
180
180
218
72
0
0
0
0
0
0
0
0
0
0
0
0
0
0
0
0
9
4
115
229
39
0
0
0
0
0
0
0
0
0
0
0
0
0
0
0
0
0
71
255
87
0
0
0
0
0
0
0
0
0
0
0
0
0
0
0
0
0
71
255
198
19
0
0
0
0
0
0
0
0
0
0
0
0
0
0
0
0
113
255
226
35
0
0
0
0
0
0
0
0
0
0
0
0
0
0
0
92
244
255
129
0
0
0
0
0
0
0
0
0
18
33
3
5
3
26
94
207
255
216
39
0
0
0
0
0
0
0
0
0
48
212
203
203
202
216
252
255
190
29
0
0
0
0
0
0
0
0
0
0
10
149
255
255
255
255
255
189
59
0
0
0
0
0
0
0
0
0
0
0
0
7
36
36
36
36
35
12
0
0
0
0
0
0
0
0
0
0
0
0
0
0
0
0
0
0
0
0
0
0
0
0
0
0
0
0
0
0
0
0
0
0
0
0
0
0
0
0
0
0
0
0
0
0
0
0