0
0
0
0
0
0
0
0
0
0
0
0
0
0
0
0
0
0
0
0
0
0
0
0
0
0
0
0
0
0
0
0
0
0
0
0
0
0
0
0
0
0
0
0
0
0
0
0
0
0
0
0
24
26
2
0
0
0
0
0
0
0
0
0
0
0
0
0
0
0
0
0
149
233
123
1
0
0
0
0
0
0
0
0
0
0
0
0
0
0
0
50
207
255
140
0
0
0
0
0
0
0
0
0
0
0
0
0
0
0
0
117
252
255
116
0
0
0
0
0
0
0
0
0
0
0
0
0
0
0
6
119
248
254
58
0
0
0
0
0
0
0
0
0
0
0
0
0
0
0
34
208
255
173
13
0
0
0
0
0
0
0
0
0
0
0
0
0
0
0
128
255
250
86
0
0
0
0
0
0
0
0
0
0
0
0
0
0
1
103
234
255
147
34
0
0
0
0
0
0
0
0
0
0
0
0
0
0
46
225
255
218
33
0
0
0
0
0
0
0
0
0
0
0
0
0
0
0
99
255
255
164
4
0
0
0
0
0
0
0
0
0
0
0
0
0
0
56
209
255
206
47
0
0
0
0
0
0
0
0
0
0
0
0
0
0
4
203
255
242
69
0
0
0
0
0
0
0
0
0
0
0
0
0
0
0
82
247
255
184
10
0
0
0
0
0
0
0
0
0
0
0
0
0
0
0
104
254
253
149
0
0
0
0
0
0
0
0
0
0
0
0
0
0
0
0
105
253
142
34
0
0
0
0
0
0
0
0
0
0
0
0
0
0
0
0
15
34
6
0
0
0
0
0
0
0
0
0
0
0
0
0
0
0
0
0
0
0
0
0
0
0
0
0
0
0
0
0
0
0
0
0
0
0
0
0
0
0
0
0
0
0
0
0
0
0
0
0
0
0