0
0
0
0
0
0
0
0
0
0
0
0
0
0
0
0
0
0
0
0
0
0
0
0
0
0
0
0
0
0
0
0
0
0
0
0
0
0
0
0
0
0
0
0
0
0
0
0
0
0
0
0
0
0
0
0
0
0
0
0
0
0
0
0
0
0
0
0
0
0
0
0
0
0
0
0
0
0
0
0
0
0
0
0
0
0
0
0
0
41
89
108
171
48
0
0
0
0
0
0
0
0
0
0
0
0
0
17
152
247
255
252
255
226
47
0
0
0
0
0
0
0
0
0
0
0
36
182
255
205
133
90
102
199
88
0
0
0
0
0
0
0
0
0
0
24
192
249
109
22
0
0
0
70
88
0
0
0
0
0
0
0
0
0
0
110
255
107
0
0
0
0
0
14
123
77
0
0
0
0
0
0
0
0
0
111
255
95
5
3
9
21
66
144
255
204
10
0
0
0
0
0
0
0
0
105
255
252
214
197
215
254
252
255
250
148
5
0
0
0
0
0
0
0
0
27
160
228
216
216
200
171
238
239
99
4
0
0
0
0
0
0
0
0
0
0
3
27
21
19
26
42
171
120
0
0
0
0
0
0
0
0
0
0
0
0
0
0
0
0
51
237
238
85
3
0
0
0
0
0
0
0
0
0
0
0
0
0
0
0
157
255
143
0
0
0
0
0
0
0
0
0
0
0
0
0
0
0
0
26
245
211
31
0
0
0
0
0
0
0
0
0
0
0
0
0
0
0
0
111
252
96
0
0
0
0
0
0
0
0
0
0
0
0
0
0
0
0
0
148
255
79
0
0
0
0
0
0
0
0
0
0
0
0
0
0
0
0
0
79
134
32
0
0
0
0
0
0
0
0
0
0
0
0
0
0
0
0
0
0
0
0
0
0
0
0
0
0
0
0