0
0
0
0
0
0
0
0
0
0
0
0
0
0
0
0
0
0
0
0
0
0
0
0
0
0
0
0
0
0
0
0
0
0
0
0
0
0
0
0
0
0
0
0
0
0
0
0
0
0
0
0
0
0
0
0
0
0
0
0
0
0
0
0
0
0
0
0
1
9
0
0
0
0
0
0
0
0
0
0
0
0
0
0
0
0
0
2
104
177
83
78
79
79
81
47
0
0
0
0
0
0
0
0
0
0
10
157
238
255
250
250
249
247
249
221
130
18
0
0
0
0
0
0
0
0
92
252
255
252
228
226
254
255
255
255
255
66
0
0
0
0
0
0
0
23
192
255
215
124
28
23
126
141
197
253
255
80
0
0
0
0
0
0
0
145
254
255
170
0
0
0
0
0
30
244
255
185
0
0
0
0
0
0
57
230
255
227
74
0
0
0
0
1
121
253
255
194
0
0
0
0
0
0
144
255
240
80
0
0
0
0
0
87
236
255
246
65
0
0
0
0
0
56
230
255
225
22
0
0
0
0
125
227
250
250
131
8
0
0
0
0
0
109
255
253
227
19
0
53
154
218
251
255
252
119
0
0
0
0
0
0
0
111
255
251
232
76
88
230
255
255
254
217
121
0
0
0
0
0
0
0
0
51
221
255
249
231
239
253
254
255
202
45
1
0
0
0
0
0
0
0
0
0
76
249
255
255
255
255
219
162
23
0
0
0
0
0
0
0
0
0
0
0
18
131
177
249
227
150
51
0
0
0
0
0
0
0
0
0
0
0
0
0
0
1
13
66
50
4
0
0
0
0
0
0
0
0
0
0
0
0
0
0
0
0
0
0
0
0
0
0
0
0
0
0
0
0
0
0
0
0
0
0
0
0
0
0
0
0
0
0
0
0
0
0
0
0
0
0