0
0
0
0
0
0
0
0
0
0
0
0
0
0
0
0
0
0
0
0
0
0
0
0
0
0
0
0
0
0
0
0
0
0
0
0
0
0
0
0
0
0
0
0
0
0
0
0
0
0
0
0
0
0
0
0
0
0
0
0
0
0
0
0
0
0
0
0
0
0
0
0
0
0
0
0
0
0
0
0
0
0
0
0
0
0
0
10
30
4
9
41
55
81
136
97
2
0
0
0
0
0
0
0
0
0
22
168
239
220
221
243
255
252
236
161
13
0
0
0
0
0
0
0
0
17
175
255
200
158
98
93
95
91
54
10
0
0
0
0
0
0
0
0
0
84
255
253
217
196
121
91
26
0
0
0
0
0
0
0
0
0
0
0
0
64
224
234
192
193
206
245
235
115
24
0
0
0
0
0
0
0
0
0
0
5
37
49
19
18
26
48
152
245
211
75
1
0
0
0
0
0
0
0
0
0
0
0
0
0
0
0
0
49
182
243
89
0
0
0
0
0
3
73
39
0
0
0
0
0
0
0
0
0
11
180
200
14
0
0
0
0
30
247
190
17
0
0
0
0
0
0
0
0
0
100
255
35
0
0
0
0
5
123
240
194
58
0
0
0
0
0
0
0
33
194
250
31
0
0
0
0
0
0
83
233
242
154
88
30
4
6
65
140
217
249
128
5
0
0
0
0
0
0
0
53
180
236
253
241
215
239
255
253
197
67
0
0
0
0
0
0
0
0
0
0
0
56
95
140
172
149
137
81
13
0
0
0
0
0
0
0
0
0
0
0
0
0
0
0
6
0
0
0
0
0
0
0
0
0
0
0
0
0
0
0
0
0
0
0
0
0
0
0
0
0
0
0
0
0
0
0
0
0
0
0
0
0
0
0
0
0
0
0
0
0
0
0
0
0