0
0
0
0
0
0
0
0
0
0
0
0
0
0
0
0
0
0
0
0
0
0
0
0
0
0
0
0
0
0
0
0
0
0
0
0
0
0
0
0
0
0
0
0
0
0
0
0
0
15
17
2
0
0
0
0
0
0
0
0
0
0
0
0
0
0
0
0
0
158
187
30
0
0
0
0
0
0
0
0
0
0
0
0
0
0
0
0
0
193
232
41
0
0
0
0
0
0
0
0
0
0
0
0
0
0
0
0
0
190
228
40
0
0
0
0
0
0
0
0
0
0
0
0
0
0
0
0
0
190
228
40
0
0
0
0
0
0
0
0
0
0
0
0
0
0
0
0
0
196
227
40
0
0
0
0
0
0
0
0
0
0
0
0
0
0
0
0
21
211
226
40
0
0
0
0
0
0
0
0
0
0
0
0
0
0
0
0
32
218
225
40
0
0
0
0
0
0
0
0
0
0
0
0
0
0
0
0
41
225
224
40
0
0
0
0
0
0
0
0
0
0
0
0
0
0
0
0
40
224
224
40
0
0
0
0
0
0
0
0
0
0
0
0
0
0
0
0
40
224
224
40
0
0
0
0
0
0
0
0
0
0
0
0
0
0
0
0
40
224
224
40
0
0
0
0
0
0
0
0
0
0
0
0
0
0
0
0
40
224
224
40
0
0
0
0
0
0
0
0
0
0
0
0
0
0
0
0
42
226
226
41
0
0
0
0
0
0
0
0
0
0
0
0
0
0
0
0
17
212
206
29
0
0
0
0
0
0
0
0
0
0
0
0
0
0
0
0
0
26
24
2
0
0
0
0
0
0
0
0
0
0
0
0
0
0
0
0
0
0
0
0
0
0
0
0
0
0
0
0
0
0
0
0
0
0
0
0
0
0
0
0
0
0
0
0
0
0
0
0