0
0
0
0
0
0
0
0
0
0
0
0
0
0
0
0
0
0
0
0
0
0
0
0
0
0
0
0
0
0
0
0
0
0
0
0
0
0
0
0
0
0
0
0
0
0
0
0
0
0
26
14
0
0
0
0
0
0
0
0
0
0
0
0
0
0
0
0
0
1
178
170
9
0
0
0
0
0
0
0
0
0
0
0
0
0
0
0
0
0
164
255
66
0
0
0
0
0
0
0
0
0
0
0
0
0
0
0
0
11
194
255
76
0
0
0
0
0
0
0
0
0
0
0
0
0
0
0
0
30
248
255
76
0
0
0
0
0
0
0
0
0
0
0
0
0
0
0
0
29
246
239
54
0
0
0
0
0
0
0
0
0
0
0
0
0
0
0
0
30
249
207
18
0
0
0
0
0
0
0
0
0
0
0
0
0
0
0
0
100
255
208
19
0
0
0
0
0
0
0
0
0
0
0
0
0
0
0
0
132
255
160
4
0
0
0
0
0
0
0
0
0
0
0
0
0
0
0
8
179
255
121
0
0
0
0
0
0
0
0
0
0
0
0
0
0
0
0
20
207
255
98
0
0
0
0
0
0
0
0
0
0
0
0
0
0
0
0
65
236
255
114
0
0
0
0
0
0
0
0
0
0
0
0
0
0
0
0
83
253
221
45
0
0
0
0
0
0
0
0
0
0
0
0
0
0
0
0
81
255
191
0
0
0
0
0
0
0
0
0
0
0
0
0
0
0
0
0
83
255
229
48
0
0
0
0
0
0
0
0
0
0
0
0
0
0
0
0
11
35
33
8
0
0
0
0
0
0
0
0
0
0
0
0
0
0
0
0
0
0
0
0
0
0
0
0
0
0
0
0
0
0
0
0
0
0
0
0
0
0
0
0
0
0
0
0
0
0
0
0