0
0
0
0
0
0
0
0
0
0
0
0
0
0
0
0
0
0
0
0
0
0
0
0
0
0
0
0
0
0
0
0
0
0
0
0
0
0
0
0
0
0
0
0
0
0
0
0
0
0
0
0
8
34
7
0
0
0
0
0
0
0
0
0
0
0
0
0
0
0
0
0
131
243
49
0
0
0
0
0
0
0
0
0
0
0
0
0
0
0
0
40
228
247
64
0
0
0
0
0
0
0
0
0
0
0
0
0
0
0
12
187
255
232
49
0
0
0
0
0
0
0
0
0
0
0
0
0
0
0
99
226
254
200
23
0
0
0
0
0
0
0
0
0
0
0
0
0
0
4
58
158
255
134
0
0
0
0
0
0
0
0
0
0
0
0
0
0
0
0
17
200
247
50
0
0
0
0
0
0
0
0
0
0
0
0
0
0
0
0
149
255
134
3
0
0
0
0
0
0
0
0
0
0
0
0
0
0
10
131
255
222
35
0
0
0
0
0
0
0
0
0
0
0
0
0
0
0
125
255
222
56
0
0
0
0
0
0
0
0
0
0
0
0
0
0
0
101
252
249
89
0
0
0
0
0
0
0
0
0
0
0
0
0
0
0
62
227
255
131
0
0
0
0
0
0
0
0
0
0
0
0
0
0
0
12
177
255
163
16
0
0
0
0
0
0
0
0
0
0
0
0
0
0
0
85
250
214
16
0
0
0
0
0
0
0
0
0
0
0
0
0
0
0
0
136
255
185
7
0
0
0
0
0
0
0
0
0
0
0
0
0
0
0
0
13
38
19
0
0
0
0
0
0
0
0
0
0
0
0
0
0
0
0
0
0
0
0
0
0
0
0
0
0
0
0
0
0
0
0
0
0
0
0
0
0
0
0
0
0
0
0
0
0
0
0
0
0
0
0