0
0
0
0
0
0
0
0
0
0
0
0
0
0
0
0
0
0
0
0
0
0
0
0
0
0
0
0
0
0
0
0
12
100
19
0
0
0
0
0
0
0
0
0
0
0
0
0
0
0
0
4
203
230
39
0
0
0
0
0
0
0
0
0
0
0
0
0
0
0
8
165
255
117
0
0
0
0
0
0
0
0
0
0
0
0
0
0
0
0
163
255
188
11
0
0
0
0
0
0
0
0
0
0
0
0
0
0
0
91
255
237
29
0
0
0
0
0
0
0
0
0
0
0
0
0
0
0
50
241
240
69
0
0
0
0
0
0
0
0
0
0
0
0
0
0
0
22
211
250
59
0
0
0
0
0
0
0
0
0
0
0
0
0
0
0
0
119
255
180
46
48
49
50
26
0
0
0
0
0
0
0
0
0
0
0
50
229
255
233
224
225
226
230
206
40
0
0
0
0
0
0
0
0
0
0
159
255
251
207
105
100
101
191
255
97
0
0
0
0
0
0
0
0
0
55
246
239
81
23
0
0
0
147
255
99
0
0
0
0
0
0
0
0
0
74
255
214
0
0
0
2
95
255
221
19
0
0
0
0
0
0
0
0
0
64
255
226
44
50
115
170
255
188
19
0
0
0
0
0
0
0
0
0
0
3
166
255
235
237
255
255
127
19
0
0
0
0
0
0
0
0
0
0
0
0
24
168
191
184
105
47
0
0
0
0
0
0
0
0
0
0
0
0
0
0
0
0
0
0
0
0
0
0
0
0
0
0
0
0
0
0
0
0
0
0
0
0
0
0
0
0
0
0
0
0
0
0
0
0
0
0
0
0
0
0
0
0
0
0
0
0
0
0
0
0
0
0
0
0
0
0
0
0
0
0
0
0
0
0
0
0
0
0
0
0
0
0
0
0