0
0
0
0
0
0
0
0
0
0
0
0
0
0
0
0
0
0
0
0
0
0
0
0
0
0
0
0
0
0
0
0
0
0
0
0
0
0
0
0
0
0
0
0
0
0
0
0
0
0
29
158
169
0
0
0
0
0
0
0
0
0
0
0
0
0
0
0
0
22
196
229
58
0
0
0
0
0
0
0
0
0
0
0
0
0
0
0
0
123
255
162
0
0
0
0
0
0
0
0
0
0
0
0
0
0
0
0
35
217
232
76
0
0
0
0
0
0
0
0
0
0
0
0
0
0
0
0
120
255
147
0
0
0
0
0
0
0
0
0
0
0
0
0
0
0
0
8
186
255
55
0
0
0
0
0
0
0
0
0
0
0
0
0
0
0
0
68
236
227
37
9
0
0
0
0
0
0
0
0
0
0
0
0
0
0
0
143
255
168
135
187
34
0
0
0
0
0
0
0
0
0
0
0
0
0
0
74
255
155
56
188
205
59
0
0
0
0
0
0
0
0
0
0
0
0
0
44
255
184
0
17
234
182
18
0
0
0
0
0
0
0
0
0
0
0
0
46
255
180
0
8
227
228
40
0
0
0
0
0
0
0
0
0
0
0
0
26
220
207
18
68
248
201
21
0
0
0
0
0
0
0
0
0
0
0
0
0
145
255
190
218
255
110
0
0
0
0
0
0
0
0
0
0
0
0
0
0
76
252
255
255
179
15
0
0
0
0
0
0
0
0
0
0
0
0
0
0
1
78
112
106
22
0
0
0
0
0
0
0
0
0
0
0
0
0
0
0
0
0
0
0
0
0
0
0
0
0
0
0
0
0
0
0
0
0
0
0
0
0
0
0
0
0
0
0
0
0
0
0
0
0
0
0
0
0
0
0
0
0
0
0
0
0
0
0
0
0
0
0