0
0
0
0
0
0
0
0
0
0
0
0
0
0
0
0
0
0
0
0
0
0
0
0
0
0
0
0
0
0
0
0
0
0
0
0
0
0
0
0
0
0
0
0
0
0
0
0
0
0
1
25
28
17
2
0
0
0
0
0
0
0
0
0
0
0
16
70
90
127
152
226
224
155
35
0
0
0
0
0
0
0
0
0
0
23
174
253
255
255
255
255
210
41
8
0
0
0
0
0
0
0
0
0
0
35
200
207
183
105
88
155
187
137
60
0
0
0
0
0
0
0
0
0
0
0
27
12
0
0
0
0
120
255
159
0
0
0
0
0
0
0
0
0
0
0
0
0
0
0
24
105
237
227
52
0
0
0
0
0
0
0
0
0
0
0
86
153
135
130
218
255
194
60
0
0
0
0
0
0
0
0
0
0
0
15
198
255
255
255
255
255
118
0
0
0
0
0
0
0
0
0
0
0
0
1
126
220
194
152
132
214
248
129
3
0
0
0
0
0
0
0
0
0
0
0
0
31
2
0
0
26
189
255
104
0
0
0
0
0
0
0
111
125
3
0
0
0
0
0
0
0
33
210
215
13
0
0
0
0
0
1
186
221
50
0
0
0
0
0
0
0
0
144
255
42
0
0
0
0
0
0
50
231
232
130
58
18
0
0
0
0
19
194
225
15
0
0
0
0
0
0
0
48
181
227
255
225
136
119
147
147
194
255
140
0
0
0
0
0
0
0
0
0
5
43
112
191
255
255
255
255
235
143
14
0
0
0
0
0
0
0
0
0
0
0
0
12
32
36
36
36
26
1
0
0
0
0
0
0
0
0
0
0
0
0
0
0
0
0
0
0
0
0
0
0
0
0
0
0
0
0
0
0
0
0
0
0
0
0
0
0
0
0
0
0
0
0
0
0