0
0
0
0
0
0
0
0
0
0
0
0
0
0
0
0
0
0
0
0
0
0
0
0
0
0
0
0
0
0
0
0
0
0
0
0
0
0
0
0
0
0
0
0
0
0
0
0
0
0
0
0
0
0
0
0
0
0
0
0
0
0
0
0
0
0
0
0
0
0
0
49
66
24
0
0
0
0
0
0
0
0
0
0
0
0
0
71
71
95
189
230
246
108
0
0
0
0
0
0
0
0
0
0
0
9
112
246
255
255
255
244
182
26
0
0
0
0
0
0
0
0
0
0
0
114
248
255
198
112
98
66
19
0
0
0
0
0
0
0
0
0
0
0
0
146
255
242
64
0
0
0
0
0
0
0
0
0
0
0
0
0
0
0
0
143
255
242
120
98
119
96
82
22
0
0
0
0
0
0
0
0
0
0
0
146
255
254
255
255
255
255
255
152
8
0
0
0
0
0
0
0
0
0
0
80
216
255
244
221
218
244
255
244
53
0
0
0
0
0
0
0
0
0
0
0
56
153
107
41
38
177
255
255
71
0
0
0
0
0
0
0
0
0
0
0
0
0
0
0
0
105
253
255
135
0
0
0
0
0
0
0
0
0
0
0
0
0
0
0
0
97
252
255
103
0
0
0
0
0
0
0
0
0
0
0
0
0
18
23
0
114
255
227
38
0
0
0
0
0
0
0
0
0
0
0
4
106
222
231
188
244
255
122
0
0
0
0
0
0
0
0
0
0
0
0
24
221
255
255
255
255
159
12
0
0
0
0
0
0
0
0
0
0
0
0
2
25
63
156
130
115
17
0
0
0
0
0
0
0
0
0
0
0
0
0
0
0
0
0
0
0
0
0
0
0
0
0
0
0
0
0
0
0
0
0
0
0
0
0
0
0
0
0
0
0
0
0
0
0