0
0
0
0
0
0
0
0
0
0
0
0
0
0
0
0
0
0
0
0
0
0
0
0
0
0
0
0
0
0
0
0
0
0
0
0
0
0
0
0
0
0
0
0
0
0
0
0
0
0
0
0
0
0
0
0
0
0
0
0
0
0
0
0
0
0
0
0
18
67
98
61
0
0
0
0
0
0
0
0
0
0
0
0
0
0
14
124
214
237
255
241
151
0
0
0
0
0
0
0
0
0
0
0
0
0
164
255
172
96
77
133
245
103
0
0
0
0
0
0
0
0
0
0
0
0
71
89
0
0
0
0
224
137
0
0
0
0
0
0
0
0
0
0
0
0
0
0
0
0
0
83
255
143
0
0
0
0
0
0
0
0
0
0
0
0
0
0
0
39
119
239
219
51
0
0
0
0
0
0
0
0
0
0
0
0
0
0
52
218
255
255
82
0
0
0
0
0
0
0
0
0
0
0
0
0
0
0
34
165
160
192
171
5
0
0
0
0
0
0
0
0
0
0
0
0
0
0
0
0
0
17
206
98
0
0
0
0
0
0
0
0
0
0
0
0
0
0
0
0
0
0
91
187
10
0
0
0
0
0
0
0
0
0
0
0
0
40
0
0
0
0
45
194
16
0
0
0
0
0
0
0
0
0
0
0
63
139
0
0
0
0
162
173
1
0
0
0
0
0
0
0
0
0
0
0
134
209
38
11
27
139
218
70
0
0
0
0
0
0
0
0
0
0
0
0
55
229
216
188
221
240
69
0
0
0
0
0
0
0
0
0
0
0
0
0
0
71
186
179
115
43
0
0
0
0
0
0
0
0
0
0
0
0
0
0
0
0
0
0
0
0
0
0
0
0
0
0
0
0
0
0
0
0
0
0
0
0
0
0
0
0
0
0
0
0
0
0
0
0