0
0
0
0
0
0
0
0
0
0
0
0
0
0
0
0
0
0
0
0
0
0
0
0
0
0
0
0
0
0
0
0
0
0
0
0
0
0
0
0
0
0
0
0
0
0
0
0
0
0
0
0
0
0
0
0
0
0
0
0
0
0
0
0
0
0
0
0
0
0
0
0
0
0
0
24
63
97
27
0
0
0
0
0
0
0
0
0
1
0
0
3
45
127
118
199
243
228
37
0
0
0
0
0
0
0
0
91
170
144
141
199
245
255
255
255
220
91
0
0
0
0
0
0
0
0
6
217
255
255
255
255
255
248
197
136
41
0
0
0
0
0
0
0
0
0
0
206
255
255
242
232
170
50
14
0
0
0
0
0
0
0
0
0
0
0
0
200
255
156
70
33
0
0
0
0
0
0
0
0
0
0
0
0
0
0
0
97
255
134
0
0
0
0
0
0
0
0
0
0
0
0
0
0
0
0
0
3
153
241
63
0
0
0
0
0
0
0
0
0
0
0
0
0
0
0
0
0
20
187
185
5
0
0
0
0
0
0
0
0
0
0
0
0
0
0
0
0
0
56
242
163
10
0
0
0
0
0
0
0
0
0
0
0
27
25
0
0
0
0
139
255
74
0
0
0
0
0
0
0
0
0
0
0
106
122
19
16
9
30
141
255
169
0
0
0
0
0
0
0
0
0
0
0
104
250
245
221
206
238
253
255
166
0
0
0
0
0
0
0
0
0
0
0
23
168
255
255
255
255
255
191
36
0
0
0
0
0
0
0
0
0
0
0
0
17
149
176
218
197
124
14
0
0
0
0
0
0
0
0
0
0
0
0
0
0
0
0
0
0
0
0
0
0
0
0
0
0
0
0
0
0
0
0
0
0
0
0
0
0
0
0
0
0
0
0
0
0
0
0