0
0
0
0
0
0
0
0
0
0
0
0
0
0
0
0
0
0
0
0
0
0
0
0
0
0
0
0
0
0
0
0
0
0
0
0
0
0
0
0
0
0
0
0
0
0
0
0
0
8
36
35
9
0
0
0
0
0
0
0
0
0
0
0
0
0
0
0
26
166
255
255
177
34
0
0
0
0
0
0
0
0
0
0
0
0
0
8
164
244
99
103
238
214
45
0
0
0
0
0
0
0
0
0
0
0
0
143
233
70
0
0
50
218
192
14
0
0
0
0
0
0
0
0
0
0
69
232
121
0
0
0
0
68
238
122
0
0
0
0
0
0
0
0
0
3
168
220
18
0
0
0
0
0
169
226
42
0
0
0
0
0
0
0
0
69
248
108
0
0
0
0
0
0
98
229
55
0
0
0
0
0
0
0
0
101
255
45
0
0
0
0
0
0
68
230
64
0
0
0
0
0
0
0
0
158
200
13
0
0
0
0
0
0
96
242
76
0
0
0
0
0
0
0
2
189
159
2
0
0
0
0
0
0
143
235
54
0
0
0
0
0
0
0
9
247
118
0
0
0
0
0
0
29
213
189
11
0
0
0
0
0
0
0
6
223
146
0
0
0
0
0
23
196
238
51
0
0
0
0
0
0
0
0
0
133
242
36
0
0
0
54
193
255
102
0
0
0
0
0
0
0
0
0
0
55
240
167
73
79
161
245
236
85
0
0
0
0
0
0
0
0
0
0
0
0
86
239
255
255
242
159
59
0
0
0
0
0
0
0
0
0
0
0
0
0
0
26
37
36
28
3
0
0
0
0
0
0
0
0
0
0
0
0
0
0
0
0
0
0
0
0
0
0
0
0
0
0
0
0
0
0
0
0
0
0
0
0
0
0
0
0
0
0
0
0
0
0
0
0