0
0
0
0
0
0
0
0
0
0
0
0
0
0
0
0
0
0
0
0
0
0
0
0
0
0
0
0
0
0
0
0
0
0
0
0
0
0
0
0
0
0
0
0
0
0
0
9
16
31
18
15
12
0
0
0
0
0
0
0
0
0
0
0
0
0
10
160
199
242
205
195
186
127
69
5
0
0
0
0
0
0
0
0
0
0
71
247
255
255
247
249
250
255
239
120
0
0
0
0
0
0
0
0
0
0
152
255
218
150
37
23
13
37
89
24
0
0
0
0
0
0
0
0
0
0
166
255
89
3
22
7
0
0
0
0
0
0
0
0
0
0
0
0
0
70
247
244
81
0
0
0
0
0
0
0
0
0
0
0
0
0
0
0
0
141
255
251
213
150
117
37
0
0
0
0
0
0
0
0
0
0
0
0
0
142
255
255
255
255
255
221
121
0
0
0
0
0
0
0
0
0
0
0
0
88
166
131
83
86
157
234
255
156
36
0
0
0
0
0
0
0
0
0
0
0
0
0
0
0
0
57
206
255
198
26
0
0
0
0
0
0
0
0
0
0
0
0
0
0
0
0
34
202
255
161
0
0
0
0
0
0
0
0
0
0
0
0
0
0
0
0
0
76
253
215
28
0
0
0
0
0
0
0
0
0
2
2
2
2
16
15
50
180
255
184
6
0
0
0
0
0
0
0
0
74
187
176
175
178
236
245
248
255
208
38
0
0
0
0
0
0
0
0
0
65
197
255
255
255
255
255
253
175
49
0
0
0
0
0
0
0
0
0
0
0
13
34
36
36
36
36
34
9
0
0
0
0
0
0
0
0
0
0
0
0
0
0
0
0
0
0
0
0
0
0
0
0
0
0
0
0
0
0
0
0
0
0
0
0
0
0
0
0
0
0
0
0
0
0