0
0
0
0
0
0
0
0
0
0
0
0
0
0
0
0
0
0
0
0
0
0
0
0
0
0
0
0
0
0
0
0
0
0
0
0
0
0
0
0
0
0
0
0
0
0
0
0
0
0
0
0
0
0
0
0
0
0
0
0
0
0
0
0
0
0
0
0
29
99
110
109
109
110
80
39
0
0
0
0
0
0
0
0
0
0
15
124
212
255
255
255
255
255
252
224
80
0
0
0
0
0
0
0
0
15
170
255
255
205
144
101
56
110
156
222
231
40
0
0
0
0
0
0
3
154
254
236
105
19
0
0
0
0
0
46
155
34
0
0
0
0
0
0
127
255
242
82
0
0
0
0
90
147
38
0
4
0
0
0
0
0
0
7
199
255
121
0
0
0
0
24
219
255
109
0
0
0
0
0
0
0
0
44
227
209
18
0
0
0
0
14
190
255
126
0
0
0
0
0
0
0
0
58
240
186
0
0
0
0
0
0
84
255
138
0
0
0
0
0
0
0
0
49
233
203
11
0
0
0
0
0
59
255
106
0
0
0
0
0
0
0
0
8
197
255
94
0
0
0
0
0
106
255
107
0
0
0
0
0
0
0
0
0
107
255
211
24
0
0
0
0
110
255
108
0
0
0
0
0
0
0
0
0
8
198
255
167
4
0
0
15
195
255
93
0
0
0
0
0
0
0
0
0
0
40
204
255
177
69
37
134
255
200
26
0
0
0
0
0
0
0
0
0
0
0
41
173
255
255
229
255
255
128
0
0
0
0
0
0
0
0
0
0
0
0
0
8
91
185
224
188
104
18
0
0
0
0
0
0
0
0
0
0
0
0
0
0
0
0
0
0
0
0
0
0
0
0
0
0
0
0
0
0
0
0
0
0
0
0
0
0
0
0
0
0
0
0
0
0