0
0
0
0
0
0
0
0
0
0
0
0
0
0
0
0
0
0
0
0
0
0
0
0
0
0
0
0
0
0
0
0
0
0
0
0
0
0
0
0
0
0
0
0
0
0
0
0
0
0
0
8
23
24
0
0
0
0
0
0
0
0
0
0
0
0
0
0
0
7
84
175
221
227
54
0
0
0
0
0
0
0
0
0
0
0
0
48
143
198
250
255
255
255
148
0
0
0
0
0
0
0
0
0
0
0
0
105
234
205
152
95
110
191
217
37
0
0
0
0
0
0
0
0
0
0
0
11
49
13
0
0
15
163
246
69
0
0
0
0
0
0
0
0
0
0
0
0
0
0
2
70
192
255
138
4
0
0
0
0
0
0
0
0
0
0
30
79
80
109
166
246
255
118
0
0
0
0
0
0
0
0
0
0
0
0
140
253
243
255
255
255
233
35
0
0
0
0
0
0
0
0
0
0
0
0
59
106
71
82
95
176
243
131
1
0
0
0
0
0
0
0
0
0
0
0
0
0
0
0
0
0
203
234
43
0
0
0
0
0
0
0
13
121
42
0
0
0
0
0
0
47
235
207
27
0
0
0
0
0
0
0
30
234
75
0
0
0
0
4
96
220
228
73
0
0
0
0
0
0
0
0
27
244
138
0
0
0
11
142
255
213
58
0
0
0
0
0
0
0
0
0
4
133
239
173
128
152
221
245
156
21
0
0
0
0
0
0
0
0
0
0
0
1
107
235
255
216
162
81
5
0
0
0
0
0
0
0
0
0
0
0
0
0
1
25
37
20
3
0
0
0
0
0
0
0
0
0
0
0
0
0
0
0
0
0
0
0
0
0
0
0
0
0
0
0
0
0
0
0
0
0
0
0
0
0
0
0
0
0
0
0
0
0
0
0
0
0
0
0