0
0
0
0
0
0
0
0
0
0
0
0
0
0
0
0
0
0
0
0
0
0
0
0
0
0
0
0
0
0
0
0
0
0
0
0
0
0
0
0
0
0
0
0
0
0
0
0
0
0
0
0
0
0
0
0
0
0
0
0
0
0
0
0
0
0
0
0
0
0
0
0
0
0
0
0
0
0
0
0
0
0
0
0
0
0
0
0
0
0
0
0
0
0
0
0
0
0
0
0
0
0
0
0
25
55
9
0
0
10
60
38
0
0
0
0
0
0
0
0
0
0
0
0
75
244
182
133
148
184
255
180
8
0
0
0
0
0
0
0
0
0
0
0
6
131
232
238
241
228
161
187
20
0
0
0
0
0
0
0
0
0
0
0
0
0
21
47
46
24
40
217
36
0
0
0
0
0
0
0
0
0
0
0
0
0
0
0
0
0
42
231
40
0
0
0
0
0
0
0
0
0
0
0
0
0
0
0
0
0
42
229
40
0
0
0
0
0
0
0
0
0
0
0
0
0
0
0
0
0
42
230
40
0
0
0
0
0
0
0
0
0
0
0
0
0
0
0
0
0
42
230
40
0
0
0
0
0
0
0
0
0
0
0
0
0
0
0
0
0
42
230
40
0
0
0
0
0
0
0
0
0
0
0
0
0
0
0
0
0
43
230
40
0
0
0
0
0
0
0
0
0
0
0
0
0
0
0
0
0
42
229
40
0
0
0
0
0
0
0
0
0
0
0
0
0
0
0
0
0
42
230
40
0
0
0
0
0
0
0
0
0
0
0
0
0
0
0
0
0
42
230
40
0
0
0
0
0
0
0
0
0
0
0
0
0
0
0
0
0
43
231
40
0
0
0
0
0
0
0
0
0
0
0
0
0
0
0
0
0
34
196
35
0
0
0
0
0
0
0