0
0
0
0
0
0
0
0
0
0
0
0
0
0
0
0
0
0
0
0
0
0
0
0
0
0
0
0
0
0
0
0
0
0
0
0
0
0
0
0
0
0
0
0
0
0
0
0
0
0
0
0
0
0
0
0
0
0
0
0
0
0
0
0
0
0
0
0
46
61
86
10
0
0
0
0
0
0
0
0
0
0
0
0
0
0
7
130
196
70
56
7
0
0
0
0
38
102
34
0
0
0
0
0
0
13
145
232
71
0
0
0
0
0
0
97
229
222
45
0
0
0
0
0
0
81
254
139
0
0
0
0
0
0
76
245
255
86
0
0
0
0
0
0
9
216
236
32
0
0
0
0
0
56
218
237
106
0
0
0
0
0
0
0
46
254
173
7
0
0
0
0
40
218
255
84
0
0
0
0
0
0
0
0
158
255
120
0
0
27
109
183
206
255
133
0
0
0
0
0
0
0
0
0
166
255
212
154
168
233
214
234
255
181
20
0
0
0
0
0
0
0
0
0
42
222
255
244
188
125
105
223
246
58
0
0
0
0
0
0
0
0
0
0
0
49
101
37
8
5
213
255
104
0
0
0
0
0
0
0
0
0
0
0
0
0
0
0
0
111
255
163
2
1
0
0
0
0
0
0
0
0
0
0
0
0
0
0
35
216
245
113
93
31
0
0
0
0
0
0
0
0
0
0
0
0
0
11
176
255
251
249
137
0
0
0
0
0
0
0
0
0
0
0
0
0
0
26
230
255
255
148
5
0
0
0
0
0
0
0
0
0
0
0
0
0
0
9
144
217
114
4
0
0
0
0
0
0
0
0
0
0
0
0
0
0
0
0
0
0
0
0
0
0
0
0
0
0
0
0
0
0
0
0
0
0
0
0
0
0
0
0
0
0
0
0
0
0
0
0