0
0
0
0
0
0
0
0
0
0
0
0
0
0
0
0
0
0
0
0
0
0
0
0
0
0
0
0
0
0
0
0
0
0
0
0
0
0
0
0
0
0
0
0
0
0
0
0
0
13
38
25
0
0
0
0
0
0
0
0
0
0
0
0
0
0
0
10
101
200
255
222
44
0
0
0
0
0
0
0
0
0
0
0
0
0
65
199
231
119
74
207
219
64
0
0
0
0
0
0
0
0
0
0
0
126
235
150
27
0
0
119
245
233
175
21
0
0
0
0
0
0
0
0
108
255
114
0
0
0
0
42
90
67
182
203
48
0
0
0
0
0
0
22
213
131
0
0
0
0
0
0
1
0
5
162
222
23
0
0
0
0
0
105
247
5
0
0
0
0
0
0
0
0
0
14
203
121
0
0
0
0
0
114
211
4
0
0
0
0
0
0
0
0
0
0
86
171
0
0
0
0
0
106
236
6
0
0
0
0
0
0
0
0
0
0
48
196
0
0
0
0
0
60
227
32
0
0
0
0
0
0
0
0
0
0
49
198
0
0
0
0
0
4
196
168
0
0
0
0
0
0
0
0
0
0
84
206
0
0
0
0
0
0
85
249
131
0
0
0
0
0
0
0
0
0
146
165
0
0
0
0
0
0
0
118
247
117
4
0
0
0
0
0
2
84
218
54
0
0
0
0
0
0
0
0
63
209
227
149
75
74
76
109
213
224
91
0
0
0
0
0
0
0
0
0
0
29
103
173
221
221
223
200
124
42
0
0
0
0
0
0
0
0
0
0
0
0
0
5
20
20
20
13
0
0
0
0
0
0
0
0
0
0
0
0
0
0
0
0
0
0
0
0
0
0
0
0
0
0
0
0
0
0
0
0
0
0
0
0
0
0
0
0
0
0
0
0
0
0