0
0
0
0
0
0
0
0
0
0
0
0
0
0
0
0
0
0
0
0
0
0
0
0
0
0
0
0
0
0
0
0
0
0
0
0
0
0
0
0
0
0
0
0
0
0
0
0
0
0
23
37
37
27
0
0
0
0
0
0
0
0
0
0
0
0
0
0
0
103
223
255
255
232
107
0
0
0
0
0
0
0
0
0
0
0
0
0
15
204
255
231
233
254
251
110
9
0
0
0
0
0
0
0
0
0
0
79
186
248
119
7
14
136
245
254
104
0
0
0
0
0
0
0
0
0
0
93
253
249
52
0
0
18
207
255
170
7
0
0
0
0
0
0
0
0
0
0
89
240
215
54
23
151
239
255
161
4
0
0
0
0
0
0
0
0
0
0
0
147
255
217
205
255
255
205
57
0
0
0
0
0
0
0
0
0
0
7
99
220
253
255
255
213
142
35
0
0
0
0
0
0
0
0
3
57
122
234
255
255
253
255
172
8
0
0
0
0
0
0
0
0
0
2
118
245
255
253
193
125
245
255
127
0
0
0
0
0
0
0
0
0
0
118
252
255
195
79
8
18
243
255
133
0
0
0
0
0
0
0
0
0
24
225
251
126
26
0
16
171
255
255
103
0
0
0
0
0
0
0
0
0
16
198
246
49
0
52
148
250
255
181
20
0
0
0
0
0
0
0
0
0
3
150
255
240
231
242
255
255
202
39
0
0
0
0
0
0
0
0
0
0
0
40
159
255
255
255
230
168
44
0
0
0
0
0
0
0
0
0
0
0
0
0
6
35
36
37
27
7
0
0
0
0
0
0
0
0
0
0
0
0
0
0
0
0
0
0
0
0
0
0
0
0
0
0
0
0
0
0
0
0
0
0
0
0
0
0
0
0
0
0
0
0
0
0
0
0
0
0