0
0
0
0
0
0
0
0
0
0
0
0
0
0
0
0
0
0
0
0
0
0
0
0
0
0
0
0
0
0
0
0
0
0
0
0
0
0
0
0
0
0
0
0
0
0
0
0
0
0
0
0
35
26
0
0
0
0
0
0
0
0
0
0
0
0
0
0
0
0
22
143
255
132
0
0
0
0
0
0
0
0
0
0
0
0
0
0
0
40
201
255
188
43
0
0
0
0
0
0
0
0
0
0
0
0
0
0
23
186
255
206
44
193
184
21
0
0
0
0
0
0
0
0
0
0
0
0
116
255
233
65
2
160
255
81
0
0
0
0
0
0
0
0
0
0
0
49
234
255
143
0
0
62
232
84
0
0
0
0
0
0
0
0
0
0
0
137
255
219
28
0
0
9
194
88
0
0
0
0
0
0
0
0
0
0
58
231
255
141
0
0
0
4
191
89
0
0
0
0
0
0
0
0
0
0
131
255
210
37
0
0
0
65
230
84
0
0
0
0
0
0
0
0
0
10
173
255
136
0
0
0
0
126
255
82
0
0
0
0
0
0
0
0
0
27
205
253
87
0
0
0
0
152
255
62
0
0
0
0
0
0
0
0
0
35
217
240
48
0
0
0
67
242
183
1
0
0
0
0
0
0
0
0
0
17
190
255
128
5
12
92
229
224
52
0
0
0
0
0
0
0
0
0
0
0
114
255
255
198
203
255
211
55
0
0
0
0
0
0
0
0
0
0
0
0
19
119
211
255
250
151
35
0
0
0
0
0
0
0
0
0
0
0
0
0
0
0
20
36
32
4
0
0
0
0
0
0
0
0
0
0
0
0
0
0
0
0
0
0
0
0
0
0
0
0
0
0
0
0
0
0
0
0
0
0
0
0
0
0
0
0
0
0
0
0
0
0
0
0