0
0
0
0
0
0
0
0
0
0
0
0
0
0
0
0
0
0
0
0
0
0
0
0
0
0
0
0
0
0
0
0
0
0
0
0
0
0
0
0
0
0
0
0
0
0
0
0
0
0
0
0
0
0
0
0
0
0
0
0
0
0
0
0
0
0
0
0
0
0
0
0
0
0
0
0
0
0
0
0
0
0
0
0
0
0
0
0
0
0
4
2
0
5
2
0
0
0
0
0
0
0
0
0
2
20
39
72
136
157
202
177
158
207
93
0
0
0
0
0
0
0
0
0
106
199
226
255
255
255
217
221
208
241
174
0
0
0
0
0
0
0
0
0
154
253
203
162
112
57
26
28
18
159
231
14
0
0
0
0
0
0
0
0
20
56
11
0
0
0
0
0
0
139
255
69
0
0
0
0
0
0
0
0
0
0
0
0
0
0
0
0
8
172
222
39
0
0
0
0
0
0
0
0
0
0
0
0
0
0
0
0
107
255
119
0
0
0
0
0
0
0
0
0
0
0
0
0
0
0
0
24
225
190
31
0
0
0
0
0
0
0
0
0
0
0
0
0
0
0
15
181
255
96
0
0
0
0
0
0
0
0
0
0
0
0
0
0
0
0
82
247
192
14
0
0
0
0
0
0
0
0
0
0
0
0
0
0
0
1
213
254
68
0
0
0
0
0
0
0
0
0
0
0
0
0
0
0
0
69
255
177
21
0
0
0
0
0
0
0
0
0
0
0
0
0
0
0
73
229
181
34
0
0
0
0
0
0
0
0
0
0
0
0
0
0
0
112
249
224
18
0
0
0
0
0
0
0
0
0
0
0
0
0
0
0
2
191
246
64
0
0
0
0
0
0
0
0
0
0
0
0
0
0
0
0
3
57
52
2
0
0
0
0
0
0
0
0
0
0