0
0
0
0
0
0
0
0
0
0
0
0
0
0
0
0
0
0
0
0
0
0
0
0
0
0
0
0
0
0
0
0
0
0
0
0
0
0
0
0
0
0
0
0
0
0
0
0
0
0
0
0
0
0
0
0
0
0
0
0
0
0
0
0
0
0
0
0
0
0
0
0
0
0
0
0
0
0
0
0
0
0
0
0
0
0
0
0
0
0
11
12
0
0
0
0
0
0
0
0
0
0
0
0
0
0
0
0
4
113
215
219
76
0
0
0
0
0
0
0
0
0
0
0
0
0
0
0
109
215
77
87
201
78
5
0
0
0
0
0
0
0
0
0
0
0
0
37
204
61
0
0
226
153
3
0
0
0
0
0
0
0
0
0
0
0
0
142
155
0
0
62
195
28
0
0
0
0
0
0
0
0
0
0
0
0
0
176
137
0
54
219
105
0
0
0
0
0
0
0
0
0
0
0
0
0
0
73
193
180
227
217
19
0
0
0
0
0
0
0
0
0
0
0
0
0
0
0
29
41
175
124
0
0
0
0
0
0
0
0
0
0
0
0
0
0
0
0
0
30
194
36
0
0
0
0
0
0
0
0
0
0
0
0
0
0
0
0
0
122
146
0
0
0
0
0
0
0
0
0
0
0
0
0
0
0
0
0
22
188
49
0
0
0
0
0
0
0
0
0
0
0
0
0
0
0
0
0
109
173
0
0
0
0
0
0
0
0
0
0
0
0
0
0
0
0
0
8
169
96
0
0
0
0
0
0
0
0
0
0
0
0
0
0
0
0
0
37
204
36
0
0
0
0
0
0
0
0
0
0
0
0
0
0
0
0
0
73
187
9
0
0
0
0
0
0
0
0
0
0
0
0
0
0
0
0
0
22
48
1
0
0
0
0
0
0
0
0
0
0