0
0
0
0
0
0
0
0
0
0
0
0
0
0
0
0
0
0
0
0
0
0
0
0
0
0
0
0
0
0
0
0
0
0
0
0
0
0
0
0
0
0
0
0
0
0
0
0
0
0
0
0
0
0
0
0
0
0
0
0
0
0
0
0
0
0
0
0
0
0
0
0
0
40
107
52
0
0
0
0
0
0
0
0
0
0
0
0
0
0
0
0
14
198
255
126
0
0
0
0
0
0
0
0
0
0
0
0
0
0
0
22
136
255
241
45
0
0
0
0
0
0
0
0
0
0
0
0
0
0
0
135
255
255
124
0
0
0
0
0
0
0
0
0
0
0
0
0
0
0
21
191
255
232
42
0
0
0
0
0
0
0
0
0
0
0
0
0
0
0
132
255
243
83
0
0
0
0
0
0
0
0
0
0
0
0
0
0
0
77
236
255
204
4
0
0
0
0
0
0
0
0
0
0
1
11
0
0
10
200
255
186
45
0
0
0
0
0
0
0
0
0
0
3
17
27
0
0
112
245
221
61
0
0
0
0
0
0
0
0
0
0
0
18
57
4
0
93
249
255
99
0
0
0
0
0
0
0
0
0
0
0
0
0
0
0
15
200
255
196
1
0
0
0
0
0
0
0
0
0
0
0
0
0
0
0
85
250
238
61
0
0
0
0
0
0
0
0
0
0
0
0
0
0
0
4
154
255
181
22
0
0
0
0
0
0
0
0
0
0
0
0
0
0
0
10
178
255
133
24
0
0
0
0
0
0
0
0
0
0
0
0
0
0
0
0
98
189
12
0
0
0
0
0
0
0
0
0
0
0
0
0
0
0
0
0
0
0
0
0
0
0
0
0
0
0
0
0
0
0
0
0
0
0
0
0
0
0
0
0
0
0
0
0
0
0
0
0
0
0