0
0
0
0
0
0
0
0
0
0
0
0
0
0
0
0
0
0
0
0
0
0
0
0
0
0
0
0
0
0
0
0
0
0
0
0
0
0
0
0
0
0
0
0
0
0
0
0
0
0
0
0
0
0
0
0
0
0
0
0
0
0
0
0
0
0
0
34
85
84
63
35
13
0
0
0
0
0
0
0
0
0
0
0
0
0
111
217
240
239
230
217
201
112
37
0
0
0
0
0
0
0
0
0
0
91
255
121
6
12
53
106
178
255
206
38
0
0
0
0
0
0
0
0
0
141
255
108
0
0
0
0
0
113
251
201
20
0
0
0
0
0
0
0
0
56
246
247
112
3
0
0
0
0
58
150
67
0
0
0
0
0
0
0
0
0
92
250
255
158
66
9
51
101
66
41
12
0
0
0
0
0
0
0
0
0
0
63
192
255
245
201
236
201
39
0
0
0
0
0
0
0
0
0
0
0
0
2
129
248
246
247
255
214
74
0
0
0
0
0
0
0
0
0
0
0
39
178
255
197
69
64
130
247
231
41
0
0
0
0
0
0
0
0
0
28
207
233
82
11
0
0
0
147
255
59
0
0
0
0
0
0
0
0
0
132
212
40
0
0
0
0
0
118
255
53
0
0
0
0
0
0
0
0
4
206
136
0
0
0
0
0
9
199
224
10
0
0
0
0
0
0
0
0
9
246
209
60
17
14
19
40
126
247
104
0
0
0
0
0
0
0
0
0
3
178
255
243
198
190
197
236
218
100
3
0
0
0
0
0
0
0
0
0
0
12
67
164
229
225
166
95
18
0
0
0
0
0
0
0
0
0
0
0
0
0
0
0
0
0
0
0
0
0
0
0
0
0
0
0
0
0
0
0
0
0
0
0
0
0
0
0
0
0
0
0
0
0
0
0