0
0
0
0
0
0
0
0
0
0
0
0
0
0
0
0
0
0
0
0
0
0
0
0
0
0
0
0
0
0
0
0
0
0
0
0
0
0
0
0
0
0
0
0
0
0
0
0
0
0
0
10
142
34
0
0
0
0
0
0
0
0
0
0
0
0
0
0
0
0
32
156
217
24
0
0
0
0
0
0
0
0
0
0
0
0
0
0
0
15
178
254
84
0
0
0
0
0
0
0
0
0
0
0
0
0
0
0
0
138
255
187
7
0
0
0
0
0
0
0
0
0
0
0
0
0
0
0
3
185
251
96
0
0
0
0
0
0
0
0
0
0
0
0
0
0
0
0
68
242
152
0
0
0
0
0
0
0
0
0
0
0
0
0
0
0
0
0
105
255
131
0
0
0
0
0
0
0
0
0
0
0
0
0
0
0
0
0
148
255
184
17
0
0
0
0
0
0
0
0
0
0
0
0
0
0
0
19
200
255
249
154
13
0
0
0
0
0
0
0
0
0
0
0
0
0
0
21
208
210
135
243
124
0
0
0
0
0
0
0
0
0
0
0
0
0
0
11
189
179
48
241
213
0
0
0
0
0
0
0
0
0
0
0
0
0
0
12
189
225
104
233
221
0
0
0
0
0
0
0
0
0
0
0
0
0
0
12
188
255
220
247
163
0
0
0
0
0
0
0
0
0
0
0
0
0
0
0
101
250
255
246
51
0
0
0
0
0
0
0
0
0
0
0
0
0
0
0
0
78
114
82
4
0
0
0
0
0
0
0
0
0
0
0
0
0
0
0
0
0
0
0
0
0
0
0
0
0
0
0
0
0
0
0
0
0
0
0
0
0
0
0
0
0
0
0
0
0
0
0
0
0
0
0
0
0
0
0
0
0
0
0
0
0
0
0
0
0
0
0