0
0
0
0
0
0
0
0
0
0
0
0
0
0
0
0
0
0
0
0
0
0
0
0
0
0
0
0
0
0
0
0
0
0
0
0
0
0
0
0
0
0
0
0
0
0
0
0
0
0
0
1
26
20
0
0
0
0
0
0
0
0
0
0
0
0
0
0
0
0
0
88
240
169
5
0
0
0
0
0
0
0
0
0
0
0
0
0
0
0
15
191
255
162
9
0
0
0
0
0
0
0
0
0
0
0
0
0
0
0
132
255
216
28
0
0
0
0
0
0
0
0
0
0
0
0
0
0
0
39
218
255
190
0
0
0
0
0
0
0
0
0
0
0
0
0
0
0
0
85
254
255
183
0
0
0
0
0
0
0
0
0
0
0
0
0
0
0
0
83
251
255
83
0
0
0
0
0
0
0
0
0
0
0
0
0
0
0
0
112
255
198
14
0
0
0
0
0
0
0
0
0
0
0
0
0
0
0
35
209
255
150
0
0
0
0
0
0
0
0
0
0
0
0
0
0
0
0
97
255
235
59
0
0
0
0
0
0
0
0
0
0
0
0
0
0
0
22
197
255
184
0
1
0
0
0
0
0
0
0
0
0
0
0
0
0
0
80
255
255
224
116
12
0
0
0
0
0
0
0
0
0
0
0
0
0
0
89
255
254
255
133
0
0
0
0
0
0
0
0
0
0
0
0
0
0
0
89
255
252
151
5
0
0
0
0
0
0
0
0
0
0
0
0
0
0
0
74
248
153
2
0
0
0
0
0
0
0
0
0
0
0
0
0
0
0
0
7
31
10
0
0
0
0
0
0
0
0
0
0
0
0
0
0
0
0
0
0
0
0
0
0
0
0
0
0
0
0
0
0
0
0
0
0
0
0
0
0
0
0
0
0
0
0
0
0
0
0
0
0