0
0
0
0
0
0
0
0
0
0
0
0
0
0
0
0
0
0
0
0
0
0
0
0
0
0
0
0
0
0
0
0
0
0
0
0
0
0
0
0
0
0
0
0
0
0
0
0
0
0
0
24
36
9
0
0
0
0
0
0
0
0
0
0
0
0
0
0
0
0
60
228
250
66
0
0
0
0
0
0
0
0
0
0
0
0
0
0
0
0
136
255
240
67
0
0
0
0
0
0
0
0
0
0
0
0
0
0
0
10
212
255
233
52
0
0
0
0
0
0
0
0
0
0
0
0
0
0
0
80
251
233
151
2
0
0
0
0
0
0
0
0
0
0
0
0
0
0
0
164
255
112
1
0
0
0
0
0
0
0
0
0
0
0
0
0
0
0
27
211
255
97
0
0
0
0
0
0
0
0
0
0
0
0
0
0
0
0
73
246
227
49
0
0
0
0
0
0
0
0
0
0
0
0
0
0
0
0
94
255
163
0
0
0
0
0
0
0
0
0
0
0
0
0
0
0
0
19
173
255
223
133
14
0
0
0
0
0
0
0
0
0
0
0
0
0
30
187
255
252
253
255
66
0
0
0
0
0
0
0
0
0
0
0
0
0
112
255
255
248
207
255
72
0
0
0
0
0
0
0
0
0
0
0
0
0
38
130
217
255
239
247
56
0
0
0
0
0
0
0
0
0
0
0
0
0
0
0
151
255
255
173
8
0
0
0
0
0
0
0
0
0
0
0
0
0
0
0
67
240
224
64
0
0
0
0
0
0
0
0
0
0
0
0
0
0
0
0
0
28
23
0
0
0
0
0
0
0
0
0
0
0
0
0
0
0
0
0
0
0
0
0
0
0
0
0
0
0
0
0
0
0
0
0
0
0
0
0
0
0
0
0
0
0
0
0
0
0
0
0