0
0
0
0
0
0
0
0
0
0
0
0
0
0
0
0
0
0
0
0
0
0
0
0
0
0
0
0
0
0
0
26
114
69
0
0
0
0
0
0
0
0
0
0
0
0
0
0
0
0
43
203
255
164
3
0
0
0
0
0
0
0
0
0
0
0
0
0
0
11
173
255
190
40
0
0
0
0
0
0
0
0
0
0
0
0
0
0
0
96
255
225
53
0
0
0
0
0
0
0
0
0
0
0
0
0
0
0
33
214
255
104
0
0
0
0
0
0
0
0
0
0
0
0
0
0
0
3
143
253
182
26
0
0
0
0
0
0
0
0
0
0
0
0
0
0
0
108
249
248
49
0
0
15
37
29
5
0
0
0
0
0
0
0
0
0
60
238
255
186
0
0
56
199
255
242
144
17
0
0
0
0
0
0
0
0
118
255
230
72
16
138
233
255
175
219
253
54
0
0
0
0
0
0
0
43
209
248
80
0
134
251
164
38
46
226
212
24
0
0
0
0
0
0
17
175
255
175
7
86
247
136
7
108
214
255
94
0
0
0
0
0
0
0
72
253
238
69
29
215
236
143
192
255
221
101
8
0
0
0
0
0
0
0
143
255
212
86
163
255
255
255
255
164
30
0
0
0
0
0
0
0
0
0
85
255
255
255
255
255
255
181
69
9
0
0
0
0
0
0
0
0
0
0
5
126
182
186
182
132
87
15
0
0
0
0
0
0
0
0
0
0
0
0
0
0
0
0
0
0
0
0
0
0
0
0
0
0
0
0
0
0
0
0
0
0
0
0
0
0
0
0
0
0
0
0
0
0
0
0
0
0
0
0
0
0
0
0
0
0
0
0
0
0
0
0
0
0
0
0
0
0
0
0
0
0
0
0
0
0
0
0
0
0
0
0
0
0
0
0