0
0
0
0
0
0
0
0
0
0
0
0
0
0
0
0
0
0
0
0
0
0
0
0
0
0
0
0
0
0
0
0
0
0
0
0
0
0
0
0
0
0
0
0
0
0
0
0
0
160
228
189
109
33
0
0
0
0
0
0
0
0
0
0
0
0
0
0
0
160
255
255
255
217
151
51
0
0
0
0
0
0
0
0
0
0
0
0
0
25
107
161
191
255
255
171
10
0
0
0
0
0
0
0
0
0
0
0
0
0
0
0
16
140
241
255
99
0
0
0
0
0
0
0
0
0
0
0
0
0
0
0
0
24
206
255
108
0
0
0
0
0
0
0
0
0
0
0
0
0
0
0
0
74
236
255
110
0
0
0
0
0
0
0
0
0
0
0
0
0
0
0
2
172
255
223
59
0
0
0
0
0
0
0
0
0
0
6
0
0
0
0
106
249
255
157
0
0
0
0
0
0
0
0
9
71
143
209
159
107
108
136
239
255
204
82
0
0
0
0
0
0
0
32
157
244
255
255
255
255
255
255
253
255
114
0
0
0
0
0
0
0
59
213
255
244
145
79
231
254
255
255
255
255
225
47
0
0
0
0
0
0
205
255
254
209
131
157
249
255
236
151
154
248
255
136
0
0
0
0
0
0
187
255
255
255
255
255
255
197
70
0
11
194
255
152
0
0
0
0
0
0
32
160
212
218
197
155
98
11
0
0
0
42
203
239
62
0
0
0
0
0
0
3
34
39
23
0
0
0
0
0
0
0
42
116
49
0
0
0
0
0
0
0
0
0
0
0
0
0
0
0
0
0
0
0
0
0
0
0
0
0
0
0
0
0
0
0
0
0
0
0
0
0
0
0
0
0
0
0
0
0
0
0
0
0
0
0
0
0
0
0
0
0
0
0
0
0
0
0