0
0
0
0
0
0
0
0
0
0
0
0
0
0
0
0
0
0
0
0
0
0
0
0
0
0
0
0
0
0
0
0
0
0
0
0
0
0
0
0
0
0
0
0
0
0
0
0
0
0
0
0
6
38
8
0
0
0
0
0
0
0
0
0
0
0
0
0
0
0
0
33
161
255
69
0
0
0
0
0
0
0
0
0
0
0
0
0
11
83
151
224
255
244
205
48
0
0
0
0
0
0
0
0
0
0
0
5
160
255
244
179
73
84
240
78
0
0
0
0
0
0
0
0
0
0
0
0
93
141
66
0
6
149
242
82
0
0
0
0
0
0
0
0
0
0
0
0
0
14
36
63
186
250
147
12
0
0
0
0
0
0
0
0
0
0
0
0
49
199
255
255
251
111
0
0
0
0
0
0
0
0
0
0
0
0
0
0
70
176
167
193
238
62
0
0
0
0
0
0
0
0
0
0
0
0
0
0
0
1
0
104
247
98
0
0
0
0
0
0
0
0
0
0
0
10
0
0
0
0
0
64
240
121
0
0
0
0
0
0
0
0
8
131
208
153
4
0
0
0
0
124
231
26
0
0
0
0
0
0
0
0
8
178
255
90
0
0
0
0
79
227
171
0
0
0
0
0
0
0
0
0
0
52
206
193
47
0
0
58
240
221
31
0
0
0
0
0
0
0
0
0
0
0
35
186
231
137
144
226
215
64
0
0
0
0
0
0
0
0
0
0
0
0
0
26
150
233
239
164
35
0
0
0
0
0
0
0
0
0
0
0
0
0
0
0
7
24
27
6
0
0
0
0
0
0
0
0
0
0
0
0
0
0
0
0
0
0
0
0
0
0
0
0
0
0
0
0
0
0
0
0
0
0
0
0
0
0
0
0
0
0
0
0
0
0
0
0
0
0