0
0
0
0
0
0
0
0
0
0
0
0
0
0
0
0
0
0
0
0
0
0
0
0
0
0
0
0
0
0
0
0
0
0
0
0
0
0
0
0
0
0
0
0
0
0
0
0
0
0
0
0
13
6
0
0
0
0
0
0
0
0
0
0
0
0
0
0
35
57
71
141
187
168
91
0
0
0
0
0
0
0
0
0
0
0
0
51
211
235
247
255
255
255
246
70
0
0
0
0
0
0
0
0
0
0
2
170
255
211
188
147
119
203
255
131
0
0
0
0
0
0
0
0
0
0
0
137
187
43
8
0
0
97
255
144
0
0
0
0
0
0
0
0
0
0
0
7
12
0
0
0
0
139
255
126
0
0
0
0
0
0
0
0
0
0
0
0
0
0
0
0
41
239
244
64
0
0
0
0
0
0
0
0
0
0
0
0
0
0
0
0
150
255
202
6
0
0
0
0
0
0
0
0
0
8
54
128
83
26
0
107
254
249
117
0
0
0
0
0
0
0
0
0
47
175
240
255
255
195
116
233
255
156
1
0
0
0
0
0
0
0
0
15
192
255
211
180
239
255
252
255
228
80
21
22
23
13
0
0
0
0
0
101
255
197
43
68
217
255
255
255
255
247
222
222
230
146
0
0
0
0
0
113
255
233
201
242
255
228
133
127
182
187
189
147
106
55
0
0
0
0
0
80
229
255
255
205
147
49
0
0
3
3
3
0
0
0
0
0
0
0
0
0
42
101
93
18
0
0
0
0
0
0
0
0
0
0
0
0
0
0
0
0
0
0
0
0
0
0
0
0
0
0
0
0
0
0
0
0
0
0
0
0
0
0
0
0
0
0
0
0
0
0
0
0
0
0
0
0
0
0
0
0
0
0
0
0
0
0
0
0
0
0
0
0
0
0
0
0