0
0
0
0
0
0
0
0
0
0
0
0
0
0
0
0
0
0
0
0
0
0
0
0
0
0
0
0
0
0
0
0
0
0
0
0
0
0
0
0
0
0
0
0
0
0
0
0
7
86
218
171
13
0
0
0
0
0
0
0
0
0
0
0
0
0
0
0
19
207
255
222
38
0
0
0
0
0
0
0
0
0
0
0
0
0
0
0
28
211
255
215
30
0
0
0
0
0
0
0
0
0
0
0
0
0
0
17
167
255
250
160
10
0
0
0
0
0
0
0
0
0
0
0
0
0
0
67
255
255
183
18
0
0
0
0
0
0
0
0
0
0
0
0
0
0
0
114
255
255
137
10
16
0
0
0
0
0
0
0
0
0
0
0
0
0
63
234
255
253
225
199
197
132
31
0
0
0
0
0
0
0
0
0
0
0
145
255
253
252
255
255
255
255
139
0
0
0
0
0
0
0
0
0
0
0
162
255
252
253
254
253
252
255
208
18
0
0
0
0
0
0
0
0
0
0
160
255
253
252
230
243
254
255
226
25
0
0
0
0
0
0
0
0
0
0
160
255
253
252
234
245
253
255
156
1
0
0
0
0
0
0
0
0
0
0
163
255
252
253
253
254
255
214
60
0
0
0
0
0
0
0
0
0
0
0
117
255
255
254
255
255
239
91
0
0
0
0
0
0
0
0
0
0
0
0
1
123
231
251
226
115
25
2
0
0
0
0
0
0
0
0
0
0
0
0
0
2
52
84
61
0
0
0
0
0
0
0
0
0
0
0
0
0
0
0
0
0
0
0
0
0
0
0
0
0
0
0
0
0
0
0
0
0
0
0
0
0
0
0
0
0
0
0
0
0
0
0
0
0
0
0
0
0
0
0
0
0
0
0
0
0
0
0
0
0
0
0
0
0