0
0
0
0
0
0
0
0
0
0
0
0
0
0
0
0
0
0
0
0
0
0
0
0
0
0
0
0
0
0
0
0
0
0
0
0
0
0
0
0
0
0
0
0
0
0
0
0
0
0
0
0
0
0
0
0
0
0
0
0
0
0
0
0
0
0
0
0
69
112
112
76
36
0
0
0
0
0
0
0
0
0
0
0
0
0
34
148
242
255
255
244
222
140
14
0
0
0
0
0
0
0
0
0
0
35
192
255
204
111
37
118
235
250
141
11
0
0
0
0
0
0
0
0
2
171
255
203
42
0
0
0
70
230
255
73
0
0
0
0
0
0
0
0
8
228
233
48
0
0
0
0
3
170
255
188
24
0
0
0
0
0
0
0
8
228
219
20
0
0
0
32
152
238
255
251
85
0
0
0
0
0
0
0
8
228
251
187
142
183
190
220
255
249
249
255
95
0
0
0
0
0
0
0
0
138
234
255
255
255
255
221
174
89
207
255
95
0
0
0
0
0
0
0
0
4
57
110
117
118
99
34
0
11
203
255
96
0
0
0
0
0
0
0
0
0
0
0
0
0
0
0
0
85
242
243
68
0
0
0
0
0
0
0
0
91
151
33
0
0
0
0
56
232
255
148
6
0
0
0
0
0
0
0
5
212
255
78
0
0
0
46
205
255
208
29
0
0
0
0
0
0
0
0
0
148
255
132
33
61
120
229
255
191
48
0
0
0
0
0
0
0
0
0
0
38
209
255
223
243
255
240
138
21
0
0
0
0
0
0
0
0
0
0
0
0
58
188
223
221
194
64
0
0
0
0
0
0
0
0
0
0
0
0
0
0
0
0
0
0
0
0
0
0
0
0
0
0
0
0
0
0
0
0
0
0
0
0
0
0
0
0
0
0
0
0
0
0
0
0