0
0
0
0
0
0
0
0
0
0
0
0
0
0
0
0
0
0
0
0
0
0
0
0
0
0
0
0
0
0
0
0
0
0
0
0
0
0
0
0
0
0
0
0
0
0
0
16
178
220
144
67
5
0
0
0
0
0
0
0
0
0
0
0
0
0
0
6
91
153
206
242
168
28
0
0
0
0
0
0
0
0
0
0
0
0
0
0
0
0
23
80
213
172
16
0
0
0
0
0
0
0
0
0
0
0
0
0
0
0
0
0
65
247
80
0
0
0
0
0
0
0
0
0
0
0
0
0
0
0
0
0
10
200
138
0
0
0
0
0
0
0
0
0
0
0
0
0
0
0
0
0
40
232
177
2
0
0
0
0
0
0
0
0
0
0
0
0
0
0
0
0
122
255
100
0
0
0
0
0
0
0
0
0
0
0
0
0
0
5
29
74
221
207
33
0
0
0
0
0
0
0
0
0
0
0
0
58
136
199
237
250
255
201
28
0
0
0
0
0
0
0
0
0
0
24
137
238
163
128
212
255
180
231
116
0
0
0
0
0
0
0
0
0
58
211
231
74
0
124
249
144
7
151
163
0
0
0
0
0
0
0
0
19
193
219
62
21
156
252
147
13
8
175
91
0
0
0
0
0
0
0
0
85
254
129
80
214
255
142
4
0
14
68
8
0
0
0
0
0
0
0
0
28
186
255
243
196
87
4
0
0
0
0
0
0
0
0
0
0
0
0
0
0
31
102
78
13
0
0
0
0
0
0
0
0
0
0
0
0
0
0
0
0
0
0
0
0
0
0
0
0
0
0
0
0
0
0
0
0
0
0
0
0
0
0
0
0
0
0
0
0
0
0
0
0
0
0
0
0
0
0
0
0
0
0
0
0
0
0
0
0
0
0
0
0
0
0
0
0