0
0
0
0
0
0
0
0
0
0
0
0
0
0
0
0
0
0
0
0
0
0
0
0
0
0
0
0
0
0
0
0
0
0
0
0
0
0
0
0
0
0
0
0
0
0
0
0
0
1
28
23
0
0
0
0
0
0
0
0
0
0
0
0
0
0
0
0
0
106
237
217
141
60
0
0
0
0
0
0
0
0
0
0
0
0
0
0
28
218
255
255
255
202
30
0
0
0
0
0
0
0
0
0
0
0
0
0
22
175
255
219
212
255
99
0
0
0
0
0
0
0
0
0
0
0
0
0
0
59
99
36
130
255
125
0
0
0
0
0
0
0
0
0
0
0
0
0
0
28
44
149
239
255
142
0
0
0
0
0
0
0
0
0
0
0
23
69
135
215
245
255
255
249
112
0
0
0
0
0
0
0
0
0
0
33
188
240
255
255
255
255
255
183
13
0
0
0
0
0
0
0
0
0
0
49
238
255
255
255
214
186
246
138
0
0
0
0
0
0
0
0
0
0
0
28
202
239
192
114
30
10
224
227
40
0
0
0
0
0
0
0
0
0
11
135
90
24
13
0
0
107
251
233
47
0
0
0
0
0
0
0
0
0
36
254
169
8
0
4
87
233
255
192
22
0
0
0
0
0
0
0
0
0
34
246
254
175
157
179
235
255
245
97
0
0
0
0
0
0
0
0
0
0
2
137
255
255
255
255
255
194
60
1
0
0
0
0
0
0
0
0
0
0
0
20
151
242
255
231
143
38
0
0
0
0
0
0
0
0
0
0
0
0
0
0
5
30
37
27
0
0
0
0
0
0
0
0
0
0
0
0
0
0
0
0
0
0
0
0
0
0
0
0
0
0
0
0
0
0
0
0
0
0
0
0
0
0
0
0
0
0
0
0
0
0
0
0
0
0