0
0
0
0
0
0
0
0
0
0
0
0
0
0
0
0
0
0
0
0
0
0
0
0
0
0
0
0
0
0
0
0
0
0
0
0
0
0
0
0
0
0
0
0
0
0
0
0
0
0
0
0
0
0
0
0
0
0
0
0
0
0
0
0
0
0
0
0
0
0
0
0
0
0
0
0
0
0
0
0
0
0
0
0
0
0
0
0
0
0
0
9
9
0
0
0
0
0
0
0
0
0
0
0
0
0
0
0
0
48
151
223
228
51
0
0
0
0
0
0
0
0
0
0
0
0
0
6
120
212
172
99
219
126
0
0
0
0
0
0
0
0
0
0
0
2
78
203
203
78
2
0
203
137
0
0
0
0
0
0
0
0
0
4
38
159
239
148
22
0
0
0
199
116
0
0
0
0
0
0
0
0
0
72
209
153
56
1
0
0
0
0
184
71
0
0
0
0
0
0
0
0
0
14
32
1
0
0
0
0
0
19
198
66
0
0
0
0
0
0
0
0
0
0
0
0
0
0
0
0
0
38
212
67
0
0
0
0
0
0
0
0
0
0
0
0
0
0
0
0
0
55
219
57
0
0
0
0
0
0
0
0
0
0
0
0
0
0
0
0
0
139
223
0
0
0
0
0
0
0
0
0
0
0
0
0
0
0
0
0
13
190
150
0
0
0
0
0
0
0
0
0
0
0
0
0
0
0
0
0
62
251
59
0
0
0
0
0
0
0
0
0
0
0
0
0
0
0
0
0
138
239
35
0
0
0
0
0
0
0
0
0
0
0
0
0
0
0
0
2
178
212
18
0
0
0
0
0
0
0
0
0
0
0
0
0
0
0
0
6
211
151
2
0
0
0
0
0
0
0
0
0
0
0
0
0
0
0
0
2
57
20
0
0
0
0
0
0
0
0