0
0
0
0
0
0
0
0
0
0
0
0
0
0
0
0
0
0
0
0
0
0
0
0
0
0
0
0
0
0
0
0
0
0
0
0
0
0
0
0
0
0
0
0
0
0
0
0
0
0
0
0
0
0
0
0
0
0
0
0
0
0
0
0
0
0
0
0
0
0
0
0
0
0
0
0
0
0
0
0
0
0
0
0
0
0
0
0
0
0
0
2
9
10
9
1
0
0
0
0
0
0
0
0
0
0
0
0
44
74
140
174
242
252
248
127
0
0
0
0
0
0
0
0
0
0
25
133
228
255
255
255
193
182
250
193
0
0
0
0
0
0
0
0
0
0
76
247
255
190
87
30
4
46
226
203
11
0
0
0
0
0
0
0
0
0
68
245
247
101
53
69
118
178
254
216
27
0
0
0
0
0
0
0
0
0
49
209
255
245
236
240
255
255
252
106
0
0
0
0
0
0
0
0
0
0
0
18
110
152
133
217
255
254
119
0
0
0
0
0
0
0
0
0
0
0
0
0
0
0
113
231
255
187
30
0
0
0
0
0
0
0
0
0
0
0
0
0
1
127
255
255
171
24
0
0
0
0
0
0
0
0
0
0
0
0
0
0
99
247
255
162
9
0
0
0
0
0
0
0
0
0
0
0
0
0
0
125
238
255
151
21
0
0
0
0
0
0
0
0
0
0
0
0
0
9
132
255
255
147
5
0
0
0
0
0
0
0
0
0
0
0
0
0
0
54
240
255
167
17
0
0
0
0
0
0
0
0
0
0
0
0
0
0
8
185
255
216
28
0
0
0
0
0
0
0
0
0
0
0
0
0
0
0
16
243
247
92
0
0
0
0
0
0
0
0
0
0
0
0
0
0
0
0
2
57
55
0
0
0
0
0
0
0
0
0
0
0
0
0