0
0
0
0
0
0
0
0
0
0
0
0
0
0
0
0
0
0
0
0
0
0
0
0
0
0
0
0
0
0
0
0
0
0
0
0
0
0
0
0
0
0
0
0
0
0
0
0
0
24
24
0
0
0
0
0
0
0
0
0
0
0
0
0
0
0
0
0
79
224
224
122
2
0
0
0
0
0
0
0
0
0
0
0
0
0
0
71
240
255
255
254
145
16
0
0
0
0
0
0
0
0
0
0
0
0
40
226
179
186
253
255
255
132
3
0
0
0
0
0
0
0
0
0
0
0
137
205
10
8
141
254
255
244
85
0
0
0
0
0
0
0
0
0
0
87
252
103
0
0
26
196
255
255
207
14
0
0
0
0
0
0
0
0
1
174
242
41
0
0
0
39
206
255
252
72
0
0
0
0
0
0
0
0
11
206
225
22
0
0
0
0
68
241
255
173
0
0
0
0
0
0
0
0
27
248
223
22
0
0
0
0
13
201
255
203
14
0
0
0
0
0
0
0
27
247
236
40
0
0
0
0
0
126
255
228
50
0
0
0
0
0
0
0
28
248
255
146
0
0
0
0
0
71
249
176
10
0
0
0
0
0
0
0
18
217
255
241
71
0
0
0
0
132
244
50
0
0
0
0
0
0
0
0
0
96
249
255
226
132
59
17
89
248
182
7
0
0
0
0
0
0
0
0
0
0
71
222
255
255
249
234
250
173
33
0
0
0
0
0
0
0
0
0
0
0
0
63
208
255
216
186
106
5
0
0
0
0
0
0
0
0
0
0
0
0
0
0
19
36
22
11
0
0
0
0
0
0
0
0
0
0
0
0
0
0
0
0
0
0
0
0
0
0
0
0
0
0
0
0
0
0
0
0
0
0
0
0
0
0
0
0
0
0
0
0
0
0
0
0