0
0
0
0
0
0
0
0
0
0
0
0
0
0
0
0
0
0
0
0
0
0
0
0
0
0
0
0
0
0
0
0
0
0
0
0
0
0
0
0
0
0
0
0
0
0
0
0
0
0
0
0
0
0
0
0
0
0
0
0
0
0
0
0
0
0
9
55
16
0
0
44
108
79
1
0
0
0
0
0
0
0
0
0
0
0
128
245
151
45
150
219
243
247
151
22
0
0
0
0
0
0
0
0
0
77
238
166
231
234
160
73
15
97
237
125
0
0
0
0
0
0
0
0
2
179
163
0
79
109
0
0
0
0
171
178
0
0
0
0
0
0
0
0
26
253
131
0
0
0
0
0
0
29
209
118
0
0
0
0
0
0
0
0
31
249
104
0
0
0
0
0
12
164
241
41
0
0
0
0
0
0
0
0
80
245
80
0
0
0
0
0
170
255
250
197
59
0
0
0
0
0
0
0
109
248
78
0
0
0
36
161
239
125
90
208
207
17
0
0
0
0
0
0
99
255
121
8
46
129
222
255
90
0
0
124
243
28
0
0
0
0
0
0
18
196
251
222
236
255
243
89
0
0
9
197
158
2
0
0
0
0
0
0
0
26
137
224
249
176
86
0
0
0
110
228
56
0
0
0
0
0
0
0
0
0
0
169
198
16
0
0
2
110
222
100
0
0
0
0
0
0
0
0
0
0
0
178
180
2
0
22
170
233
96
0
0
0
0
0
0
0
0
0
0
0
0
145
242
164
154
209
184
59
0
0
0
0
0
0
0
0
0
0
0
0
0
20
137
220
201
113
17
0
0
0
0
0
0
0
0
0
0
0
0
0
0
0
0
0
0
0
0
0
0
0
0
0
0
0
0
0
0
0
0
0
0
0
0
0
0
0
0
0
0
0
0
0
0
0