0
0
0
0
0
0
0
0
0
0
0
0
0
0
0
0
0
0
0
0
0
0
0
0
0
0
0
0
0
0
0
0
0
0
0
0
0
0
0
0
0
0
0
0
0
0
0
0
0
17
32
6
0
0
0
0
0
0
0
0
0
0
0
0
0
0
0
87
152
209
252
71
0
0
0
0
0
0
0
0
0
0
0
0
0
0
0
227
243
148
97
22
0
0
0
0
0
0
0
0
0
0
0
0
0
0
0
221
153
0
0
0
0
0
0
0
0
0
0
0
0
0
0
0
0
0
0
177
148
0
0
0
0
0
0
0
0
0
0
0
0
0
0
0
0
0
0
165
192
97
167
146
47
0
0
0
0
0
0
0
0
0
0
0
0
0
0
197
255
223
176
186
225
140
9
0
0
0
0
0
0
0
0
0
0
0
35
239
164
28
4
9
41
154
137
0
0
0
0
0
0
0
0
0
0
0
3
92
0
0
0
0
0
0
193
94
0
0
0
0
0
0
0
0
0
0
0
0
0
0
0
0
0
0
191
180
0
0
0
0
0
0
0
0
0
45
63
0
0
0
0
0
0
0
164
195
0
0
0
0
0
0
0
0
0
88
129
0
0
0
0
0
0
7
205
171
0
0
0
0
0
0
0
0
0
42
153
17
0
0
0
0
0
114
253
54
0
0
0
0
0
0
0
0
0
0
91
127
36
12
0
27
113
255
150
0
0
0
0
0
0
0
0
0
0
0
0
83
136
175
164
217
217
107
5
0
0
0
0
0
0
0
0
0
0
0
0
0
16
41
48
43
20
0
0
0
0
0
0
0
0
0
0
0
0
0
0
0
0
0
0
0
0
0
0
0
0
0
0
0
0
0
0
0
0
0
0
0
0
0
0
0
0
0
0
0
0
0
0
0