0
0
0
0
0
0
0
0
0
0
0
0
0
0
0
0
0
0
0
0
0
0
0
0
0
0
0
0
0
0
0
0
0
0
0
0
0
0
0
0
0
0
0
0
0
0
0
0
0
0
0
0
0
0
0
0
0
0
0
0
0
0
0
0
0
0
0
0
0
0
0
0
0
0
0
0
0
0
0
0
0
0
0
0
0
0
0
0
0
0
0
2
0
7
9
0
0
0
0
0
0
0
0
0
0
0
0
21
42
65
123
172
152
221
242
82
1
0
0
0
0
0
0
0
34
63
132
196
225
234
255
255
255
255
255
204
24
0
0
0
0
0
22
145
220
240
255
255
255
255
255
255
250
252
255
214
29
0
0
0
0
0
100
255
255
255
255
255
255
242
188
147
156
255
255
188
18
0
0
0
0
0
77
252
255
255
238
193
154
61
14
0
87
255
254
105
0
0
0
0
0
0
14
157
235
211
74
6
0
0
0
0
129
255
241
62
0
0
0
0
0
0
0
0
56
57
4
0
0
0
0
32
234
255
158
0
0
0
0
0
0
0
0
0
0
0
0
0
0
0
0
89
248
255
125
0
0
0
0
0
0
0
0
0
0
0
0
0
0
0
0
133
255
255
118
0
0
0
0
0
0
0
0
0
0
0
0
0
0
0
15
192
255
230
57
0
0
0
0
0
0
0
0
0
0
0
0
0
0
0
88
255
255
184
12
0
0
0
0
0
0
0
0
0
0
0
0
0
0
2
173
255
255
123
0
0
0
0
0
0
0
0
0
0
0
0
0
0
0
4
191
255
235
52
0
0
0
0
0
0
0
0
0
0
0
0
0
0
0
0
157
255
242
44
0
0
0
0
0
0
0
0
0
0
0
0
0
0
0
0
26
73
64
12
0
0
0
0
0
0