0
0
0
0
0
0
0
0
0
0
0
0
0
0
0
0
0
0
0
0
0
0
0
0
0
0
0
0
0
0
0
0
0
0
0
0
0
0
0
0
0
0
0
0
0
0
0
0
0
0
0
0
0
0
0
0
0
0
0
0
0
0
0
0
0
0
0
0
0
0
0
0
0
0
0
0
0
0
0
0
0
0
1
10
9
0
0
0
0
0
0
0
6
0
0
0
0
0
0
0
0
0
36
255
242
157
126
128
128
128
126
151
217
64
0
0
0
0
0
0
0
0
17
171
249
255
255
255
255
255
255
255
255
163
7
0
0
0
0
0
0
0
0
4
76
98
95
183
174
158
174
255
212
41
0
0
0
0
0
0
0
0
0
0
0
0
0
0
0
0
201
255
87
0
0
0
0
0
0
0
0
0
0
0
0
0
0
0
0
1
165
255
182
0
0
0
0
0
0
0
0
0
0
0
0
0
0
0
0
6
207
255
220
0
0
0
0
0
0
0
0
0
0
0
0
0
0
0
0
10
245
255
216
0
0
0
0
0
0
0
0
0
0
0
0
0
0
0
0
10
243
255
214
0
0
0
0
0
0
0
0
0
0
0
0
0
0
0
0
10
242
255
230
37
0
0
0
0
0
0
0
0
0
0
0
0
0
0
0
10
242
255
250
99
0
0
0
0
0
0
0
0
0
0
0
0
0
0
0
10
243
255
250
100
0
0
0
0
0
0
0
0
0
0
0
0
0
0
0
10
243
255
230
37
0
0
0
0
0
0
0
0
0
0
0
0
0
0
0
10
242
255
214
0
0
0
0
0
0
0
0
0
0
0
0
0
0
0
0
10
255
255
121
0
0
0
0
0
0
0
0
0
0
0
0
0
0
0
0
2
68
60
5
0
0
0
0
0
0
0