0
0
0
0
0
0
0
0
0
0
0
0
0
0
0
0
0
0
0
0
0
0
0
0
0
0
0
0
0
0
0
0
0
0
0
0
0
0
0
0
0
0
0
0
0
0
0
0
10
28
5
0
0
0
0
0
0
0
0
0
0
0
0
0
0
0
0
0
39
206
104
0
0
0
0
0
0
0
0
0
0
0
0
0
0
0
0
0
0
163
151
0
0
0
0
0
0
0
0
0
0
0
0
0
0
0
0
0
0
141
157
0
0
0
0
0
0
0
0
0
0
0
0
0
0
0
0
0
0
100
192
7
0
0
0
0
0
0
0
0
0
0
0
0
0
0
0
0
0
85
194
8
0
0
0
0
0
0
0
0
0
0
0
0
0
0
0
0
0
113
196
7
0
0
0
0
0
0
0
0
0
0
0
0
0
0
0
0
0
145
199
7
0
0
0
0
0
0
0
0
0
0
0
0
0
0
0
0
0
143
204
13
0
0
0
0
0
0
0
0
0
0
0
0
0
0
0
0
0
138
206
16
0
0
0
0
0
0
0
0
0
0
0
0
0
0
0
0
0
151
192
4
0
0
0
0
0
0
0
0
0
0
0
0
0
0
0
0
0
149
177
0
0
0
0
0
0
0
0
0
0
0
0
0
0
0
0
0
0
150
202
8
0
0
0
0
0
0
0
0
0
0
0
0
0
0
0
0
0
157
162
0
0
0
0
0
0
0
0
0
0
0
0
0
0
0
0
0
2
166
134
0
0
0
0
0
0
0
0
0
0
0
0
0
0
0
0
0
0
20
15
0
0
0
0
0
0
0
0
0
0
0
0
0
0
0
0
0
0
0
0
0
0
0
0
0
0
0
0
0
0
0
0
0
0
0
0
0
0
0
0
0
0
0
0
0
0
0
0
0