0
0
0
0
0
0
0
0
0
0
0
0
0
0
0
0
0
0
0
0
0
0
0
0
0
0
0
0
0
0
0
0
0
0
0
0
0
0
0
0
0
0
0
0
0
0
0
0
0
0
1
33
42
7
0
0
0
0
0
0
0
0
0
0
0
0
0
0
0
0
46
227
244
97
0
0
0
0
0
0
0
0
0
0
0
43
94
39
1
0
71
255
255
153
0
0
0
0
0
0
0
0
0
0
1
163
255
219
37
0
35
213
255
155
0
0
0
0
0
0
0
0
0
0
4
198
255
157
4
0
56
243
255
155
0
0
0
0
0
0
0
0
0
0
5
196
255
114
0
0
68
255
255
154
0
0
0
0
0
0
0
0
0
0
25
227
255
121
0
0
35
214
255
154
0
0
0
0
0
0
0
0
0
0
97
254
255
85
0
0
32
209
255
153
0
0
0
0
0
0
0
0
0
0
133
255
197
15
0
0
32
209
255
167
0
15
37
0
0
0
0
0
0
35
209
255
110
0
0
0
27
208
255
236
147
186
224
100
0
0
0
0
0
106
255
239
94
29
33
83
138
230
255
255
250
244
232
154
0
0
0
0
0
104
255
255
255
255
255
255
255
255
250
177
79
58
15
0
0
0
0
0
0
23
106
179
196
196
188
126
153
255
248
82
0
0
0
0
0
0
0
0
0
0
0
2
4
4
3
0
30
125
116
42
0
0
0
0
0
0
0
0
0
0
0
0
0
0
0
0
0
0
0
0
0
0
0
0
0
0
0
0
0
0
0
0
0
0
0
0
0
0
0
0
0
0
0
0
0
0
0
0
0
0
0
0
0
0
0
0
0
0
0
0
0
0
0
0
0
0
0
0
0
0
0
0
0
0
0
0
0
0
0
0
0
0
0
0
0
0