0
0
0
0
0
0
0
0
0
0
0
0
0
0
0
0
0
0
0
0
0
0
0
0
0
0
0
0
0
0
0
0
0
0
0
0
0
0
0
0
0
0
0
0
0
0
0
0
0
0
101
204
118
0
0
0
0
0
0
0
0
0
0
0
0
0
0
0
6
124
230
122
160
0
0
0
0
0
0
0
0
0
0
0
0
0
0
0
113
242
87
0
36
0
0
0
0
0
0
0
0
0
0
0
0
0
0
22
217
129
0
0
0
0
0
0
0
0
0
0
0
0
0
0
0
0
0
95
221
36
0
0
0
0
0
0
0
0
0
0
0
0
0
0
0
0
13
212
151
0
0
0
0
0
0
0
0
0
0
0
0
0
0
0
0
0
85
223
48
0
0
25
25
3
0
0
0
0
0
0
0
0
0
0
0
0
155
182
0
61
183
207
202
178
126
20
0
0
0
0
0
0
0
0
0
16
191
171
150
222
156
86
48
56
169
156
0
0
0
0
0
0
0
0
0
10
179
236
225
69
0
0
0
0
26
191
65
0
0
0
0
0
0
0
0
0
142
255
174
0
0
0
0
0
0
143
100
0
0
0
0
0
0
0
0
0
70
247
232
123
31
0
0
0
15
161
45
0
0
0
0
0
0
0
0
0
0
156
255
183
64
0
1
28
148
141
0
0
0
0
0
0
0
0
0
0
0
9
135
207
178
164
164
210
147
4
0
0
0
0
0
0
0
0
0
0
0
0
0
48
100
116
89
57
3
0
0
0
0
0
0
0
0
0
0
0
0
0
0
0
0
0
0
0
0
0
0
0
0
0
0
0
0
0
0
0
0
0
0
0
0
0
0
0
0
0
0
0
0
0
0
0
0
0
0
0
0
0
0
0
0
0
0
0
0
0
0
0
0
0