0
0
0
0
0
0
0
0
0
0
0
0
0
0
0
0
0
0
0
0
0
0
0
0
0
0
0
0
0
0
0
0
0
0
0
0
0
0
0
0
0
0
0
0
0
0
0
0
0
0
0
0
0
27
15
0
0
0
0
0
0
0
0
0
0
0
0
0
0
0
0
0
50
236
134
0
0
0
0
0
0
0
0
0
0
0
0
0
0
0
0
0
140
255
128
0
0
0
0
0
0
0
0
0
0
0
0
0
0
0
0
0
176
255
71
0
0
0
0
0
0
0
0
0
0
0
0
0
0
0
0
60
241
255
66
0
0
0
0
0
0
0
0
0
0
0
0
0
0
0
0
149
255
202
24
0
0
0
0
0
0
0
0
0
0
0
0
0
0
0
74
239
255
151
19
0
0
0
0
0
0
0
0
0
0
0
0
0
0
0
171
255
186
29
7
0
0
0
0
0
0
0
0
0
0
0
0
0
0
97
245
255
66
0
0
0
0
0
0
0
0
0
0
0
0
0
0
0
98
243
255
163
3
0
0
0
0
0
0
0
0
0
0
0
0
0
0
75
245
255
200
35
0
0
0
0
0
0
0
0
0
0
0
0
0
0
36
208
255
199
44
0
0
0
0
0
0
0
0
0
0
0
0
0
0
10
171
255
213
45
0
0
0
0
0
0
0
0
0
0
0
0
0
0
0
119
255
249
100
0
0
0
0
0
0
0
0
0
0
0
0
0
0
0
7
226
255
156
0
0
0
0
0
0
0
0
0
0
0
0
0
0
0
0
1
32
37
13
0
0
0
0
0
0
0
0
0
0
0
0
0
0
0
0
0
0
0
0
0
0
0
0
0
0
0
0
0
0
0
0
0
0
0
0
0
0
0
0
0
0
0
0
0
0
0
0
0
0
0
0