0
0
0
0
0
0
0
0
0
0
0
0
0
0
0
0
0
0
0
0
0
0
0
0
0
0
0
0
0
0
0
0
0
0
0
0
0
0
0
0
0
0
0
0
0
0
0
0
0
0
0
0
0
0
0
0
0
0
0
0
0
0
0
0
0
0
0
0
0
0
0
0
0
0
0
0
0
0
0
0
0
0
0
0
0
0
0
0
0
0
3
8
9
4
0
0
0
0
0
0
0
0
0
0
0
9
49
56
86
147
183
233
248
192
159
35
0
0
0
0
0
0
0
0
0
78
243
247
255
252
237
195
172
239
255
104
0
0
0
0
0
0
0
0
0
35
216
128
61
51
28
12
20
204
252
49
0
0
0
0
0
0
0
0
0
44
199
32
0
0
0
0
91
251
199
10
0
0
0
0
0
0
0
0
0
127
116
0
0
0
0
70
239
238
68
0
0
0
0
0
0
0
0
0
7
76
1
0
0
0
58
221
237
75
0
0
0
0
0
0
0
0
0
0
0
0
0
0
0
34
219
255
95
0
0
0
0
0
0
0
0
0
0
0
0
0
0
0
45
208
255
124
0
0
0
0
0
0
0
0
0
0
0
0
0
0
0
25
195
255
135
0
0
0
0
0
0
0
0
0
0
0
0
0
0
0
14
181
244
141
11
0
0
0
0
0
0
0
0
0
0
0
0
0
0
4
167
241
88
2
0
0
0
0
0
0
0
0
0
0
0
0
0
0
0
110
238
81
0
0
0
0
0
0
0
0
0
0
0
0
0
0
0
0
18
210
117
0
0
0
0
0
0
0
0
0
0
0
0
0
0
0
0
0
110
180
8
0
0
0
0
0
0
0
0
0
0
0
0
0
0
0
0
0
33
31
0
0
0
0
0
0
0
0
0
0
0
0
0
0