0
0
0
0
0
0
0
0
0
0
0
0
0
0
0
0
0
0
0
0
0
0
0
0
0
0
0
0
0
0
0
0
0
0
0
0
0
0
0
0
0
0
0
0
0
0
0
0
0
0
0
0
21
37
34
0
0
0
0
0
0
0
0
0
0
0
0
0
0
0
5
94
214
255
253
64
2
0
0
0
0
0
0
0
0
0
0
0
1
22
164
242
255
252
255
220
62
0
0
0
0
0
0
0
0
0
0
0
101
241
255
255
252
252
255
237
61
0
0
0
0
0
0
0
0
0
0
101
229
255
253
255
255
253
253
255
117
0
0
0
0
0
0
0
0
0
130
247
255
252
255
237
183
251
253
255
129
0
0
0
0
0
0
0
3
77
231
255
253
255
229
83
38
241
255
248
83
0
0
0
0
0
0
0
47
227
255
253
254
239
51
0
132
254
255
234
63
0
0
0
0
0
0
0
97
255
254
255
205
34
0
0
128
255
255
226
46
0
0
0
0
0
0
41
220
255
255
209
80
0
0
61
204
255
255
172
5
0
0
0
0
0
0
83
251
254
255
155
0
0
53
205
255
253
255
110
0
0
0
0
0
0
0
111
254
254
255
158
65
111
242
255
253
255
220
18
0
0
0
0
0
0
0
101
253
255
253
247
240
250
255
252
255
255
117
0
0
0
0
0
0
0
0
7
163
255
255
254
255
254
254
255
235
147
11
0
0
0
0
0
0
0
0
0
37
141
234
255
255
255
255
197
61
8
0
0
0
0
0
0
0
0
0
0
0
1
28
37
36
36
35
16
0
0
0
0
0
0
0
0
0
0
0
0
0
0
0
0
0
0
0
0
0
0
0
0
0
0
0
0
0
0
0
0
0
0
0
0
0
0
0
0
0
0
0
0
0
0
0
0