0
0
0
0
0
0
0
0
0
0
0
0
0
0
0
0
0
0
0
0
0
0
0
0
0
0
0
0
0
0
0
0
0
0
0
0
0
0
0
0
0
0
0
0
0
0
0
0
0
0
0
1
18
4
0
0
0
0
0
0
0
0
0
0
0
0
0
0
0
0
28
146
204
151
26
0
0
0
0
0
0
0
0
0
0
0
0
0
0
23
179
255
255
207
28
0
0
0
0
0
0
0
0
0
0
0
0
0
91
222
239
190
255
198
22
0
0
0
0
0
0
0
0
0
0
0
0
59
219
255
165
12
171
255
87
0
0
0
0
0
0
0
0
0
0
0
0
202
255
242
65
0
121
255
146
0
0
0
0
0
0
0
0
0
0
0
28
229
255
159
0
0
124
255
65
0
0
0
0
0
0
0
0
0
0
0
93
251
232
59
0
0
176
208
28
0
0
0
0
0
0
0
0
0
0
7
172
255
128
0
0
32
233
146
1
0
0
0
0
0
0
0
0
0
0
8
175
255
123
0
8
152
254
105
0
0
0
0
0
0
0
0
0
0
0
8
180
255
128
0
16
200
255
100
0
0
0
0
0
0
0
0
0
0
0
2
125
255
211
97
116
249
189
23
0
0
0
0
0
0
0
0
0
0
0
0
5
227
255
253
248
255
109
0
0
0
0
0
0
0
0
0
0
0
0
0
0
170
254
255
255
216
25
0
0
0
0
0
0
0
0
0
0
0
0
0
0
18
140
206
164
67
0
0
0
0
0
0
0
0
0
0
0
0
0
0
0
0
4
18
5
0
0
0
0
0
0
0
0
0
0
0
0
0
0
0
0
0
0
0
0
0
0
0
0
0
0
0
0
0
0
0
0
0
0
0
0
0
0
0
0
0
0
0
0
0
0
0
0
0