0
0
0
0
0
0
0
0
0
0
0
0
0
0
0
0
0
0
0
0
0
0
0
0
0
0
0
0
0
0
0
0
0
0
0
0
0
0
0
0
0
0
0
0
0
0
0
0
0
0
0
0
0
0
0
0
0
0
0
0
0
0
0
0
0
0
0
0
0
0
0
0
0
0
0
0
0
0
0
0
0
0
0
0
0
0
0
0
0
0
0
0
0
0
0
0
0
0
0
0
0
0
0
0
0
0
0
0
64
111
107
108
81
47
20
8
1
0
0
0
0
0
0
0
0
0
15
112
232
255
255
255
254
237
198
173
57
0
0
0
0
0
0
0
0
55
192
255
255
251
214
183
188
188
205
255
208
44
0
0
0
0
0
0
57
213
255
188
126
97
18
0
0
0
0
146
255
155
0
0
0
0
0
30
200
255
177
19
0
0
0
0
0
0
0
30
214
163
0
0
0
0
0
109
255
201
25
0
0
0
0
0
0
0
0
111
255
138
0
0
0
0
0
95
255
163
0
0
0
0
0
0
0
0
40
206
253
109
0
0
0
0
0
75
242
239
93
6
0
0
0
0
21
134
235
255
142
6
0
0
0
0
0
8
144
255
226
181
135
113
114
128
214
255
253
163
32
0
0
0
0
0
0
0
34
195
250
255
255
255
255
255
240
175
87
7
0
0
0
0
0
0
0
0
0
13
52
94
139
138
138
140
51
0
0
0
0
0
0
0
0
0
0
0
0
0
0
0
0
0
0
0
0
0
0
0
0
0
0
0
0
0
0
0
0
0
0
0
0
0
0
0
0
0
0
0
0
0
0
0
0
0
0
0
0
0
0
0
0
0
0
0
0
0
0
0
0
0
0
0
0
0
0
0
0
0
0
0
0
0
0
0
0
0
0
0
0
0
0
0