0
0
0
0
0
0
0
0
0
0
0
0
0
0
0
0
0
0
0
0
0
0
0
0
0
0
0
0
0
0
0
0
0
0
0
0
0
0
0
0
0
0
0
0
0
0
0
0
0
0
20
38
16
0
0
0
0
0
0
0
0
0
0
0
0
0
0
0
0
8
203
255
189
27
0
0
0
0
0
0
0
0
0
0
0
0
0
0
0
17
247
254
255
152
7
0
0
0
0
0
0
0
0
0
0
0
0
0
0
92
252
255
250
95
0
0
0
0
0
0
0
0
0
0
0
0
0
0
2
158
255
255
192
7
0
0
0
0
0
0
0
0
0
0
0
0
0
0
97
246
254
255
118
0
0
0
0
0
0
0
0
0
0
0
0
0
0
0
125
255
254
245
83
0
0
0
0
0
0
0
0
0
0
0
0
0
0
0
125
255
255
218
26
0
0
0
0
0
0
0
0
0
0
0
0
0
0
17
199
255
255
214
20
0
0
0
0
0
0
0
0
0
0
0
0
0
0
22
229
255
244
115
1
0
0
0
0
0
0
0
0
0
0
0
0
0
2
132
251
255
213
28
0
0
0
0
0
0
0
0
0
0
0
0
0
0
21
229
255
255
210
29
0
0
0
0
0
0
0
0
0
0
0
0
0
0
20
225
255
255
211
29
0
0
0
0
0
0
0
0
0
0
0
0
0
0
21
232
255
255
214
31
0
0
0
0
0
0
0
0
0
0
0
0
0
0
11
148
250
255
179
15
0
0
0
0
0
0
0
0
0
0
0
0
0
0
0
5
32
37
18
0
0
0
0
0
0
0
0
0
0
0
0
0
0
0
0
0
0
0
0
0
0
0
0
0
0
0
0
0
0
0
0
0
0
0
0
0
0
0
0
0
0
0
0
0
0
0
0
0