0
0
0
0
0
0
0
0
0
0
0
0
0
0
0
0
0
0
0
0
0
0
0
0
0
0
0
0
0
0
0
0
0
0
0
0
0
0
0
0
0
0
0
0
0
0
0
0
0
0
0
0
0
0
0
0
0
0
0
0
0
0
0
0
0
0
0
0
0
0
0
0
0
0
0
0
0
0
0
0
0
0
0
0
0
0
0
0
0
52
181
193
179
48
0
0
0
0
0
0
0
0
0
0
0
0
0
0
33
214
232
169
217
173
5
0
0
0
0
0
0
0
0
0
0
0
0
0
144
212
38
0
78
175
4
0
0
0
0
0
0
0
0
0
0
0
0
34
233
84
0
27
184
89
0
0
0
0
0
0
0
0
0
0
0
0
0
102
183
6
0
59
230
77
0
0
0
0
0
0
0
0
0
0
0
0
0
147
166
0
0
103
255
124
0
0
0
0
0
0
0
0
0
0
0
0
0
95
246
156
181
250
217
28
0
0
0
0
0
0
0
0
0
0
0
0
0
12
153
209
180
255
107
0
0
0
0
0
0
0
0
0
0
0
0
0
0
0
4
12
89
253
59
0
0
0
0
0
0
0
0
0
0
0
0
0
0
0
0
0
200
177
7
0
0
0
0
0
0
0
0
0
0
0
0
0
0
0
0
45
243
175
18
0
0
0
0
0
0
0
0
0
0
0
0
0
0
0
0
120
253
103
0
0
0
0
0
0
0
0
0
0
0
0
0
0
0
0
0
185
217
26
0
0
0
0
0
0
0
0
0
0
0
0
0
0
0
0
58
242
148
0
0
0
0
0
0
0
0
0
0
0
0
0
0
0
0
0
48
132
23
0
0
0
0
0
0
0
0
0
0
0
0
0
0
0
0
0
0
0
0
0
0
0
0
0
0
0
0
0