0
0
0
0
0
0
0
0
0
0
0
0
0
0
0
0
0
0
0
0
0
0
0
0
0
0
0
0
0
0
0
0
0
0
0
0
0
0
0
0
0
0
0
0
0
0
0
0
0
0
0
0
0
0
0
0
0
0
0
0
0
0
0
0
0
0
0
0
0
0
0
0
0
0
0
0
0
0
0
0
0
0
0
0
0
0
0
0
0
0
0
0
0
0
0
0
0
0
0
0
0
0
0
0
0
0
0
0
0
6
58
86
37
31
50
62
82
10
0
0
0
0
0
0
0
0
0
0
11
129
238
255
220
213
239
255
255
133
0
0
0
0
0
0
0
0
2
48
182
253
247
200
159
224
231
215
195
98
0
0
0
0
0
0
0
0
92
242
255
255
140
7
0
18
27
14
0
0
0
0
0
0
0
0
0
0
59
194
255
255
194
28
0
0
0
0
0
0
0
0
0
0
0
0
0
0
0
113
185
189
246
120
1
0
0
0
0
0
0
0
0
0
0
0
0
0
0
55
180
217
253
169
11
0
0
0
0
0
0
0
0
0
0
7
78
104
44
12
60
216
218
43
0
0
0
0
0
0
0
0
0
0
0
68
247
255
176
22
101
255
214
28
0
0
0
0
0
0
0
0
0
0
0
13
99
228
255
220
232
255
165
0
0
0
0
0
0
0
0
0
0
0
0
0
0
35
135
177
192
147
36
0
0
0
0
0
0
0
0
0
0
0
0
0
0
0
0
0
6
0
0
0
0
0
0
0
0
0
0
0
0
0
0
0
0
0
0
0
0
0
0
0
0
0
0
0
0
0
0
0
0
0
0
0
0
0
0
0
0
0
0
0
0
0
0
0
0
0
0
0
0
0
0
0
0
0
0
0
0
0
0
0
0
0
0
0
0
0
0
0