0
0
0
0
0
0
0
0
0
0
0
0
0
0
0
0
0
0
0
0
0
0
0
0
0
0
0
0
0
0
0
0
0
0
0
0
0
0
0
0
0
0
0
0
0
0
0
0
0
0
0
0
0
0
0
0
0
0
0
0
0
0
0
0
0
0
0
0
0
0
0
0
0
0
0
0
0
0
0
0
0
0
0
0
0
0
0
39
109
50
30
33
13
3
4
0
0
0
0
0
0
0
0
0
0
0
33
185
255
254
252
251
207
190
196
117
0
0
0
0
0
0
0
0
0
11
177
255
255
180
174
204
252
255
255
167
0
0
0
0
0
0
0
0
0
18
188
249
174
31
5
14
167
255
237
56
0
0
0
0
0
0
0
0
0
0
55
72
3
0
0
42
229
255
150
0
0
0
0
0
0
0
0
0
0
0
0
0
0
0
23
187
255
202
29
0
0
0
0
0
0
0
0
0
0
0
0
0
0
0
142
255
253
90
0
0
0
0
0
0
0
0
0
0
0
0
0
0
0
107
253
255
179
0
0
0
0
0
0
0
0
3
1
0
0
0
0
0
57
232
255
205
41
0
0
0
0
0
0
0
0
30
9
0
0
0
0
25
202
255
197
31
0
0
0
0
0
0
0
0
0
9
2
0
0
0
18
176
255
212
45
0
0
0
0
0
0
0
0
0
0
0
0
0
0
9
156
255
238
59
0
0
0
0
0
0
0
0
0
0
0
0
0
0
0
138
253
244
92
0
0
0
0
0
0
0
0
0
0
0
0
0
0
0
4
194
252
107
0
0
0
0
0
0
0
0
0
0
0
0
0
0
0
0
0
46
76
9
0
0
0
0
0
0
0
0
0
0
0
0
0
0
0
0
0
0
0
0
0
0
0
0
0
0
0
0
0
0
0
0