0
0
0
0
0
0
0
0
0
0
0
0
0
0
0
0
0
0
0
0
0
0
0
0
0
0
0
0
0
0
0
0
0
0
0
0
0
0
0
0
0
0
0
0
0
0
0
0
0
0
0
0
0
0
0
0
0
0
0
0
0
0
0
0
0
0
0
0
0
51
86
66
20
0
0
0
0
0
0
0
0
0
0
0
0
0
0
0
0
59
208
201
179
114
0
0
0
0
0
0
0
0
0
0
0
0
12
81
142
174
255
175
87
237
69
0
0
0
0
0
0
0
0
0
0
19
163
231
157
130
198
255
131
213
64
0
0
0
0
0
0
0
0
0
0
101
229
39
0
0
15
63
189
133
0
0
0
0
0
0
0
0
0
0
0
73
239
119
13
0
5
140
176
26
0
0
0
0
0
0
0
0
0
0
0
4
72
202
189
52
128
149
16
0
0
0
0
0
0
0
0
0
0
0
0
0
0
7
138
255
213
19
0
0
0
0
0
0
0
0
0
0
0
0
0
0
0
0
144
193
218
116
0
0
0
0
0
0
0
0
0
0
0
0
0
0
0
111
212
32
74
227
82
0
0
0
0
0
0
0
0
0
0
0
0
0
23
234
152
0
0
123
206
30
0
0
0
0
0
0
0
0
0
0
0
0
68
232
82
0
0
15
211
74
0
0
0
0
0
0
0
0
0
0
0
0
77
214
19
0
0
41
222
72
0
0
0
0
0
0
0
0
0
0
0
0
38
210
108
61
101
206
175
20
0
0
0
0
0
0
0
0
0
0
0
0
0
88
210
204
202
110
12
0
0
0
0
0
0
0
0
0
0
0
0
0
0
0
0
0
0
0
0
0
0
0
0
0
0
0
0
0
0
0
0
0
0
0
0
0
0
0
0
0
0
0
0
0
0
0