0
0
0
0
0
0
0
0
0
0
0
0
0
0
0
0
0
0
0
0
0
0
0
0
0
0
0
0
0
0
0
0
0
0
0
0
0
0
0
0
0
0
0
0
0
0
0
0
0
24
38
37
9
0
0
0
0
0
0
0
0
0
0
0
0
0
0
10
139
227
250
246
167
27
0
0
0
0
0
0
0
0
0
0
0
0
0
114
255
161
57
60
196
70
0
0
0
0
0
0
0
0
0
0
0
0
31
233
223
36
0
0
97
44
34
0
0
0
0
0
0
0
0
0
0
0
67
249
162
0
0
0
29
192
199
4
0
0
0
0
0
0
0
0
0
0
22
235
220
75
16
18
147
255
231
8
0
0
0
0
0
0
0
0
0
0
0
121
214
239
215
216
248
238
179
2
0
0
0
0
0
0
0
0
0
0
0
75
29
90
134
106
60
109
191
6
0
0
0
0
0
0
0
0
0
2
108
64
0
0
0
0
0
85
228
9
0
0
0
0
0
0
0
0
0
18
198
130
0
0
0
0
0
51
203
22
0
0
0
0
0
0
0
0
0
28
208
93
0
0
0
0
0
43
205
30
0
0
0
0
0
0
0
0
0
20
198
169
2
0
0
0
14
161
239
26
0
0
0
0
0
0
0
0
0
4
152
255
155
30
0
13
135
255
126
0
0
0
0
0
0
0
0
0
0
0
32
193
255
217
148
223
255
165
20
0
0
0
0
0
0
0
0
0
0
0
0
22
116
196
214
202
119
26
0
0
0
0
0
0
0
0
0
0
0
0
0
0
0
15
20
16
0
0
0
0
0
0
0
0
0
0
0
0
0
0
0
0
0
0
0
0
0
0
0
0
0
0
0
0
0
0
0
0
0
0
0
0
0
0
0
0
0
0
0
0
0
0
0
0