0
0
0
0
0
0
0
0
0
0
0
0
0
0
0
0
0
0
0
0
0
0
0
0
0
0
0
0
0
0
0
0
0
0
0
0
0
0
0
0
0
0
0
0
0
0
0
0
0
0
0
21
8
0
0
0
0
0
0
0
0
0
0
0
0
0
0
0
53
142
141
211
56
0
0
0
0
0
0
0
0
0
0
0
0
0
0
46
227
167
231
245
35
0
0
0
0
0
0
0
0
0
0
0
0
0
0
127
180
14
197
236
35
0
0
0
0
0
0
0
0
0
0
0
0
0
0
167
140
40
218
78
0
0
0
0
0
0
0
0
0
0
0
0
0
0
0
116
218
181
155
0
0
0
0
0
0
0
0
0
0
0
0
0
0
0
0
29
217
255
168
0
0
0
0
0
0
0
0
0
0
0
0
0
0
0
0
0
67
231
244
116
0
0
0
0
0
0
0
0
0
0
0
0
0
0
0
0
56
197
122
238
92
0
0
0
0
0
0
0
0
0
0
0
0
0
0
0
109
222
9
145
240
65
0
0
0
0
0
0
0
0
0
0
0
0
0
0
132
199
1
15
195
159
2
0
0
0
0
0
0
0
0
0
0
0
0
0
132
171
0
0
67
229
44
0
0
0
0
0
0
0
0
0
0
0
0
0
135
175
0
0
56
238
53
0
0
0
0
0
0
0
0
0
0
0
0
0
109
228
50
56
178
203
28
0
0
0
0
0
0
0
0
0
0
0
0
0
15
164
230
235
196
44
0
0
0
0
0
0
0
0
0
0
0
0
0
0
0
11
39
35
14
0
0
0
0
0
0
0
0
0
0
0
0
0
0
0
0
0
0
0
0
0
0
0
0
0
0
0
0
0
0
0
0
0
0
0
0
0
0
0
0
0
0
0
0
0
0
0