0
0
0
0
0
0
0
0
0
0
0
0
0
0
0
0
0
0
0
0
0
0
0
0
0
0
0
0
0
0
0
0
0
0
0
0
0
0
0
0
0
0
0
0
0
0
0
0
0
0
0
0
0
0
0
0
0
0
0
0
0
0
0
0
0
0
0
0
0
0
0
0
0
0
0
0
0
0
0
0
0
0
0
0
0
0
3
10
10
10
8
3
1
0
0
0
0
0
0
0
0
0
0
37
126
143
184
242
244
244
233
183
168
132
36
0
0
0
0
0
0
0
1
151
255
255
255
255
255
251
250
255
255
255
186
23
0
0
0
0
0
0
0
68
117
113
113
114
103
85
79
111
183
255
253
60
0
0
0
0
0
0
0
0
0
0
0
0
0
0
0
0
101
255
231
39
0
0
0
0
0
0
0
0
0
0
0
0
0
0
0
29
218
255
142
0
0
0
0
0
0
0
0
0
0
0
0
0
0
0
0
99
253
254
78
0
0
0
0
0
0
0
0
0
0
0
0
0
0
0
35
215
255
165
9
0
0
0
0
0
0
0
0
0
0
0
0
0
0
0
142
255
242
60
0
0
0
0
0
0
0
0
0
0
0
0
0
0
0
40
232
254
146
8
0
0
0
0
0
0
0
0
0
0
0
0
0
0
11
166
255
204
17
0
0
0
0
0
0
0
0
0
0
0
0
0
0
0
104
251
251
92
0
0
0
0
0
0
0
0
0
0
0
0
0
0
0
15
197
255
129
0
0
0
0
0
0
0
0
0
0
0
0
0
0
0
0
35
255
255
116
0
0
0
0
0
0
0
0
0
0
0
0
0
0
0
0
19
184
223
143
0
0
0
0
0
0
0
0
0
0
0
0
0
0
0
0
0
17
37
16
0
0
0
0
0
0
0
0
0