0
0
0
0
0
0
0
0
0
0
0
0
0
0
0
0
0
0
0
0
0
0
0
0
0
0
0
0
0
0
0
0
0
0
0
0
0
0
0
0
0
0
0
0
0
0
0
0
0
21
39
10
0
0
0
0
0
0
0
0
0
0
0
0
0
0
0
8
102
215
232
175
14
0
0
0
0
0
0
0
0
0
0
0
0
0
0
97
218
105
95
255
35
0
0
0
0
0
0
0
0
0
0
0
0
0
0
22
34
3
192
176
8
0
0
0
0
0
0
0
0
0
0
0
0
0
0
0
3
124
255
138
0
0
0
0
0
0
0
0
0
0
0
0
0
0
0
7
144
255
227
221
89
0
0
0
0
0
0
0
0
0
0
0
0
0
0
108
255
179
25
123
217
32
0
0
0
0
0
0
0
0
0
0
0
0
0
116
172
22
0
22
215
73
0
0
0
0
0
0
0
0
0
0
0
0
0
2
2
0
0
0
205
71
0
0
0
0
0
0
0
0
0
0
0
0
0
0
0
0
0
0
205
71
0
0
0
0
0
0
0
0
0
0
0
0
0
0
0
0
0
51
224
69
0
0
0
0
0
0
0
0
0
0
0
9
13
0
0
0
4
170
222
29
0
0
0
0
0
0
0
0
0
0
6
148
58
0
0
4
130
255
117
0
0
0
0
0
0
0
0
0
0
0
5
198
192
109
90
182
255
183
10
0
0
0
0
0
0
0
0
0
0
0
0
46
156
235
255
231
147
37
0
0
0
0
0
0
0
0
0
0
0
0
0
0
1
26
38
25
0
0
0
0
0
0
0
0
0
0
0
0
0
0
0
0
0
0
0
0
0
0
0
0
0
0
0
0
0
0
0
0
0
0
0
0
0
0
0
0
0
0
0
0
0
0
0
0
0
0