0
0
0
0
0
0
0
0
0
0
0
0
0
0
0
0
0
0
0
0
0
0
0
0
0
0
0
0
0
0
0
0
0
0
0
0
0
0
0
0
0
0
0
0
0
0
0
0
0
0
0
0
0
0
0
0
0
0
0
0
0
0
0
0
0
0
0
0
0
0
0
0
0
9
85
23
0
0
0
0
0
0
0
0
0
0
0
0
0
0
0
0
0
30
217
66
0
0
0
0
0
0
0
0
0
0
0
0
2
108
158
53
0
109
255
81
0
0
0
0
0
0
0
0
0
0
0
0
79
244
209
100
10
195
224
25
0
0
0
0
0
0
0
0
0
0
0
2
171
248
43
0
63
255
113
0
0
0
0
0
0
0
0
0
0
0
0
68
255
155
0
0
152
245
58
0
0
0
0
0
0
0
0
0
0
0
19
207
241
73
0
50
244
167
0
0
0
0
0
0
0
0
0
0
0
0
122
255
119
0
12
189
255
107
33
74
93
9
0
0
0
0
0
0
0
71
223
238
65
38
137
253
254
208
229
227
201
19
0
0
0
0
0
0
99
245
255
255
233
207
245
249
159
91
49
32
21
0
0
0
0
0
0
0
108
216
231
176
118
92
236
196
10
0
0
0
0
0
0
0
0
0
0
0
2
31
47
8
0
137
245
79
0
0
0
0
0
0
0
0
0
0
0
0
0
0
0
0
23
212
176
3
0
0
0
0
0
0
0
0
0
0
0
0
0
0
0
0
42
228
146
0
0
0
0
0
0
0
0
0
0
0
0
0
0
0
0
0
2
153
130
0
0
0
0
0
0
0
0
0
0
0
0
0
0
0
0
0
0
0
0
0
0
0
0
0
0
0
0
0
0
0
0
0
0
0
0
0
0
0
0
0
0
0
0
0
0
0
0
0