0
0
0
0
0
0
0
0
0
0
0
0
0
0
0
0
0
0
0
0
0
0
0
0
0
0
0
0
0
0
0
0
0
0
0
0
0
0
0
0
0
0
0
0
0
0
0
8
31
102
165
231
205
73
0
0
0
0
0
0
0
0
0
0
0
1
81
181
240
238
188
144
177
228
71
0
0
0
0
0
0
0
0
0
0
2
147
225
218
97
10
0
23
221
119
0
0
0
0
0
0
0
0
0
0
0
4
6
6
0
0
0
0
158
120
0
0
0
0
0
0
0
0
0
0
0
0
0
0
0
0
0
4
177
120
0
0
0
0
0
0
0
0
0
0
0
0
0
0
0
0
0
63
243
86
0
0
0
0
0
0
0
0
0
0
0
0
0
0
0
0
0
164
192
17
0
0
0
0
0
0
0
0
0
0
0
0
0
0
0
0
88
235
95
0
0
0
0
0
0
0
0
0
0
0
0
0
0
0
0
19
206
184
9
0
0
0
0
0
0
0
0
0
0
0
0
0
0
0
8
110
234
51
0
0
0
0
0
0
0
0
0
0
0
0
1
32
80
131
209
250
246
186
102
42
0
0
0
0
0
0
0
0
23
80
151
190
210
255
252
155
97
143
209
225
111
9
0
0
0
0
0
0
99
249
134
119
216
230
103
0
0
0
25
135
211
164
46
0
0
0
0
0
106
255
239
236
192
55
0
0
0
0
0
0
12
75
85
0
0
0
0
0
33
104
112
86
12
0
0
0
0
0
0
0
0
0
0
0
0
0
0
0
0
0
0
0
0
0
0
0
0
0
0
0
0
0
0
0
0
0
0
0
0
0
0
0
0
0
0
0
0
0
0
0
0
0
0
0
0
0
0
0
0
0
0
0
0
0
0
0
0
0
0
0
0
0
0
0
0