0
0
0
0
0
0
0
0
0
0
0
0
0
0
0
0
0
0
0
0
0
0
0
0
0
0
0
0
0
0
0
0
0
0
0
0
0
0
0
0
0
0
0
0
0
0
0
0
0
0
0
0
43
162
230
125
0
0
0
0
0
0
0
0
0
0
0
0
0
0
0
62
231
255
208
53
0
0
0
0
0
0
0
0
0
0
0
0
0
0
39
206
255
170
25
0
0
0
0
0
0
0
0
0
0
0
0
0
0
42
221
255
166
16
0
0
0
0
0
0
0
0
0
0
0
0
0
0
33
196
255
198
19
0
0
0
0
0
0
0
0
0
0
0
0
0
0
19
182
255
223
60
0
11
34
40
5
0
0
0
0
0
0
0
0
0
0
136
255
255
100
0
29
185
238
232
80
0
0
0
0
0
0
0
0
0
76
248
255
136
0
74
209
255
253
255
105
0
0
0
0
0
0
0
0
32
211
255
198
17
57
231
249
148
172
234
65
0
0
0
0
0
0
0
0
115
255
228
40
26
209
255
132
63
224
176
4
0
0
0
0
0
0
0
18
211
255
119
37
197
255
205
60
207
241
54
0
0
0
0
0
0
0
0
33
236
255
125
194
255
255
183
61
139
76
0
0
0
0
0
0
0
0
0
33
236
255
244
255
253
255
209
94
32
0
0
0
0
0
0
0
0
0
0
0
83
198
248
255
255
176
40
1
0
0
0
0
0
0
0
0
0
0
0
0
0
11
79
110
92
20
0
0
0
0
0
0
0
0
0
0
0
0
0
0
0
0
0
0
0
0
0
0
0
0
0
0
0
0
0
0
0
0
0
0
0
0
0
0
0
0
0
0
0
0
0
0
0
0
0
0
0
0
0
0
0
0
0
0
0
0
0
0
0
0
0
0
0
0
0