0
0
0
0
0
0
0
0
0
0
0
0
0
0
0
0
0
0
0
0
0
0
0
0
0
0
0
0
0
0
0
0
0
0
0
0
0
0
0
0
0
0
0
0
0
0
0
1
20
31
37
25
0
0
0
0
0
0
0
0
0
0
0
0
0
0
25
145
213
246
255
227
120
17
0
0
0
0
0
0
0
0
0
0
0
0
28
199
243
202
207
249
255
153
9
0
0
0
0
0
0
0
15
0
0
0
0
12
27
4
4
154
255
210
28
0
0
0
0
0
0
0
27
0
0
0
0
0
0
2
129
228
255
159
8
0
0
0
0
0
0
0
0
0
0
0
0
13
88
183
255
255
147
13
0
0
0
0
0
0
0
0
0
0
39
121
144
190
251
255
255
238
110
26
0
0
0
0
0
0
0
0
0
0
145
255
255
255
231
206
225
254
255
213
99
0
0
0
0
0
0
0
0
0
55
164
139
54
26
3
20
82
180
255
225
57
0
0
0
0
0
0
0
0
0
0
0
0
0
0
0
0
5
178
255
169
3
0
0
0
0
0
0
0
0
0
0
0
0
0
0
0
0
76
250
225
41
0
0
0
0
0
0
0
0
0
0
0
0
0
0
0
81
185
255
202
21
0
0
0
0
0
0
0
14
34
33
33
33
32
60
149
248
255
243
78
0
0
0
0
0
0
0
0
105
251
255
248
245
245
251
255
250
187
76
0
0
0
0
0
0
0
0
0
31
112
153
228
255
255
236
156
78
9
0
0
0
0
0
0
0
0
0
0
0
0
1
25
36
36
28
3
0
0
0
0
0
0
0
0
0
0
0
0
0
0
0
0
0
0
0
0
0
0
0
0
0
0
0
0
0
0
0
0
0
0
0
0
0
0
0
0
0
0
0
0
0
0
0
0