0
0
0
0
0
0
0
0
0
0
0
0
0
0
0
0
0
0
0
0
0
0
0
0
0
0
0
0
0
0
0
0
0
0
0
0
0
0
0
0
0
0
0
0
0
0
0
0
0
4
25
0
0
0
0
0
0
0
0
0
0
0
0
0
0
0
0
0
0
74
221
54
0
0
0
0
0
0
0
0
0
0
0
0
0
0
0
0
0
103
255
165
6
0
0
0
0
0
0
0
0
0
0
0
0
0
0
0
0
99
255
228
37
0
0
0
0
0
0
0
0
0
0
0
0
0
0
0
0
99
253
255
59
0
0
0
0
0
0
0
0
0
0
0
0
0
0
0
0
99
254
255
57
0
0
0
0
0
0
0
0
0
0
0
0
0
0
0
0
99
254
255
58
0
0
0
0
0
0
0
0
0
0
0
0
0
0
0
0
99
254
255
57
0
0
0
0
0
0
0
0
0
0
0
0
0
0
0
0
99
255
204
23
0
0
0
0
0
0
0
0
0
0
0
0
0
0
0
0
99
255
185
11
0
0
0
0
0
0
0
0
0
0
0
0
0
0
0
0
99
255
187
12
0
0
0
0
0
0
0
0
0
0
0
0
0
0
0
0
97
255
180
10
0
0
0
0
0
0
0
0
0
0
0
0
0
0
0
0
145
255
115
0
0
0
0
0
0
0
0
0
0
0
0
0
0
0
0
4
197
255
150
2
0
0
0
0
0
0
0
0
0
0
0
0
0
0
0
0
166
252
133
7
0
0
0
0
0
0
0
0
0
0
0
0
0
0
0
0
17
31
7
0
0
0
0
0
0
0
0
0
0
0
0
0
0
0
0
0
0
0
0
0
0
0
0
0
0
0
0
0
0
0
0
0
0
0
0
0
0
0
0
0
0
0
0
0
0
0
0