0
0
0
0
0
0
0
0
0
0
0
0
0
0
0
0
0
0
0
0
0
0
0
0
0
0
0
0
0
0
0
0
0
0
0
0
0
0
0
0
0
0
0
0
0
0
0
0
0
0
0
1
25
19
0
0
0
0
0
0
0
0
0
0
0
0
0
0
0
0
0
69
231
167
4
0
0
0
0
0
0
0
0
0
0
0
0
0
0
0
10
172
255
196
23
0
0
0
0
0
0
0
0
0
0
0
0
0
0
0
61
241
255
117
0
0
0
0
0
0
0
0
0
0
0
0
0
0
0
0
92
255
236
57
0
0
0
0
0
0
0
0
0
0
0
0
0
0
0
3
165
255
135
0
0
0
0
0
0
0
0
0
0
0
0
0
0
0
0
96
255
233
47
0
0
0
0
0
0
0
0
0
0
0
0
0
0
0
49
220
255
147
0
0
0
0
0
0
0
0
0
0
0
0
0
0
0
0
102
255
232
61
0
0
0
0
0
0
0
0
0
0
0
0
0
0
0
14
194
255
171
0
0
0
0
0
0
0
0
0
0
0
0
0
0
1
0
88
255
246
81
0
0
0
0
0
0
0
0
0
0
0
0
0
0
6
21
197
255
173
0
0
0
0
0
0
0
0
0
0
0
0
0
0
0
8
84
243
238
70
0
0
0
0
0
0
0
0
0
0
0
0
0
0
0
10
169
255
169
2
0
0
0
0
0
0
0
0
0
0
0
0
0
0
0
18
167
244
77
0
0
0
0
0
0
0
0
0
0
0
0
0
0
0
0
0
14
29
0
0
0
0
0
0
0
0
0
0
0
0
0
0
0
0
0
0
0
0
0
0
0
0
0
0
0
0
0
0
0
0
0
0
0
0
0
0
0
0
0
0
0
0
0
0
0
0
0
0
0
0