0
0
0
0
0
0
0
0
0
0
0
0
0
0
0
0
0
0
0
0
0
0
0
0
0
0
0
0
0
0
0
0
0
0
0
0
0
0
0
0
0
0
0
0
0
0
0
0
0
0
0
0
0
14
30
27
0
0
0
0
0
0
0
0
0
0
0
0
0
0
6
68
131
194
245
233
51
0
0
0
0
0
0
0
0
0
0
0
1
92
197
248
255
235
205
255
155
2
0
0
0
0
0
0
0
0
0
3
130
255
248
185
92
15
69
255
204
18
0
0
0
0
0
0
0
0
0
6
163
235
95
0
0
0
84
255
151
0
0
0
0
0
0
0
0
0
0
0
23
30
0
0
0
11
180
248
70
0
0
0
0
0
0
0
0
0
0
0
0
0
0
0
7
158
255
142
9
0
0
0
0
0
0
0
0
0
11
74
147
177
152
107
149
255
187
18
0
0
0
0
0
0
0
0
0
60
190
255
255
255
255
255
255
237
48
0
0
0
0
0
0
0
0
0
92
238
255
189
114
129
252
255
255
254
122
0
0
0
0
0
0
0
0
49
228
253
113
3
10
158
255
182
90
181
243
58
0
0
0
0
0
0
0
152
255
126
0
51
200
255
151
18
0
12
97
24
0
0
0
0
0
0
18
205
250
47
114
235
243
120
6
0
0
0
0
0
0
0
0
0
0
0
17
203
255
235
255
194
47
0
0
0
0
0
0
0
0
0
0
0
0
0
0
137
255
241
118
13
0
0
0
0
0
0
0
0
0
0
0
0
0
0
0
12
37
29
0
0
0
0
0
0
0
0
0
0
0
0
0
0
0
0
0
0
0
0
0
0
0
0
0
0
0
0
0
0
0
0
0
0
0
0
0
0
0
0
0
0
0
0
0
0
0
0
0
0
0
0
0
0