0
0
0
0
0
0
0
0
0
0
0
0
0
0
0
0
0
0
0
0
0
0
0
0
0
0
0
0
0
0
0
0
0
0
0
0
0
0
0
0
0
0
0
0
0
0
0
0
0
0
0
0
63
180
40
0
0
0
0
0
0
0
0
0
0
0
0
0
0
0
0
28
210
223
50
0
0
0
0
0
0
0
0
0
0
0
0
0
0
0
10
158
234
75
3
0
0
0
0
0
0
0
0
0
0
0
0
0
0
0
94
252
186
7
0
0
0
0
0
0
0
0
0
0
0
0
0
0
0
22
214
207
37
0
0
0
0
0
0
0
0
0
0
0
0
0
0
0
0
143
226
58
0
0
0
0
0
0
0
0
0
0
0
0
0
0
0
0
50
236
157
0
44
75
30
0
0
0
0
0
0
0
0
0
0
0
0
0
136
248
57
87
226
250
139
0
0
0
0
0
0
0
0
0
0
0
0
39
255
158
99
229
167
247
111
0
0
0
0
0
0
0
0
0
0
0
0
144
241
143
213
116
85
195
42
0
0
0
0
0
0
0
0
0
0
0
44
234
208
214
127
57
213
79
0
0
0
0
0
0
0
0
0
0
0
0
51
236
255
228
191
228
130
2
0
0
0
0
0
0
0
0
0
0
0
0
30
224
255
234
182
112
7
0
0
0
0
0
0
0
0
0
0
0
0
0
0
62
232
98
0
0
0
0
0
0
0
0
0
0
0
0
0
0
0
0
0
4
81
54
0
0
0
0
0
0
0
0
0
0
0
0
0
0
0
0
0
0
0
0
0
0
0
0
0
0
0
0
0
0
0
0
0
0
0
0
0
0
0
0
0
0
0
0
0
0
0
0
0
0
0
0
0
0
0
0
0
0
0
0
0
0
0
0
0
0
0
0
0
0