0
0
0
0
0
0
0
0
0
0
0
0
0
0
0
0
0
0
0
0
0
0
0
0
0
0
0
0
0
0
0
0
0
0
0
0
0
0
0
0
0
0
0
0
0
0
0
0
0
0
0
23
37
20
0
0
0
0
0
0
0
0
0
0
0
0
0
0
0
14
118
226
255
215
80
7
0
0
0
0
0
0
0
0
0
0
0
0
30
176
255
187
130
235
241
72
0
0
0
0
0
0
0
0
0
0
0
5
166
240
100
0
0
80
247
140
0
0
0
0
0
0
0
0
0
0
0
50
254
194
0
0
0
22
213
194
8
0
0
0
0
0
0
0
0
0
0
27
189
156
3
0
0
18
209
190
5
0
0
0
0
0
0
0
0
0
0
0
10
1
0
0
0
29
216
153
0
0
0
0
0
0
0
0
0
0
0
0
0
0
0
0
0
102
254
83
0
0
0
0
0
0
0
0
0
46
119
139
86
24
0
0
17
183
208
6
0
0
0
0
0
0
0
0
82
228
242
229
233
211
97
0
91
255
93
0
0
0
0
0
0
0
0
15
201
191
39
18
56
215
250
103
134
198
18
0
0
0
0
0
0
0
0
23
207
107
0
0
0
39
215
255
238
77
0
0
0
0
0
0
0
0
0
0
168
221
47
0
0
54
225
255
167
2
0
0
0
0
0
0
0
0
0
0
15
226
214
99
156
248
223
205
253
116
0
0
0
0
0
0
0
0
0
0
0
71
217
255
211
157
50
36
105
39
0
0
0
0
0
0
0
0
0
0
0
0
20
35
18
4
0
0
0
0
0
0
0
0
0
0
0
0
0
0
0
0
0
0
0
0
0
0
0
0
0
0
0
0
0
0
0
0
0
0
0
0
0
0
0
0
0
0
0
0
0
0
0
0
0
0