0
0
0
0
0
0
0
0
0
0
0
0
0
0
0
0
0
0
0
0
0
0
0
0
0
0
0
0
0
0
0
89
149
45
0
0
0
0
0
0
0
0
0
0
0
0
0
0
0
0
112
255
242
58
0
0
0
0
0
0
0
0
0
0
0
0
0
0
1
123
255
228
67
0
0
0
0
0
0
0
0
0
0
0
0
0
0
0
47
235
215
47
0
0
0
0
0
0
0
0
0
0
0
0
0
0
0
28
213
240
96
0
0
0
0
0
0
0
0
0
0
0
0
0
0
0
25
169
249
100
0
0
0
0
0
0
0
0
0
0
0
0
0
0
0
0
128
255
121
0
0
0
0
0
0
0
0
0
0
0
0
0
0
0
0
75
248
186
14
0
0
0
9
33
0
0
0
0
0
0
0
0
0
0
3
191
255
84
0
34
89
65
169
217
105
45
12
0
0
0
0
0
0
0
8
231
248
34
62
215
168
159
181
167
175
204
198
14
0
0
0
0
0
0
4
193
245
96
211
170
34
0
0
0
4
51
204
129
0
0
0
0
0
0
0
103
255
244
255
112
12
5
0
0
0
0
173
218
0
0
0
0
0
0
0
17
182
255
255
217
204
72
0
0
0
11
86
116
0
0
0
0
0
0
0
0
35
151
223
251
250
206
162
149
126
154
125
0
0
0
0
0
0
0
0
0
0
0
45
111
139
169
189
124
100
42
22
0
0
0
0
0
0
0
0
0
0
0
0
0
0
0
0
0
0
0
0
0
0
0
0
0
0
0
0
0
0
0
0
0
0
0
0
0
0
0
0
0
0
0
0
0
0
0
0
0
0
0
0
0
0
0
0
0
0
0
0
0
0
0
0
0
0
0
0
0
0
0
0
0
0
0
0
0
0
0
0
0
0
0