0
0
0
0
0
0
0
0
0
0
0
0
0
0
0
0
0
0
0
0
0
0
0
0
0
0
0
0
0
0
0
0
0
0
0
0
0
0
0
0
0
0
0
0
0
0
0
0
0
0
0
0
0
0
0
0
0
0
0
0
0
0
0
0
0
0
0
0
0
0
0
0
0
0
0
0
0
0
0
0
0
0
0
0
0
0
0
0
61
171
194
136
7
0
0
0
0
0
0
0
0
0
0
0
0
0
0
92
233
169
130
177
116
0
0
0
0
0
0
0
0
0
0
0
0
0
59
234
118
0
0
4
197
45
0
0
0
0
0
0
0
0
0
0
0
1
169
210
0
0
0
0
172
181
12
0
0
0
0
0
0
0
0
0
0
44
234
136
0
0
0
10
178
189
12
0
0
0
0
0
0
0
0
0
0
44
233
68
0
0
0
4
205
144
0
0
0
0
0
0
0
0
0
0
0
33
219
113
0
0
0
42
229
95
0
0
0
0
0
0
0
0
0
0
0
0
142
214
21
0
58
200
239
59
0
0
0
0
0
0
0
0
0
0
0
0
21
186
219
215
205
197
228
45
0
0
0
0
0
0
0
0
0
0
0
0
0
4
107
125
39
92
231
47
0
0
0
0
0
0
0
0
0
0
0
0
0
0
0
0
0
99
231
47
0
0
0
0
0
0
0
0
0
0
0
0
0
0
0
0
0
99
231
47
0
0
0
0
0
0
0
0
0
0
0
0
0
0
0
0
0
101
233
46
0
0
0
0
0
0
0
0
0
0
0
0
0
0
0
0
0
71
222
69
0
0
0
0
0
0
0
0
0
0
0
0
0
0
0
0
0
0
71
48
0
0
0
0
0
0
0
0
0
0
0
0
0
0
0
0
0
0
0
0
0
0
0
0
0
0