0
0
0
0
0
0
0
0
0
0
0
0
0
0
0
0
0
0
0
0
0
0
0
0
0
0
0
0
0
0
0
0
0
0
0
0
0
0
0
0
0
0
0
0
0
0
0
2
17
9
13
17
14
0
0
0
0
0
0
0
0
0
0
0
0
0
0
23
199
177
192
206
197
148
143
93
16
0
0
0
0
0
0
0
0
0
0
97
255
255
227
203
204
214
249
247
194
20
0
0
0
0
0
0
0
0
33
224
255
178
19
3
4
8
25
57
125
17
0
0
0
0
0
0
0
6
156
255
198
25
0
0
0
0
0
0
0
0
0
0
0
0
0
0
0
60
239
255
168
31
13
0
0
0
0
0
0
0
0
0
0
0
0
0
0
142
255
255
255
255
195
128
54
11
0
0
0
0
0
0
0
0
0
0
0
80
207
212
199
182
237
255
239
183
70
0
0
0
0
0
0
0
0
0
0
0
5
6
4
1
36
120
195
249
228
41
0
0
0
0
0
0
0
0
0
0
0
0
0
0
0
0
0
118
252
132
0
0
0
0
0
0
0
2
21
18
0
0
0
0
0
0
0
62
251
189
0
0
0
0
0
0
14
149
215
206
129
8
0
0
0
0
0
132
255
161
0
0
0
0
0
0
25
231
255
255
154
34
2
25
32
67
173
255
233
53
0
0
0
0
0
0
0
53
178
253
255
245
204
238
254
255
255
210
69
0
0
0
0
0
0
0
0
0
2
98
147
194
205
204
184
140
90
27
0
0
0
0
0
0
0
0
0
0
0
0
0
14
17
17
11
0
0
0
0
0
0
0
0
0
0
0
0
0
0
0
0
0
0
0
0
0
0
0
0
0
0
0
0
0
0
0
0
0
0
0
0
0
0
0
0
0
0
0
0
0
0
0
0
0