0
0
0
0
0
0
0
0
0
0
0
0
0
0
0
0
0
0
0
0
0
0
0
0
0
0
0
0
0
0
0
0
0
0
0
0
0
0
0
0
0
0
0
0
0
0
0
0
0
0
0
0
0
0
0
0
0
0
0
0
0
0
0
0
0
0
0
0
0
0
0
72
43
0
0
0
0
0
0
0
0
0
0
0
0
0
0
0
0
0
16
201
155
0
0
0
0
0
0
0
0
0
0
0
0
0
0
0
0
0
35
219
201
0
0
0
0
0
0
0
0
0
0
0
0
0
0
0
0
0
51
244
148
0
0
0
0
0
0
0
0
0
0
0
0
0
0
0
0
0
81
255
76
0
0
0
0
0
0
0
0
0
0
0
0
0
0
0
0
0
170
245
39
0
0
0
0
0
0
0
0
0
0
0
0
0
0
0
0
20
241
166
3
0
0
0
0
0
0
0
0
0
0
0
0
0
0
0
0
104
244
79
0
0
0
0
0
0
0
0
0
0
0
0
0
0
0
0
1
191
202
9
0
0
0
0
0
0
0
0
0
0
0
0
0
0
0
0
68
245
134
0
0
0
0
0
0
0
0
0
0
0
0
0
0
0
0
0
114
246
24
0
0
0
0
0
0
0
0
0
0
0
0
0
0
0
0
8
188
155
0
0
0
0
0
0
0
0
0
0
0
0
0
0
0
0
0
51
243
65
0
0
0
0
0
0
0
0
0
0
0
0
0
0
0
0
0
109
172
0
0
0
0
0
0
0
0
0
0
0
0
0
0
0
0
0
0
151
121
0
0
0
0
0
0
0
0
0
0
0
0
0
0
0
0
0
0
0
0
0
0
0
0
0
0
0
0
0
0
0
0
0
0
0
0
0
0
0
0
0
0
0
0
0
0
0
0
0
0
0