0
0
0
0
0
0
0
0
0
0
0
0
0
0
0
0
0
0
0
0
0
0
0
0
0
0
0
0
0
0
0
0
0
0
0
0
0
0
0
0
0
0
0
0
0
0
0
0
0
0
0
0
0
0
0
0
0
0
0
0
0
0
0
0
0
0
0
0
6
40
31
0
0
0
0
0
0
0
0
0
0
0
0
0
0
0
0
21
138
230
184
17
0
2
21
14
0
0
0
0
0
0
0
0
0
0
0
137
255
230
211
70
82
182
221
185
32
0
0
0
0
0
0
0
0
0
60
240
214
52
67
176
252
255
255
255
135
1
0
0
0
0
0
0
0
9
177
255
147
0
47
245
211
54
81
247
218
22
0
0
0
0
0
0
1
133
246
219
46
0
8
74
41
0
24
220
255
36
0
0
0
0
0
0
50
240
255
102
0
0
0
0
0
0
65
247
255
36
0
0
0
0
0
22
190
255
172
6
0
0
0
0
0
0
134
255
198
15
0
0
0
0
0
79
251
247
71
0
0
0
0
0
0
91
236
241
77
0
0
0
0
0
0
119
255
149
5
0
0
0
0
15
144
253
245
119
0
0
0
0
0
0
16
198
253
59
0
0
0
0
74
191
255
242
112
0
0
0
0
0
0
0
23
221
254
130
82
123
184
185
242
255
193
73
0
0
0
0
0
0
0
0
0
71
236
255
255
255
255
255
191
82
9
0
0
0
0
0
0
0
0
0
0
3
110
226
195
156
137
83
11
0
0
0
0
0
0
0
0
0
0
0
0
0
0
24
15
2
0
0
0
0
0
0
0
0
0
0
0
0
0
0
0
0
0
0
0
0
0
0
0
0
0
0
0
0
0
0
0
0
0
0
0
0
0
0
0
0
0
0
0
0
0
0
0
0
0
0
0
0