0
0
0
0
0
0
0
0
0
0
0
0
0
0
0
0
0
0
0
0
0
0
0
0
0
0
0
0
0
0
0
0
0
0
0
0
0
0
0
0
0
0
0
0
0
0
0
0
0
0
0
0
0
0
0
0
0
0
0
0
0
0
0
0
0
0
0
0
0
0
47
80
5
0
0
0
0
0
0
0
0
0
0
0
0
0
0
0
0
0
170
249
29
0
0
0
0
0
0
0
0
0
0
0
0
0
0
0
0
4
194
255
35
0
0
0
0
0
0
0
0
0
0
0
0
0
0
0
0
6
212
255
34
0
0
0
0
0
0
0
0
0
0
0
0
0
0
0
0
10
248
230
26
0
0
0
0
0
0
0
0
0
0
0
0
0
0
0
0
8
251
174
8
0
0
0
0
0
0
0
0
0
0
0
0
0
0
0
0
32
255
141
0
0
0
0
0
0
0
0
0
0
0
0
0
0
0
0
0
117
255
109
0
0
0
0
0
0
0
0
0
0
0
0
0
0
0
0
0
192
220
28
0
0
0
0
0
0
0
0
0
0
0
0
0
0
0
0
41
228
193
0
0
0
0
0
0
0
0
0
0
0
0
0
0
0
0
0
122
255
135
0
0
0
0
0
0
0
0
0
0
0
0
0
0
0
0
4
162
255
57
0
0
0
0
0
0
0
0
0
0
0
0
0
0
0
0
18
213
248
9
0
0
0
0
0
0
0
0
0
0
0
0
0
0
0
0
67
255
167
1
0
0
0
0
0
0
0
0
0
0
0
0
0
0
0
0
50
179
40
0
0
0
0
0
0
0
0
0
0
0
0
0
0
0
0
0
0
0
0
0
0
0
0
0
0
0
0
0
0
0
0
0
0
0
0
0
0
0
0
0
0
0
0
0
0
0
0
0
0