0
0
0
0
0
0
0
0
0
0
0
0
0
0
0
0
0
0
0
0
0
0
0
0
0
0
0
0
0
0
0
0
0
0
0
0
0
0
0
0
0
0
0
0
0
0
0
0
0
0
0
0
0
0
0
0
0
0
0
0
0
0
0
0
0
0
0
0
0
0
0
0
0
0
0
0
0
0
0
0
0
0
0
0
0
0
0
0
2
9
1
0
0
0
0
0
0
0
0
0
0
0
0
0
0
0
3
77
179
242
178
51
0
0
0
0
0
0
0
0
0
0
0
0
0
3
119
255
247
205
226
204
21
0
0
0
0
0
0
0
0
0
0
0
0
55
249
211
61
13
24
173
115
0
0
0
0
0
0
0
0
0
0
0
0
117
233
42
0
0
0
80
169
1
0
0
0
0
0
0
0
0
0
0
2
191
148
0
0
0
0
79
233
105
11
0
0
0
0
0
0
0
0
0
0
140
194
55
12
13
45
150
255
232
46
0
0
0
0
0
0
0
0
0
0
36
202
242
189
189
239
253
213
222
46
0
0
0
0
0
0
0
0
0
0
0
24
114
173
213
142
66
34
194
66
0
0
0
0
0
0
0
0
0
0
0
0
0
0
0
0
0
4
180
123
0
0
0
0
0
0
0
0
0
0
0
0
0
0
0
0
0
6
168
213
7
0
0
0
0
0
0
0
0
0
0
0
0
0
0
0
0
0
68
233
57
0
0
0
0
0
0
0
0
0
0
0
0
0
0
0
0
0
16
200
123
0
0
0
0
0
0
0
0
0
0
0
0
0
0
0
0
0
0
145
193
3
0
0
0
0
0
0
0
0
0
0
0
0
0
0
0
0
0
35
202
36
0
0
0
0
0
0
0
0
0
0
0
0
0
0
0
0
0
3
47
9
0
0
0