0
0
0
0
0
0
0
0
0
0
0
0
0
0
0
0
0
0
0
0
0
0
0
0
0
0
0
0
0
0
0
0
0
0
0
0
0
0
0
0
0
0
0
0
0
0
0
0
0
0
0
0
0
0
0
0
0
0
0
0
0
0
0
0
0
0
0
0
0
0
0
0
0
0
0
0
0
0
0
0
0
0
0
0
0
0
0
2
46
68
101
109
144
153
152
152
155
90
0
0
0
0
0
0
0
0
0
94
242
252
243
236
233
219
215
215
220
154
0
0
0
0
0
0
0
0
19
209
221
102
73
65
54
34
28
28
29
9
0
0
0
0
0
0
0
39
204
221
138
21
0
0
0
0
0
0
0
0
0
0
0
0
0
0
0
83
255
148
18
0
0
0
0
0
0
0
0
0
0
0
0
0
0
0
0
25
167
245
215
146
41
0
0
0
0
0
0
0
0
0
0
0
0
0
0
0
7
80
169
213
234
183
77
17
0
0
0
0
0
0
0
0
0
0
0
0
0
0
0
21
90
189
245
192
51
0
0
0
0
0
0
0
0
0
0
0
0
0
0
0
0
7
53
221
182
2
0
0
0
0
0
0
0
0
0
0
0
0
0
0
0
0
48
209
216
8
0
0
0
0
0
0
0
6
8
1
0
0
4
8
55
128
230
252
115
0
0
0
0
0
0
0
0
84
209
177
145
159
202
240
255
245
201
80
0
0
0
0
0
0
0
0
0
13
99
195
236
229
195
156
124
71
18
0
0
0
0
0
0
0
0
0
0
0
0
13
26
24
14
2
0
0
0
0
0
0
0
0
0
0
0
0
0
0
0
0
0
0
0
0
0
0
0
0
0
0
0
0
0
0
0
0
0
0
0
0
0
0
0
0
0
0
0
0
0
0
0
0
0
0