0
0
0
0
0
0
0
0
0
0
0
0
0
0
0
0
0
0
0
0
0
0
0
0
0
0
0
0
0
0
0
0
0
0
0
0
0
0
0
0
0
0
0
0
0
0
0
0
0
0
0
0
0
3
26
2
0
0
0
0
0
0
0
0
0
0
0
0
0
0
0
0
0
55
224
72
0
0
0
0
0
0
0
0
0
0
0
0
0
0
0
0
0
74
246
129
0
0
0
0
0
0
0
5
66
28
0
0
0
0
0
0
0
30
218
166
0
0
0
0
0
0
0
48
237
149
0
0
0
0
0
0
0
53
226
89
0
0
0
0
0
0
0
107
255
176
0
0
0
0
0
0
0
119
255
54
0
0
0
0
0
0
0
143
255
122
0
0
0
0
0
0
1
156
249
39
0
0
0
0
0
0
1
153
255
79
42
44
44
46
39
10
22
199
225
0
0
0
0
0
0
0
16
200
255
250
255
255
255
255
245
210
210
252
234
79
26
0
0
0
0
0
4
124
240
219
174
136
133
119
110
87
141
255
223
183
112
7
0
0
0
0
0
5
29
23
8
0
0
0
0
0
78
255
96
5
16
1
0
0
0
0
0
0
0
0
0
0
0
0
0
0
121
255
82
0
0
0
0
0
0
0
0
0
0
0
0
0
0
0
0
0
163
255
79
0
0
0
0
0
0
0
0
0
0
0
0
0
0
0
0
0
182
236
46
0
0
0
0
0
0
0
0
0
0
0
0
0
0
0
0
0
114
208
38
0
0
0
0
0
0
0
0
0
0
0
0
0
0
0
0
0
7
24
4
0
0
0
0
0
0
0
0
0
0
0
0
0
0
0
0
0
0
0
0
0
0
0
0
0
0
0
0
0
0
0
0
0
0
0
0
0
0
0
0
0
0
0
0
0