0
0
0
0
0
0
0
0
0
0
0
0
0
0
0
0
0
0
0
0
0
0
0
0
0
0
0
0
0
0
0
0
0
0
0
0
0
0
0
0
0
0
0
0
0
0
0
0
0
0
0
0
0
0
0
0
0
0
0
0
0
0
0
0
0
0
0
0
0
0
0
0
0
0
0
0
0
0
0
0
0
0
0
0
0
0
0
0
28
129
194
168
109
4
0
0
0
0
0
0
0
0
0
0
0
0
0
65
235
231
191
186
239
154
11
0
0
0
0
0
0
0
0
0
0
0
27
208
181
47
0
2
111
230
40
0
0
0
0
0
0
0
0
0
0
6
164
196
10
33
0
117
231
194
26
0
0
0
0
0
0
0
0
0
0
33
219
107
0
26
0
95
255
143
0
0
0
0
0
0
0
0
0
0
0
34
219
91
0
0
60
167
255
164
2
0
0
0
0
0
0
0
0
0
0
14
193
162
81
151
235
254
241
61
0
0
0
0
0
0
0
0
0
0
0
0
107
238
207
150
128
246
166
0
0
0
0
0
0
0
0
0
0
0
0
0
6
26
15
6
167
249
50
0
0
0
0
0
0
0
0
0
0
0
0
0
0
0
0
122
255
122
0
0
0
0
0
0
0
0
0
0
0
0
0
0
0
0
40
233
180
8
0
0
0
0
0
0
0
0
0
0
0
0
0
0
0
0
158
219
32
0
0
0
0
0
0
0
0
0
0
0
0
0
0
0
0
73
241
85
0
0
0
0
0
0
0
0
0
0
0
0
0
0
0
0
21
213
159
3
0
0
0
0
0
0
0
0
0
0
0
0
0
0
0
0
48
129
19
0
0
0
0
0
0
0
0
0
0
0
0
0
0
0
0
0
0
0
0
0
0
0
0
0
0
0
0
0
0
0