0
0
0
0
0
0
0
0
0
0
0
0
0
0
0
0
0
0
0
0
0
0
0
0
0
0
0
0
0
0
0
0
0
0
0
0
0
0
0
0
0
0
0
0
0
0
0
0
0
0
0
7
12
0
0
0
0
0
0
0
0
0
0
0
0
0
0
0
0
0
35
167
89
0
0
0
0
0
0
0
0
0
0
0
0
0
0
0
0
18
190
242
49
0
0
0
0
0
0
0
0
0
0
0
0
0
0
0
0
37
250
248
75
0
0
0
0
0
0
0
0
0
0
0
0
0
0
0
0
81
253
226
31
0
0
0
0
0
0
0
0
0
0
0
0
0
0
0
0
138
255
234
51
0
0
0
0
0
0
0
0
0
0
0
0
0
0
0
3
164
255
222
24
0
0
0
0
0
0
0
0
0
0
0
0
0
0
0
30
209
255
219
23
0
0
0
0
0
0
0
0
0
0
0
0
0
0
0
31
212
255
182
11
0
0
0
0
0
0
0
0
0
0
0
0
0
0
0
31
211
255
195
15
0
0
0
0
0
0
0
0
0
0
0
0
0
0
0
28
210
255
131
0
0
0
0
0
0
0
0
0
0
0
0
0
0
0
0
51
229
236
61
0
0
0
0
0
0
0
0
0
0
0
0
0
0
0
0
98
255
231
58
0
0
0
0
0
0
0
0
0
0
0
0
0
0
0
0
102
255
233
61
0
0
0
0
0
0
0
0
0
0
0
0
0
0
0
0
43
178
218
36
0
0
0
0
0
0
0
0
0
0
0
0
0
0
0
0
0
9
27
0
0
0
0
0
0
0
0
0
0
0
0
0
0
0
0
0
0
0
0
0
0
0
0
0
0
0
0
0
0
0
0
0
0
0
0
0
0
0
0
0
0
0
0
0
0
0
0
0