0
0
0
0
0
0
0
0
0
0
0
0
0
0
0
0
0
0
0
0
0
0
0
0
0
0
0
0
0
0
0
0
0
0
0
0
0
0
0
0
0
0
0
0
0
0
0
0
0
0
0
0
0
0
0
0
0
0
0
0
0
0
0
0
0
0
0
0
3
40
105
107
40
0
0
0
0
0
0
0
0
0
0
0
0
0
0
0
115
224
238
223
191
17
0
0
0
0
0
0
0
0
0
0
0
0
0
102
255
143
24
25
154
160
8
0
0
0
0
0
0
0
0
0
0
0
21
216
205
23
0
0
14
72
11
0
0
0
0
0
0
0
0
0
0
0
98
250
93
0
0
0
0
0
0
0
0
0
0
0
0
0
0
0
0
0
141
222
29
0
0
13
29
0
0
0
0
0
0
0
0
0
0
0
0
42
231
197
0
2
43
168
221
110
2
0
0
0
0
0
0
0
0
0
0
58
252
172
15
172
237
221
222
255
114
0
0
0
0
0
0
0
0
0
0
57
248
110
145
249
131
33
53
235
228
25
0
0
0
0
0
0
0
0
0
58
247
192
237
125
0
0
0
113
255
128
0
0
0
0
0
0
0
0
0
51
241
255
143
11
0
0
0
46
232
215
24
0
0
0
0
0
0
0
0
7
119
160
12
0
0
0
0
11
193
245
69
0
0
0
0
0
0
0
0
0
0
1
0
0
0
0
0
0
100
247
80
0
0
0
0
0
0
0
0
0
0
0
0
0
0
0
0
0
56
237
89
0
0
0
0
0
0
0
0
0
0
0
0
0
0
0
0
0
8
192
151
9
0
0
0
0
0
0
0
0
0
0
0
0
0
0
0
0
0
0
0
0
0
0
0
0
0
0
0
0
0
0
0
0
0
0
0
0
0
0
0
0
0
0