0
0
0
0
0
0
0
0
0
0
0
0
0
0
0
0
0
0
0
0
0
0
0
0
0
0
0
0
0
0
0
0
0
0
0
0
0
0
0
0
0
0
0
0
0
0
0
0
0
0
0
0
0
0
0
0
0
0
0
0
0
0
0
0
0
0
0
0
0
0
0
0
0
0
0
0
0
0
0
0
0
0
0
0
0
0
0
0
0
14
88
158
123
26
0
0
0
0
0
0
0
0
0
0
0
0
0
10
117
230
253
190
173
217
150
24
0
0
0
0
0
0
0
0
0
0
59
188
251
180
90
5
0
127
255
75
0
0
0
0
0
0
0
0
0
56
232
233
84
10
0
0
0
82
250
99
0
0
0
0
0
0
0
0
6
201
212
54
0
0
4
94
44
89
253
84
0
0
0
0
0
0
0
0
85
255
114
0
0
20
145
255
89
90
255
66
0
0
0
0
0
0
0
0
98
255
195
129
139
209
255
255
63
23
109
9
0
0
0
0
0
0
0
0
8
118
198
202
196
128
184
242
35
0
0
0
0
0
0
0
0
0
0
0
0
0
14
15
11
2
205
180
8
0
0
0
0
0
0
0
0
0
0
0
0
0
0
0
0
5
225
123
0
0
0
0
0
0
0
0
0
0
0
0
0
0
0
0
0
6
222
119
0
0
0
0
0
0
0
0
0
0
0
0
0
0
0
0
0
0
166
159
0
0
0
0
0
0
0
0
0
0
0
0
0
0
0
0
0
0
105
249
63
0
0
0
0
0
0
0
0
0
0
0
0
0
0
0
0
0
14
178
243
151
17
0
0
0
0
0
0
0
0
0
0
0
0
0
0
0
0
31
115
76
1
0
0
0
0
0
0
0
0
0
0
0
0
0
0
0
0
0
0
0
0
0
0
0
0
0