0
0
0
0
0
0
0
0
0
0
0
0
0
0
0
0
0
0
0
0
0
0
0
0
0
0
0
0
0
0
0
0
0
0
0
0
0
0
0
0
0
0
0
0
0
0
0
0
0
0
0
0
0
0
0
0
0
0
0
0
0
0
0
0
0
0
0
0
23
71
4
0
0
0
0
0
0
0
0
0
0
0
0
0
0
0
0
0
126
203
6
0
0
0
0
0
0
0
0
0
0
0
0
0
0
0
0
12
203
117
0
40
79
7
0
0
0
0
0
0
0
0
0
0
0
0
0
85
235
54
7
187
196
6
0
0
0
0
0
0
0
0
0
0
0
0
6
210
182
5
78
255
80
0
0
0
0
0
0
0
0
0
0
0
0
0
1
208
162
0
76
251
29
0
0
0
0
0
0
0
0
0
0
0
0
0
3
199
134
0
128
219
21
0
0
1
2
0
0
0
0
0
0
0
0
0
57
232
98
0
224
188
3
0
30
97
21
0
0
0
0
0
0
0
0
0
28
233
129
0
243
151
100
164
182
104
0
0
0
0
0
0
0
0
0
0
0
181
244
177
250
251
228
144
50
6
0
0
0
0
0
0
0
0
0
0
0
49
145
230
247
171
46
0
0
0
0
0
0
0
0
0
0
0
0
0
0
0
0
188
204
2
0
0
0
0
0
0
0
0
0
0
0
0
0
0
0
0
22
213
167
0
0
0
0
0
0
0
0
0
0
0
0
0
0
0
0
0
78
246
75
0
0
0
0
0
0
0
0
0
0
0
0
0
0
0
0
0
52
163
15
0
0
0
0
0
0
0
0
0
0
0
0
0
0
0
0
0
0
0
0
0
0
0
0
0
0
0
0
0
0
0
0
0
0
0
0
0
0
0
0
0
0
0
0
0
0
0
0
0