0
0
0
0
0
0
0
0
0
0
0
0
0
0
0
0
0
0
0
0
0
0
0
0
0
0
0
0
0
0
0
0
0
0
0
0
0
0
0
0
0
0
0
0
0
0
1
0
0
0
0
0
0
0
0
0
0
0
0
0
0
0
0
0
0
89
156
151
73
0
0
0
0
0
0
0
0
0
0
0
0
0
0
0
0
114
255
255
224
110
0
0
0
0
0
0
0
0
0
0
0
0
0
0
0
26
187
255
255
254
104
0
0
0
0
0
0
0
0
0
0
0
0
0
0
0
33
155
253
255
229
67
0
0
0
0
0
0
0
0
0
0
0
0
0
0
0
0
138
255
255
129
0
0
0
0
0
0
0
0
0
0
0
0
0
0
0
0
87
255
244
82
0
0
0
0
0
0
0
0
0
0
0
0
0
0
0
0
99
255
223
45
0
0
0
0
0
0
0
0
0
0
0
0
0
0
0
20
195
255
109
0
0
0
0
0
0
0
0
0
0
0
0
0
0
17
71
173
255
252
168
79
36
38
38
38
39
34
3
0
0
0
0
0
5
189
245
255
254
255
255
251
235
235
235
236
237
234
151
24
0
0
0
0
1
177
255
255
245
212
213
215
215
231
226
215
218
204
95
0
0
0
0
0
0
73
220
207
70
34
34
34
33
51
46
33
35
23
9
0
0
0
0
0
0
0
27
27
0
0
0
0
0
0
0
0
0
0
0
0
0
0
0
0
0
0
0
0
0
0
0
0
0
0
0
0
0
0
0
0
0
0
0
0
0
0
0
0
0
0
0
0
0
0
0
0
0
0
0
0
0
0
0
0
0
0
0
0
0
0
0
0
0
0
0
0
0
0
0
0
0
0
0
0
0
0
0
0
0
0
0
0
0
0
0
0
0
0
0
0