0
0
0
0
0
0
0
0
0
0
0
0
0
0
0
0
0
0
0
0
0
0
0
0
0
0
0
0
0
0
0
0
0
0
0
0
0
0
0
0
0
0
0
0
0
0
6
25
31
32
37
36
36
37
14
0
0
0
0
0
0
0
0
0
0
39
174
227
249
255
255
255
255
255
131
0
0
0
0
0
0
0
0
0
0
72
255
247
166
81
109
140
153
199
228
7
0
0
0
0
0
0
0
0
0
12
82
24
0
0
0
0
18
181
203
4
0
0
0
0
0
0
0
0
0
0
0
0
0
0
0
0
135
255
133
0
0
0
0
0
0
0
0
0
0
0
0
0
0
0
0
141
255
178
18
0
0
0
0
0
0
0
0
0
0
0
0
0
0
82
180
255
214
32
0
0
0
0
0
0
0
0
0
0
0
0
28
166
192
251
255
255
172
0
0
0
0
0
0
0
0
0
0
0
0
0
150
255
255
255
255
255
255
209
121
36
0
0
0
0
0
0
0
0
0
0
63
141
108
106
128
208
255
255
255
171
0
0
0
0
0
0
0
0
3
5
0
0
0
0
0
19
24
114
255
186
0
0
0
0
0
0
0
0
91
161
22
0
0
0
0
0
0
99
252
192
0
0
0
0
0
0
0
0
180
255
213
168
99
34
60
96
176
250
255
87
0
0
0
0
0
0
0
0
105
233
255
255
255
251
251
255
255
195
70
0
0
0
0
0
0
0
0
0
0
51
118
182
184
216
252
203
112
21
0
0
0
0
0
0
0
0
0
0
0
0
0
10
11
21
33
17
0
0
0
0
0
0
0
0
0
0
0
0
0
0
0
0
0
0
0
0
0
0
0
0
0
0
0
0
0
0
0
0
0
0
0
0
0
0
0
0
0
0
0
0
0
0
0
0