0
0
0
0
0
0
0
0
0
0
0
0
0
0
0
0
0
0
0
0
0
0
0
0
0
0
0
0
0
0
0
0
0
0
0
0
0
0
0
0
0
0
0
0
0
0
0
0
0
0
0
0
0
0
0
0
0
0
0
0
0
0
0
0
0
0
0
0
0
0
0
0
0
0
0
0
0
0
0
0
0
0
0
0
0
0
0
0
2
60
135
188
172
54
0
0
0
0
0
0
0
0
0
0
0
0
25
106
205
246
255
255
255
232
98
14
0
0
0
0
0
0
0
0
0
39
195
255
255
255
234
193
163
255
253
159
16
0
0
0
0
0
0
0
19
183
255
255
188
105
36
11
22
214
255
211
22
0
0
0
0
0
0
0
77
254
255
152
6
0
0
0
48
240
255
230
56
0
0
0
0
0
0
0
76
254
211
29
0
0
3
91
211
255
255
225
46
0
0
0
0
0
0
0
79
255
249
221
155
131
209
247
255
254
199
97
9
0
0
0
0
0
0
0
42
191
255
255
255
255
255
253
255
231
56
0
0
0
0
0
0
0
0
0
0
24
132
196
198
196
223
254
255
171
6
0
0
0
0
0
0
0
0
0
0
0
0
0
0
0
110
255
241
74
0
0
0
0
0
0
0
0
0
0
0
0
0
0
0
2
182
255
217
2
0
0
0
0
0
0
0
0
0
0
0
0
0
0
0
82
250
255
193
0
0
0
0
0
0
0
0
0
0
0
0
0
0
0
0
161
255
253
86
0
0
0
0
0
0
0
0
0
0
0
0
0
0
0
0
163
255
233
25
0
0
0
0
0
0
0
0
0
0
0
0
0
0
0
0
63
150
90
1
0
0
0
0
0
0
0
0
0
0
0
0
0
0
0
0
0
0
0
0
0
0
0
0
0
0
0