0
0
0
0
0
0
0
0
0
0
0
0
0
0
0
0
0
0
0
0
0
0
0
0
0
0
0
0
0
0
0
0
0
0
0
0
0
0
0
0
0
0
0
0
0
0
0
0
0
0
49
179
231
132
2
0
0
0
0
0
0
0
0
0
0
0
0
0
0
93
228
255
221
104
2
0
0
0
0
0
0
0
0
0
0
0
0
0
93
225
255
194
42
0
0
0
0
0
0
0
0
0
0
0
0
0
0
63
232
255
191
31
0
0
0
0
0
0
0
0
0
0
0
0
0
0
5
207
255
212
51
0
0
0
0
0
0
0
0
0
0
0
0
0
0
0
74
245
253
94
0
78
173
178
176
97
21
0
0
0
0
0
0
0
0
24
191
255
193
11
86
244
255
255
255
247
126
0
0
0
0
0
0
0
0
80
251
251
95
6
199
255
174
78
76
253
142
0
0
0
0
0
0
0
0
127
255
242
70
61
255
199
19
0
0
183
191
12
0
0
0
0
0
0
0
129
255
242
69
134
255
194
13
0
48
246
198
15
0
0
0
0
0
0
0
125
255
242
67
77
223
125
0
14
188
255
129
0
0
0
0
0
0
0
0
76
247
251
120
0
0
33
97
191
255
164
17
0
0
0
0
0
0
0
0
40
221
255
242
170
150
211
255
242
131
13
0
0
0
0
0
0
0
0
0
1
53
204
255
255
255
255
193
58
0
0
0
0
0
0
0
0
0
0
0
0
0
38
88
109
109
92
26
0
0
0
0
0
0
0
0
0
0
0
0
0
0
0
0
0
0
0
0
0
0
0
0
0
0
0
0
0
0
0
0
0
0
0
0
0
0
0
0
0
0
0
0
0
0
0
0
0
0
0
0
0
0
0
0
0
0
0
0
0
0
0
0
0
0
0