0
0
0
0
0
0
0
0
0
0
0
0
0
0
0
0
0
0
0
0
0
0
0
0
0
0
0
0
0
0
0
0
0
0
0
0
0
0
0
0
0
0
0
0
0
0
0
0
0
0
0
0
0
0
0
0
0
0
0
0
0
0
0
0
0
0
0
0
0
0
0
0
0
0
77
18
0
0
0
0
0
0
0
0
0
0
0
80
34
0
0
0
0
28
212
47
0
0
0
0
0
0
0
0
0
0
0
199
138
0
0
0
0
48
221
88
0
0
0
0
0
0
0
0
0
0
16
211
102
0
0
0
0
61
231
79
0
0
0
0
0
0
0
0
0
0
81
215
33
0
0
0
0
131
251
44
0
0
0
0
0
0
0
0
0
22
204
126
0
0
0
0
4
175
208
11
0
0
0
0
0
0
0
0
14
155
216
43
5
12
14
9
74
247
145
0
0
0
0
0
0
0
0
0
147
255
250
243
218
237
255
253
251
240
54
0
0
0
0
0
0
0
0
0
117
255
244
238
231
199
137
143
239
110
3
0
0
0
0
0
0
0
0
0
10
70
48
32
36
15
0
97
201
8
0
0
0
0
0
0
0
0
0
0
0
0
0
0
0
0
10
176
148
0
0
0
0
0
0
0
0
0
0
0
0
0
0
0
0
0
60
255
72
0
0
0
0
0
0
0
0
0
0
0
0
0
0
0
0
0
143
202
15
0
0
0
0
0
0
0
0
0
0
0
0
0
0
0
0
32
238
119
0
0
0
0
0
0
0
0
0
0
0
0
0
0
0
0
0
47
167
12
0
0
0
0
0
0
0
0
0
0
0
0
0
0
0
0
0
0
0
0
0
0
0
0
0
0
0
0
0
0
0
0
0
0
0
0
0
0
0
0
0
0
0
0
0
0
0
0