0
0
0
0
0
0
0
0
0
0
0
0
0
0
0
0
0
0
0
0
0
0
0
0
0
0
0
0
0
0
0
0
0
0
0
0
0
0
0
0
0
0
0
0
0
0
0
0
0
0
1
17
10
0
0
0
0
0
0
0
0
0
0
0
0
0
0
0
0
0
35
197
162
1
0
0
0
0
0
0
0
0
0
0
0
0
0
0
0
0
27
207
255
119
3
0
0
0
0
0
0
0
0
0
0
0
0
0
0
0
0
143
255
128
4
0
0
0
0
0
0
0
7
107
49
0
0
0
0
0
0
92
254
160
4
0
0
0
0
0
0
0
38
249
181
41
0
0
0
0
0
96
255
227
42
0
0
0
0
0
0
0
163
251
216
167
0
0
0
0
0
43
212
255
126
0
0
0
0
0
0
0
149
243
72
35
0
0
0
0
0
0
102
255
198
4
0
0
0
0
0
0
110
255
128
0
0
0
0
12
35
92
198
255
231
41
0
0
0
0
0
0
42
214
225
135
110
110
130
179
222
255
255
245
250
66
0
0
0
0
0
0
0
93
237
255
255
255
240
247
218
128
77
132
255
85
0
0
0
0
0
0
0
0
57
144
148
120
60
62
27
0
0
94
255
187
9
0
0
0
0
0
0
0
0
0
0
0
0
0
0
0
0
53
230
255
87
0
0
0
0
0
0
0
0
0
0
0
0
0
0
0
0
20
199
255
110
0
0
0
0
0
0
0
0
0
0
0
0
0
0
0
0
0
78
150
37
0
0
0
0
0
0
0
0
0
0
0
0
0
0
0
0
0
0
0
0
0
0
0
0
0
0
0
0
0
0
0
0
0
0
0
0
0
0
0
0
0
0
0
0
0
0
0
0
0
0
0
0
0
0
0
0
0
0
0
0
0
0
0