0
0
0
0
0
0
0
0
0
0
0
0
0
0
0
0
0
0
0
0
0
0
0
0
0
0
0
0
0
0
0
0
0
0
0
0
0
0
0
0
0
0
0
0
0
0
0
0
0
0
0
0
0
0
0
0
0
0
0
0
0
0
0
0
0
0
0
0
0
0
0
0
0
0
0
0
0
0
0
0
0
0
0
0
0
0
0
0
0
0
0
0
0
0
0
0
0
0
0
0
0
0
0
0
0
0
0
0
0
0
71
77
95
145
144
145
151
93
20
0
0
0
0
0
0
0
0
0
19
135
255
255
246
237
239
219
181
183
69
0
0
0
0
0
0
0
0
12
154
255
242
126
33
25
27
21
8
12
7
0
0
0
0
0
0
0
0
118
255
197
120
29
6
0
0
0
0
0
0
0
0
0
0
0
0
0
0
199
255
214
196
217
200
91
0
0
0
0
0
0
0
0
0
0
0
0
0
131
203
198
149
120
178
239
110
0
0
0
0
0
0
0
0
0
0
0
0
0
8
4
0
0
72
251
170
1
0
0
0
0
0
0
0
0
0
49
138
172
42
0
0
33
218
248
59
0
0
0
0
0
0
0
0
0
56
240
230
223
188
67
103
226
251
100
0
0
0
0
0
0
0
0
0
0
163
239
89
155
255
242
255
206
65
0
0
0
0
0
0
0
0
0
0
0
104
214
206
191
152
153
94
6
0
0
0
0
0
0
0
0
0
0
0
0
0
32
40
14
0
0
0
0
0
0
0
0
0
0
0
0
0
0
0
0
0
0
0
0
0
0
0
0
0
0
0
0
0
0
0
0
0
0
0
0
0
0
0
0
0
0
0
0
0
0
0
0
0
0
0
0
0
0
0
0
0
0
0
0
0
0
0
0
0
0
0
0
0
0
0
0