0
0
0
0
0
0
0
0
0
19
48
2
0
0
0
0
0
0
0
0
0
0
0
0
0
0
0
0
0
97
175
6
0
0
0
0
0
0
0
0
0
0
0
0
0
0
0
0
48
222
196
15
0
0
0
0
0
0
0
0
0
0
0
0
0
0
0
9
174
255
92
0
0
0
0
0
0
0
0
0
0
0
0
0
0
0
0
59
255
191
6
0
0
0
0
0
0
0
0
0
0
0
0
0
0
0
69
243
236
51
0
0
0
0
0
0
0
0
0
0
0
0
0
0
0
37
198
242
83
2
0
0
0
0
0
0
0
0
0
0
0
0
0
0
0
126
255
174
0
0
0
0
0
0
0
0
0
0
0
0
0
0
0
0
21
214
254
65
0
0
0
0
0
6
78
125
31
0
0
0
0
0
0
0
112
255
203
14
0
0
0
0
0
124
251
255
207
22
0
0
0
0
0
0
173
255
155
2
0
0
0
2
125
251
213
246
248
31
0
0
0
0
0
0
155
255
170
3
0
0
0
110
255
174
61
244
175
9
0
0
0
0
0
0
61
238
251
119
17
19
35
196
255
163
185
222
44
0
0
0
0
0
0
0
0
107
242
255
216
215
225
254
255
255
244
90
0
0
0
0
0
0
0
0
0
8
46
133
251
247
247
245
241
165
61
0
0
0
0
0
0
0
0
0
0
0
0
0
10
10
10
10
9
1
0
0
0
0
0
0
0
0
0
0
0
0
0
0
0
0
0
0
0
0
0
0
0
0
0
0
0
0
0
0
0
0
0
0
0
0
0
0
0
0
0
0
0
0
0
0
0
0
0
0
0
0
0
0
0
0
0
0
0
0
0
0
0
0
0
0
0
0
0
0
0
0
0
0
0
0
0
0
0
0
0
0
0
0
0
0