0
0
0
0
0
0
0
0
0
0
0
0
0
0
0
0
0
0
0
0
0
0
0
0
0
0
0
0
0
0
0
0
0
0
0
0
0
0
0
0
0
0
0
0
0
0
0
0
0
0
0
0
0
0
0
0
0
0
0
0
0
0
0
0
0
0
0
0
0
2
89
110
93
70
26
0
0
0
0
0
0
0
0
0
0
0
0
0
57
178
254
255
255
245
203
43
0
0
0
0
0
0
0
0
0
0
0
29
216
255
255
253
251
214
252
226
53
0
0
0
0
0
0
0
0
0
0
37
228
255
255
255
241
62
87
248
182
8
0
0
0
0
0
0
0
0
0
57
240
255
171
103
101
8
0
120
249
35
0
0
0
0
0
0
0
0
0
47
255
203
2
0
0
0
0
65
255
72
0
0
0
0
0
0
0
0
0
27
225
228
97
35
13
18
33
162
245
39
0
0
0
0
0
0
0
2
71
168
248
255
254
243
216
226
255
255
126
0
0
0
0
0
0
0
26
150
244
255
226
229
250
255
255
246
154
104
21
0
0
0
0
0
0
0
134
255
213
67
22
25
58
128
245
207
24
0
0
0
0
0
0
0
0
57
231
139
21
0
0
0
0
0
172
238
48
0
0
0
0
0
0
0
0
66
235
92
0
0
0
0
0
0
124
250
56
0
0
0
0
0
0
0
0
56
233
245
134
60
34
48
69
113
232
211
34
0
0
0
0
0
0
0
0
10
113
241
255
255
219
223
255
255
223
72
0
0
0
0
0
0
0
0
0
0
0
66
117
148
193
164
120
98
50
0
0
0
0
0
0
0
0
0
0
0
0
0
0
0
0
0
0
0
0
0
0
0
0
0
0
0
0
0
0
0
0
0
0
0
0
0
0
0
0
0
0
0
0
0
0
0