0
0
0
0
0
0
0
0
0
0
0
0
0
0
0
0
0
0
0
0
0
0
0
0
0
0
0
0
0
0
0
0
0
0
0
0
0
0
0
0
0
0
0
0
0
0
0
0
0
0
5
29
119
198
182
17
0
0
0
0
0
0
0
0
0
0
0
0
0
37
163
248
255
255
255
99
0
0
0
0
0
0
0
0
0
0
0
0
0
161
255
255
244
255
254
97
0
0
0
0
0
0
0
0
0
0
0
0
0
47
187
105
55
255
255
101
0
0
0
0
0
0
0
0
0
0
0
0
0
0
0
0
106
255
250
47
0
0
0
0
0
0
0
0
0
0
1
15
25
15
0
3
213
255
205
1
0
0
0
0
0
0
0
0
15
102
152
195
230
198
130
171
255
255
122
0
0
0
0
0
0
0
0
15
168
255
255
248
181
221
255
255
255
198
13
0
0
0
0
0
0
0
2
153
255
255
196
22
0
33
248
255
255
196
57
0
0
0
0
0
0
0
12
187
255
232
52
0
37
185
255
255
233
255
237
29
0
0
0
0
0
0
12
187
255
148
0
38
211
255
255
142
42
211
255
190
22
0
0
0
0
0
6
173
255
211
121
218
255
255
182
1
0
94
255
255
96
0
0
0
0
0
0
71
241
255
255
255
241
135
34
0
0
57
243
250
66
0
0
0
0
0
0
0
134
255
255
235
106
0
0
0
0
34
167
150
12
0
0
0
0
0
0
0
0
83
113
48
0
0
0
0
0
0
0
0
0
0
0
0
0
0
0
0
0
0
0
0
0
0
0
0
0
0
0
0
0
0
0
0
0
0
0
0
0
0
0
0
0
0
0
0
0
0
0
0
0
0
0
0
0
0
0
0
0
0
0
0
0
0
0
0
0
0
0
0
0
0
0
0