0
0
0
0
0
0
0
0
0
0
0
0
0
0
0
0
0
0
0
0
0
0
0
0
0
0
0
0
0
0
0
0
0
0
0
0
0
0
0
0
0
0
0
0
0
0
0
0
0
0
0
0
0
0
0
0
0
0
0
0
0
0
0
0
0
0
0
0
0
0
0
0
0
0
0
0
13
17
0
0
0
0
0
0
0
0
0
0
0
0
0
0
0
0
0
25
180
183
11
0
0
0
0
0
0
0
0
0
0
0
0
0
0
0
0
99
249
159
2
0
0
0
0
0
0
0
0
0
28
71
3
0
0
0
46
234
158
5
0
0
0
0
0
0
0
0
0
110
225
211
7
0
0
14
186
226
53
0
0
0
0
0
0
0
0
8
134
255
180
61
0
0
0
144
255
69
0
0
0
0
0
0
0
0
0
103
255
172
17
0
0
0
81
255
153
0
0
0
0
0
0
0
0
0
79
248
187
14
0
0
0
45
230
168
13
0
0
0
0
0
0
0
0
0
188
255
139
43
20
20
62
195
254
138
29
0
0
0
0
0
0
0
0
0
91
223
242
241
217
220
242
245
178
69
10
0
0
4
14
0
0
0
0
0
0
17
96
121
104
221
252
99
0
0
0
0
0
0
0
0
0
0
0
0
0
0
0
0
112
250
138
3
0
0
0
0
0
0
0
0
0
0
0
0
0
0
0
94
238
139
0
0
0
0
0
0
0
0
0
0
0
0
0
0
0
0
19
206
134
8
0
0
0
0
0
0
0
0
0
0
0
0
0
0
0
0
5
28
2
0
0
0
0
0
0
0
0
0
0
0
0
0
0
0
0
0
0
0
0
0
0
0
0
0
0
0
0
0
0
0
0
0
0
0
0
0
0
0
0
0
0
0
0
0
0
0
0
0
0
0