0
0
0
0
0
0
0
0
0
0
0
0
0
0
0
0
0
0
0
0
0
0
0
0
0
0
0
0
0
0
0
0
0
0
0
0
0
0
0
0
0
0
0
0
0
0
0
3
22
3
0
0
0
0
0
0
0
0
0
0
0
0
0
0
0
0
0
52
211
40
0
0
0
0
0
0
0
0
0
0
0
0
0
0
0
0
0
68
255
80
0
0
0
0
0
0
0
0
0
0
0
0
0
0
0
0
0
77
222
39
0
63
42
0
0
0
0
0
0
0
0
0
0
0
0
0
0
137
205
23
0
173
134
0
0
0
0
0
0
0
0
0
0
0
0
0
0
220
163
0
0
131
182
0
0
0
0
0
0
0
0
0
0
0
0
0
24
226
109
0
0
110
225
32
0
0
0
0
0
0
0
0
0
0
0
0
82
225
45
0
0
111
232
45
0
0
0
0
0
0
0
0
0
0
0
0
135
224
17
0
0
108
201
0
0
0
0
0
0
0
0
0
0
0
0
6
175
219
70
86
96
166
226
84
45
2
0
0
0
0
0
0
0
0
0
7
175
252
232
226
220
234
249
224
202
40
0
0
0
0
0
0
0
0
0
1
72
90
86
53
11
124
213
44
30
4
0
0
0
0
0
0
0
0
0
0
0
0
0
0
0
112
226
31
0
0
0
0
0
0
0
0
0
0
0
0
0
0
0
0
0
92
219
31
0
0
0
0
0
0
0
0
0
0
0
0
0
0
0
0
0
24
148
0
0
0
0
0
0
0
0
0
0
0
0
0
0
0
0
0
0
0
14
0
0
0
0
0
0
0
0
0
0
0
0
0
0
0
0
0
0
0
0
0
0
0
0
0
0
0
0
0
0
0
0
0
0
0
0
0
0
0
0
0
0
0
0
0
0
0