0
0
0
0
0
0
0
0
0
0
0
0
0
0
0
0
0
0
0
0
0
0
0
0
0
0
0
0
0
0
0
0
0
0
0
0
0
0
0
0
0
0
0
0
0
0
0
0
0
0
0
0
0
0
0
0
0
0
0
0
0
0
0
0
0
0
0
0
0
0
0
0
0
0
0
0
0
0
0
0
0
0
0
0
0
0
103
81
0
0
0
0
104
107
0
0
0
0
0
0
0
0
0
0
0
37
229
102
0
0
0
0
178
105
0
0
0
0
0
0
0
0
0
0
0
53
226
45
0
0
0
29
219
90
0
0
0
0
0
0
0
0
0
0
0
56
205
25
0
0
0
85
241
87
0
0
0
0
0
0
0
0
0
0
0
106
183
10
0
0
0
101
239
98
38
1
0
0
0
0
0
0
0
0
2
185
159
2
0
4
4
129
249
225
163
3
0
0
0
0
0
0
0
0
6
219
231
171
182
216
201
239
250
142
27
0
0
0
0
0
0
0
0
0
0
74
168
174
168
159
112
149
205
3
0
0
0
0
0
0
0
0
0
0
0
0
4
6
5
1
0
147
191
0
0
0
0
0
0
0
0
0
0
0
0
0
0
0
0
0
4
178
140
0
0
0
0
0
0
0
0
0
0
0
0
0
0
0
0
0
36
222
126
0
0
0
0
0
0
0
0
0
0
0
0
0
0
0
0
0
53
246
106
0
0
0
0
0
0
0
0
0
0
0
0
0
0
0
0
0
53
245
55
0
0
0
0
0
0
0
0
0
0
0
0
0
0
0
0
0
49
241
51
0
0
0
0
0
0
0
0
0
0
0
0
0
0
0
0
0
8
85
20
0
0
0
0
0
0
0
0
0
0
0
0
0
0
0
0
0
0
0
0
0
0
0
0
0
0
0