0
0
0
0
0
0
0
0
0
0
0
0
0
0
0
0
0
0
0
0
0
0
0
0
0
0
0
0
0
0
0
0
0
0
0
0
0
0
0
0
0
0
0
0
0
0
0
0
0
0
0
0
0
0
0
0
0
0
0
0
0
0
0
0
0
0
0
0
0
0
0
3
62
103
106
63
8
0
0
0
0
0
0
0
0
0
0
0
0
26
89
182
240
255
255
230
67
0
0
0
0
0
0
0
0
0
0
0
40
217
255
195
142
77
118
252
88
0
0
0
0
0
0
0
0
0
0
0
24
134
114
22
0
7
158
241
65
0
0
0
0
0
0
0
0
0
0
0
0
0
0
0
0
91
255
166
8
0
0
0
0
0
0
0
0
0
0
0
0
0
0
0
74
228
205
46
0
0
0
0
0
0
0
0
0
0
0
7
1
0
4
96
237
205
40
0
0
0
0
0
0
0
0
0
0
0
93
231
169
91
151
255
195
23
0
0
0
0
0
0
0
0
0
0
35
152
190
192
255
255
255
181
33
0
0
0
0
0
0
0
0
0
0
87
215
196
127
164
255
251
255
183
3
0
14
36
0
0
0
0
0
0
4
180
155
20
130
229
192
98
200
253
128
59
50
5
0
0
0
0
0
0
84
239
169
194
246
132
26
0
59
213
252
215
81
0
0
0
0
0
0
0
142
241
224
168
65
0
0
0
0
10
49
47
7
0
0
0
0
0
0
0
28
65
45
0
0
0
0
0
0
0
0
0
0
0
0
0
0
0
0
0
0
0
0
0
0
0
0
0
0
0
0
0
0
0
0
0
0
0
0
0
0
0
0
0
0
0
0
0
0
0
0
0
0
0
0
0
0
0
0
0
0
0
0
0
0
0
0
0
0
0
0
0
0
0
0
0
0
0