0
0
0
0
0
0
0
0
0
0
0
0
0
0
0
0
0
0
0
0
0
0
0
0
0
0
0
0
0
0
0
0
0
0
0
0
0
0
0
0
0
0
0
0
0
0
0
0
0
0
0
0
0
0
0
0
0
0
0
0
0
0
0
0
0
0
0
0
0
0
0
0
0
0
0
0
0
0
0
0
0
0
0
0
0
0
0
0
0
0
0
0
3
10
6
0
0
0
0
0
0
0
0
0
0
0
0
11
27
47
100
155
189
244
213
70
0
0
0
0
0
0
0
0
3
56
117
179
204
232
255
255
255
255
255
169
0
0
0
0
0
0
0
125
226
237
255
255
255
255
243
205
177
229
255
159
0
0
0
0
0
0
52
242
255
255
253
218
167
132
68
14
0
171
255
163
0
0
0
0
0
0
35
164
202
141
71
36
4
0
0
0
35
232
255
104
0
0
0
0
0
0
0
0
5
0
0
0
0
0
0
0
138
255
212
30
0
0
0
0
0
0
0
0
0
0
0
0
0
0
0
74
242
242
87
0
0
0
0
0
0
0
0
0
0
0
0
0
0
0
40
218
255
189
17
0
0
0
0
0
0
0
0
0
0
0
0
0
0
1
166
255
237
59
0
0
0
0
0
0
0
0
0
0
0
0
0
0
0
43
246
255
151
0
0
0
0
0
0
0
0
0
0
0
0
0
0
0
26
195
255
181
11
0
0
0
0
0
0
0
0
0
0
0
0
0
0
13
174
255
238
64
0
0
0
0
0
0
0
0
0
0
0
0
0
0
0
131
255
255
111
0
0
0
0
0
0
0
0
0
0
0
0
0
0
0
0
195
255
158
0
0
0
0
0
0
0
0
0
0
0
0
0
0
0
0
0
47
66
12
0
0
0
0
0
0
0
0
0
0