0
0
0
0
0
0
0
0
0
0
0
0
0
0
0
0
0
0
0
0
0
0
0
0
0
0
0
0
0
0
0
0
0
0
0
0
0
0
0
0
0
0
0
0
0
0
0
0
0
0
0
0
90
179
126
0
0
0
0
0
0
0
0
0
0
0
0
0
0
0
2
118
244
255
214
10
0
0
0
0
0
0
0
0
0
0
0
0
0
6
172
250
255
227
145
7
0
0
0
0
0
0
0
0
0
0
0
0
30
147
255
233
133
27
0
0
0
0
0
0
0
0
0
0
0
0
0
0
158
255
225
64
0
0
0
0
0
0
0
0
0
0
0
0
0
0
0
114
252
240
58
0
0
0
0
0
0
0
0
0
0
0
0
0
0
0
27
213
255
100
0
0
0
0
0
0
0
0
0
0
0
0
0
0
0
0
96
255
224
99
124
153
118
34
0
0
0
0
0
0
0
0
0
0
0
0
139
255
251
250
255
255
255
210
34
0
0
0
0
0
0
0
0
0
0
0
157
255
255
255
255
204
219
255
64
0
0
0
0
0
0
0
0
0
0
0
144
255
249
183
53
16
164
255
63
0
0
0
0
0
0
0
0
0
0
0
134
255
179
22
14
104
242
249
57
0
0
0
0
0
0
0
0
0
0
0
127
255
230
198
211
255
255
167
13
0
0
0
0
0
0
0
0
0
0
0
41
173
255
255
250
195
115
16
0
0
0
0
0
0
0
0
0
0
0
0
0
8
84
111
73
16
0
0
0
0
0
0
0
0
0
0
0
0
0
0
0
0
0
0
0
0
0
0
0
0
0
0
0
0
0
0
0
0
0
0
0
0
0
0
0
0
0
0
0
0
0
0
0
0
0
0
0
0
0
0
0
0
0
0
0
0
0
0
0
0
0
0
0
0