0
0
0
0
0
0
0
0
0
0
0
0
0
0
0
0
0
0
0
0
0
0
0
0
0
0
0
0
0
0
0
0
0
0
0
0
0
0
0
0
0
0
0
10
14
19
16
7
1
0
0
0
0
0
0
0
0
0
0
0
0
0
0
83
191
209
199
166
141
114
20
0
0
0
0
0
0
0
0
0
0
0
0
52
226
253
255
255
255
255
171
19
0
0
0
0
0
0
0
0
0
0
0
0
10
15
81
132
166
206
255
170
4
0
0
0
0
0
0
0
0
0
0
0
0
0
0
0
4
31
183
252
116
20
0
0
0
0
0
0
0
0
0
0
0
0
0
0
0
0
88
255
241
73
0
0
0
0
0
0
0
0
0
0
0
0
0
0
0
0
81
255
245
77
0
0
0
0
0
0
0
0
0
0
0
0
0
0
0
0
157
255
245
79
0
0
0
0
0
0
0
0
0
0
0
0
0
0
0
82
243
255
240
48
0
0
0
0
0
0
0
0
0
0
0
0
0
0
28
209
255
240
113
0
0
0
0
0
0
0
0
0
0
0
0
0
0
0
140
255
255
200
7
0
7
21
3
0
0
0
0
0
0
0
0
0
0
84
250
255
253
110
23
98
169
173
13
0
0
0
0
0
0
0
0
0
0
191
255
255
248
212
211
255
255
152
2
0
0
0
0
0
0
0
0
0
0
189
255
255
255
255
255
251
90
0
0
0
0
0
0
0
0
0
0
0
0
80
204
166
238
247
180
129
13
0
0
0
0
0
0
0
0
0
0
0
0
5
17
6
29
32
9
0
0
0
0
0
0
0
0
0
0
0
0
0
0
0
0
0
0
0
0
0
0
0
0
0
0
0
0
0
0
0
0
0
0
0
0
0
0
0
0
0
0
0
0
0
0
0