0
0
0
0
0
0
0
0
0
0
0
0
0
0
0
0
0
0
0
0
0
0
0
0
0
0
0
0
0
0
0
0
0
0
0
0
0
0
0
0
0
0
0
0
0
0
0
0
0
0
0
0
0
0
0
0
0
0
0
0
0
0
0
0
0
0
0
0
0
0
0
0
0
0
0
0
0
0
0
0
0
0
0
0
0
39
150
29
0
0
0
0
0
0
0
0
0
0
0
0
0
0
0
0
0
134
255
52
0
0
0
0
0
7
38
12
0
0
0
0
0
0
0
0
21
210
210
18
0
0
0
0
0
80
224
58
0
0
0
0
0
0
0
0
66
255
163
4
0
0
0
0
0
121
255
57
0
0
0
0
0
0
0
0
118
255
86
0
0
0
0
0
6
168
249
40
0
0
0
0
0
0
0
0
115
251
132
4
0
0
0
0
12
197
245
34
0
0
0
0
0
0
0
0
25
205
255
169
96
72
47
22
41
230
210
3
0
0
0
0
0
0
0
0
0
47
188
255
255
254
238
205
201
250
221
31
0
0
0
0
0
0
0
0
0
0
17
60
79
127
137
137
166
255
190
11
0
0
0
0
0
0
0
0
0
0
0
0
0
0
0
0
27
235
179
1
0
0
0
0
0
0
0
0
0
0
0
0
0
0
0
0
24
231
164
0
0
0
0
0
0
0
0
0
0
0
0
0
0
0
0
0
17
207
167
0
0
0
0
0
0
0
0
0
0
0
0
0
0
0
0
0
0
148
184
1
0
0
0
0
0
0
0
0
0
0
0
0
0
0
0
0
0
87
228
10
0
0
0
0
0
0
0
0
0
0
0
0
0
0
0
0
0
25
113
7
0
0
0
0
0
0
0
0
0
0
0
0
0
0
0
0
0
0
0
0
0
0
0
0