0
0
0
0
0
0
0
0
0
0
0
0
0
0
0
0
0
0
0
0
0
0
0
0
0
0
0
0
0
0
0
0
0
0
0
0
0
0
0
0
0
0
0
0
0
0
0
0
11
134
227
138
3
0
0
0
0
0
0
0
0
0
0
0
0
0
0
0
103
247
255
146
3
0
0
0
0
0
0
0
0
0
0
0
0
0
0
7
180
255
162
17
0
0
0
0
0
0
0
0
0
0
0
0
0
0
0
71
235
241
27
0
0
0
0
0
0
0
0
0
0
0
0
0
0
0
0
175
255
138
0
0
0
0
0
0
0
0
0
0
0
0
0
0
0
0
0
192
247
55
0
0
15
6
0
0
0
0
0
0
0
0
0
0
0
0
50
240
217
32
0
73
199
139
9
0
0
0
0
0
0
0
0
0
0
0
120
255
143
0
96
244
255
251
122
0
0
0
0
0
0
0
0
0
0
0
158
253
70
11
227
251
222
255
170
1
0
0
0
0
0
0
0
0
0
0
157
252
67
55
253
197
152
255
95
0
0
0
0
0
0
0
0
0
0
0
160
253
66
38
247
232
234
209
32
0
0
0
0
0
0
0
0
0
0
0
134
255
143
4
169
255
255
178
9
0
0
0
0
0
0
0
0
0
0
0
28
211
251
138
157
255
236
60
0
0
0
0
0
0
0
0
0
0
0
0
0
70
205
255
255
234
108
0
0
0
0
0
0
0
0
0
0
0
0
0
0
0
39
99
103
57
1
0
0
0
0
0
0
0
0
0
0
0
0
0
0
0
0
0
0
0
0
0
0
0
0
0
0
0
0
0
0
0
0
0
0
0
0
0
0
0
0
0
0
0
0
0
0
0
0
0
0
0
0
0
0
0
0
0
0
0
0
0
0
0
0
0
0
0