0
0
0
0
0
0
0
0
0
0
0
0
0
0
0
0
0
0
0
0
0
0
0
0
0
0
0
0
0
0
0
0
0
0
0
0
0
0
0
0
0
0
0
0
0
0
0
0
0
0
0
0
0
0
0
0
0
0
0
0
0
0
0
0
0
0
0
0
0
0
0
0
0
0
0
0
0
0
0
0
0
0
0
0
0
0
0
4
10
5
0
0
0
0
0
0
0
0
0
0
0
0
0
0
0
1
93
187
228
199
123
24
0
0
0
0
0
0
0
0
0
0
0
0
0
64
220
121
84
106
209
198
22
0
0
0
0
0
0
0
0
0
0
0
0
104
116
0
0
0
41
214
184
11
0
0
0
0
0
0
0
0
0
0
0
23
16
0
0
0
0
87
228
38
0
0
0
0
0
0
0
0
0
0
0
0
0
0
0
0
0
112
232
37
0
0
0
0
0
0
0
0
0
0
0
0
0
0
0
0
0
138
224
14
0
0
0
0
0
0
0
0
0
0
0
0
0
0
0
0
12
190
128
0
0
0
0
0
0
0
0
0
0
0
0
0
0
0
0
0
93
225
27
0
0
0
0
0
0
0
0
0
0
0
0
0
0
0
0
39
218
88
0
0
0
0
0
0
0
0
0
0
0
0
0
0
0
0
5
173
170
0
0
0
0
0
0
0
0
0
0
0
0
0
0
0
0
0
54
219
49
0
0
0
0
0
0
0
0
0
0
0
0
0
0
0
0
0
140
154
3
0
0
0
0
0
0
0
0
0
0
0
0
0
0
0
0
33
194
38
0
0
0
0
0
0
0
0
0
0
0
0
0
0
0
0
0
38
122
0
0
0
0
0
0
0
0
0
0
0
0
0
0
0
0
0
0
5
15
0
0
0
0
0
0
0
0
0
0
0