0
0
0
0
0
0
0
0
0
0
0
0
0
0
0
0
0
0
0
0
0
0
0
0
0
0
0
0
0
0
0
0
0
0
0
0
0
0
0
0
0
0
0
0
0
0
0
0
0
0
0
0
0
0
0
0
0
0
0
0
0
0
0
0
0
0
0
0
0
0
0
0
0
0
0
0
0
0
0
0
0
0
0
0
0
0
0
0
0
23
86
11
0
0
6
18
69
110
98
23
0
0
0
0
0
0
0
0
26
188
255
152
68
116
195
228
204
139
52
0
0
0
0
0
0
0
0
22
188
255
225
255
252
207
127
66
26
0
0
0
0
0
0
0
0
0
22
190
255
118
95
222
108
12
0
0
0
0
0
0
0
0
0
0
0
22
189
251
126
7
4
20
0
0
0
0
0
0
0
0
0
0
0
0
0
125
255
93
0
0
0
0
0
0
0
0
0
0
0
0
0
0
0
0
5
209
255
47
0
0
0
0
0
0
0
0
0
0
0
0
0
0
0
0
0
102
255
207
129
102
40
8
0
0
0
0
0
0
0
0
0
0
0
0
0
5
118
227
243
249
238
205
119
35
0
0
0
0
0
0
0
0
0
0
0
0
0
15
57
97
142
228
255
104
0
0
0
0
0
0
0
0
0
0
0
0
0
0
0
9
139
234
249
77
0
0
0
0
0
0
0
0
0
0
1
43
45
76
142
227
255
222
104
0
0
0
0
0
0
0
0
0
0
0
1
67
74
110
123
120
107
37
0
0
0
0
0
0
0
0
0
0
0
0
0
0
0
0
0
0
0
0
0
0
0
0
0
0
0
0
0
0
0
0
0
0
0
0
0
0
0
0
0
0
0
0
0
0
0
0
0
0
0
0
0
0
0
0
0
0
0
0
0
0
0
0
0
0
0
0