0
0
0
0
0
0
0
0
0
0
0
0
0
0
0
0
0
0
0
0
0
0
0
0
0
0
0
0
0
0
0
0
0
0
0
0
0
0
0
0
0
0
0
0
0
0
0
0
0
0
0
0
0
0
0
0
0
0
0
0
0
0
0
0
0
0
0
0
6
71
112
112
87
6
0
0
0
0
0
0
0
0
0
0
0
0
0
6
142
240
239
249
255
124
5
0
0
0
0
0
0
0
0
0
0
0
0
34
255
136
13
78
251
235
45
0
0
0
0
0
0
0
0
0
0
0
0
9
186
178
5
150
236
236
48
0
0
0
0
0
0
0
0
0
0
0
0
0
57
230
109
52
233
161
9
0
0
0
0
0
0
0
0
0
0
0
0
0
0
143
233
193
217
40
0
0
0
0
0
0
0
0
0
0
0
0
0
0
0
20
218
255
158
0
0
0
0
0
0
0
0
0
0
0
0
0
0
0
0
17
205
250
63
0
0
0
0
0
0
0
0
0
0
0
0
0
0
0
9
165
255
207
17
0
0
0
0
0
0
0
0
0
0
0
0
0
0
5
161
223
196
216
21
0
0
0
0
0
0
0
0
0
0
0
0
0
1
149
238
57
153
191
11
0
0
0
0
0
0
0
0
0
0
0
0
10
149
245
70
68
232
85
0
0
0
0
0
0
0
0
0
0
0
0
0
96
234
78
70
229
149
1
0
0
0
0
0
0
0
0
0
0
0
0
0
126
237
162
231
138
11
0
0
0
0
0
0
0
0
0
0
0
0
0
0
32
182
195
53
0
0
0
0
0
0
0
0
0
0
0
0
0
0
0
0
0
0
0
0
0
0
0
0
0
0
0
0
0
0
0
0
0
0
0
0
0
0
0
0
0
0
0
0
0
0
0
0
0
0
0