0
0
0
0
0
0
0
0
0
0
0
0
0
0
0
0
0
0
0
0
0
0
0
0
0
0
0
0
0
0
0
0
0
0
0
0
0
0
0
0
0
0
0
0
0
0
0
0
0
0
0
0
0
0
0
0
0
0
0
0
0
0
0
0
0
0
0
0
0
0
0
0
0
0
0
0
0
0
0
0
0
0
0
0
0
0
0
0
4
3
0
2
2
0
0
0
0
0
0
0
0
0
0
0
0
29
102
114
196
186
141
185
183
134
16
0
0
0
0
0
0
0
0
0
0
50
230
255
255
255
239
192
245
255
88
0
0
0
0
0
0
0
0
0
0
0
38
171
201
128
34
4
205
255
93
0
0
0
0
0
0
0
0
0
0
0
0
0
1
0
0
59
239
214
36
0
0
0
0
0
0
0
0
0
0
0
0
0
0
0
9
177
255
173
6
0
0
0
0
0
0
0
0
0
0
0
0
0
0
0
124
255
241
68
0
0
0
0
0
0
0
0
0
0
0
0
0
0
0
33
224
255
150
0
0
0
0
0
0
0
0
0
0
0
0
0
0
0
12
176
255
222
32
0
0
0
0
0
0
0
0
0
0
0
0
0
0
0
145
255
226
66
0
0
0
0
0
0
0
0
0
0
0
0
0
0
28
168
255
241
72
0
0
0
0
0
0
0
0
0
0
0
0
0
0
0
133
255
220
69
0
0
0
0
0
0
0
0
0
0
0
0
0
0
0
0
147
255
108
0
0
0
0
0
0
0
0
0
0
0
0
0
0
0
0
0
168
244
43
0
0
0
0
0
0
0
0
0
0
0
0
0
0
0
0
9
177
242
33
0
0
0
0
0
0
0
0
0
0
0
0
0
0
0
0
0
35
61
5
0
0
0
0
0
0
0
0
0
0
0