0
0
0
0
0
0
0
0
0
0
0
0
0
0
0
0
0
0
0
0
0
0
0
0
0
0
0
0
0
0
0
0
0
0
0
0
0
0
0
0
0
0
0
0
0
0
0
0
0
14
28
15
0
0
0
0
0
0
0
0
0
0
0
0
0
0
0
0
87
202
210
176
63
0
0
0
0
0
0
0
0
0
0
0
0
0
0
121
208
119
49
82
147
0
0
0
0
0
0
0
0
0
0
0
0
0
92
194
42
0
15
112
151
54
0
0
0
0
0
0
0
0
0
0
0
13
172
75
0
0
40
143
216
206
34
0
0
0
0
0
0
0
0
0
0
21
165
30
0
0
0
0
15
136
143
0
0
0
0
0
0
0
0
0
0
18
172
54
0
0
0
0
0
50
178
9
0
0
0
0
0
0
0
0
0
0
123
175
29
49
103
49
7
152
198
8
0
0
0
0
0
0
0
0
0
0
14
190
255
255
255
253
234
227
86
0
0
0
0
0
0
0
0
0
0
0
45
186
148
117
141
147
199
130
0
0
0
0
0
0
0
0
0
0
0
2
151
124
0
0
0
0
57
161
16
0
0
0
0
0
0
0
0
0
0
22
151
34
0
0
0
0
20
164
37
0
0
0
0
0
0
0
0
0
0
20
165
34
0
0
0
0
71
199
32
0
0
0
0
0
0
0
0
0
0
3
140
170
60
35
46
107
207
100
2
0
0
0
0
0
0
0
0
0
0
0
11
136
209
202
224
164
57
0
0
0
0
0
0
0
0
0
0
0
0
0
0
0
25
36
36
11
0
0
0
0
0
0
0
0
0
0
0
0
0
0
0
0
0
0
0
0
0
0
0
0
0
0
0
0
0
0
0
0
0
0
0
0
0
0
0
0
0
0
0
0
0
0
0
0