0
0
0
0
0
0
0
0
0
0
0
0
0
0
0
0
0
0
0
0
0
0
0
0
0
0
0
0
0
0
0
0
0
0
0
0
0
0
0
0
0
0
0
0
0
0
0
0
0
0
0
0
0
0
0
0
0
0
0
0
0
0
0
0
0
0
0
0
14
64
25
0
0
0
0
0
0
0
0
0
0
0
0
0
0
0
0
74
195
244
217
174
75
0
0
0
0
0
0
0
0
0
0
0
0
8
107
242
230
182
179
240
242
66
0
0
0
0
0
0
0
0
0
0
0
70
255
218
54
0
0
179
241
44
0
0
0
0
0
0
0
0
0
0
0
91
255
114
0
0
25
202
171
0
0
0
0
0
0
0
0
0
0
0
0
75
255
203
40
0
150
255
108
0
0
0
0
0
0
0
0
0
0
0
0
17
140
255
201
72
214
253
54
0
0
0
0
0
0
0
0
0
0
0
0
0
0
110
239
254
255
211
21
0
0
0
0
0
0
0
0
0
0
0
0
0
0
0
84
219
255
218
24
0
0
0
0
0
0
0
0
0
0
0
0
0
0
0
5
188
255
255
155
7
0
0
0
0
0
0
0
0
0
0
0
0
0
0
15
205
234
168
246
119
0
0
0
0
0
0
0
0
0
0
0
0
0
0
16
209
217
53
219
216
32
0
0
0
0
0
0
0
0
0
0
0
0
0
13
203
252
129
219
209
28
0
0
0
0
0
0
0
0
0
0
0
0
0
0
93
246
255
255
143
0
0
0
0
0
0
0
0
0
0
0
0
0
0
0
0
108
197
153
47
0
0
0
0
0
0
0
0
0
0
0
0
0
0
0
0
0
0
0
0
0
0
0
0
0
0
0
0
0
0
0
0
0
0
0
0
0
0
0
0
0
0
0
0
0
0