0
0
0
0
0
0
0
0
0
0
0
0
0
0
0
0
0
0
0
0
0
0
0
0
0
0
0
0
0
0
0
0
0
0
0
0
0
0
0
0
0
0
0
0
0
0
0
0
0
0
0
0
0
0
0
0
0
0
0
0
0
0
0
0
0
0
0
0
0
0
0
0
0
0
0
0
0
0
0
0
0
0
0
0
0
0
0
0
0
5
115
180
185
124
14
0
0
0
0
0
0
0
0
0
0
0
0
0
55
193
217
153
118
247
82
0
0
0
0
0
0
0
0
0
0
0
0
59
232
173
36
0
41
237
73
0
0
0
0
0
0
0
0
0
0
0
51
228
157
6
0
2
148
220
101
5
0
0
0
0
0
0
0
0
0
12
192
173
9
0
88
172
250
240
221
25
0
0
0
0
0
0
0
0
0
83
235
39
0
0
105
255
255
252
104
0
0
0
0
0
0
0
0
0
9
199
135
0
0
0
53
219
255
151
3
0
0
0
0
0
0
0
0
0
22
244
144
0
50
122
216
255
218
31
0
0
0
0
0
0
0
0
0
0
0
116
241
218
233
222
255
249
94
0
0
0
0
0
0
0
0
0
0
0
0
4
77
131
102
100
251
138
0
0
0
0
0
0
0
0
0
0
0
0
0
0
0
0
19
202
167
19
0
0
0
0
0
0
0
0
0
0
0
0
0
0
0
10
175
231
39
0
0
0
0
0
0
0
0
0
0
0
0
0
0
0
0
136
252
92
0
0
0
0
0
0
0
0
0
0
0
0
0
0
0
0
58
255
166
4
0
0
0
0
0
0
0
0
0
0
0
0
0
0
0
0
44
131
35
0
0
0
0
0
0
0
0
0
0
0
0
0
0
0
0
0
0
0
0
0
0
0
0
0
0
0
0
0
0
0