0
0
0
0
0
0
0
0
0
0
0
0
0
0
0
0
0
0
0
0
0
0
0
0
0
0
0
0
0
0
63
137
52
0
0
0
0
0
0
0
0
0
0
0
0
0
0
0
0
29
227
255
84
0
0
0
0
0
0
0
0
0
0
0
0
0
0
0
23
169
255
192
18
0
0
0
0
0
0
0
0
0
0
0
0
0
0
0
80
255
223
48
0
0
0
0
0
0
0
0
0
0
0
0
0
0
0
35
208
255
153
0
0
0
0
0
0
0
0
0
0
0
0
0
0
0
0
159
255
221
27
0
0
0
0
0
0
0
0
0
0
0
0
0
0
0
63
243
236
79
0
0
0
0
0
0
0
0
0
0
0
0
0
0
0
0
172
255
139
0
0
0
0
0
0
0
0
0
0
0
0
0
0
0
2
141
239
213
31
0
0
0
0
76
159
101
0
0
0
0
0
0
0
0
5
210
255
119
0
0
1
41
115
227
255
224
44
0
0
0
0
0
0
0
5
204
255
42
0
0
31
202
255
254
255
237
63
0
0
0
0
0
0
0
6
209
255
94
7
25
189
255
242
221
255
125
0
0
0
0
0
0
0
0
1
171
255
249
186
198
255
254
255
253
159
10
0
0
0
0
0
0
0
0
0
35
188
255
255
255
255
250
197
89
10
0
0
0
0
0
0
0
0
0
0
0
25
127
184
183
174
93
8
0
0
0
0
0
0
0
0
0
0
0
0
0
0
0
0
0
0
0
0
0
0
0
0
0
0
0
0
0
0
0
0
0
0
0
0
0
0
0
0
0
0
0
0
0
0
0
0
0
0
0
0
0
0
0
0
0
0
0
0
0
0
0
0
0
0
0
0
0
0
0
0
0
0
0
0
0
0
0
0
0
0
0
0
0
0
0