0
0
0
0
0
0
0
0
0
0
0
0
0
0
0
0
0
0
0
0
0
0
0
0
0
0
0
0
0
0
0
0
0
0
0
0
0
0
0
0
0
0
0
0
0
0
0
0
0
0
0
0
0
0
0
0
0
0
0
0
0
0
0
0
0
0
0
0
0
0
0
0
49
87
48
1
0
0
0
0
0
0
0
0
0
0
0
0
0
0
1
21
187
254
228
118
0
0
0
0
0
0
0
0
0
0
0
0
3
43
159
246
253
255
255
191
43
0
0
0
0
0
0
0
0
0
0
57
110
218
245
255
255
255
254
255
111
0
0
0
0
0
0
0
0
18
103
235
253
255
236
114
34
100
240
255
184
13
0
0
0
0
0
1
42
178
247
254
215
151
50
1
0
32
199
255
206
19
0
0
0
0
0
8
176
245
255
213
50
0
0
0
0
0
134
255
240
30
0
0
0
0
0
90
244
255
224
58
0
0
0
0
0
0
118
255
255
37
0
0
0
0
22
218
255
214
60
0
0
0
0
0
0
0
130
255
246
32
0
0
0
0
37
255
255
186
26
4
0
0
0
0
0
80
228
255
175
8
0
0
0
0
33
247
254
255
207
166
103
89
90
88
148
237
255
205
74
0
0
0
0
0
0
112
234
247
255
255
255
255
255
255
255
243
154
53
0
0
0
0
0
0
0
0
8
62
111
106
128
185
167
156
111
72
0
0
0
0
0
0
0
0
0
0
0
0
0
0
0
7
4
2
0
0
0
0
0
0
0
0
0
0
0
0
0
0
0
0
0
0
0
0
0
0
0
0
0
0
0
0
0
0
0
0
0
0
0
0
0
0
0
0
0
0
0
0
0
0
0
0
0
0
0
0
0
0
0
0
0
0
0
0
0
0
0
0
0
0
0
0