0
0
0
0
0
0
0
0
0
0
0
0
0
0
0
0
0
0
0
0
0
0
0
0
0
0
0
0
0
0
0
0
0
0
0
0
0
0
0
0
0
0
0
0
0
0
0
0
0
0
0
0
0
0
0
0
0
0
0
0
0
0
0
0
0
0
0
0
0
0
0
0
0
0
0
0
0
0
0
0
0
0
0
0
0
3
10
1
0
0
0
0
0
0
0
0
0
0
0
0
0
0
0
0
3
176
251
170
156
158
158
158
158
163
68
0
0
0
0
0
0
0
0
0
10
254
255
255
255
255
255
255
255
255
166
0
0
0
0
0
0
0
0
0
0
60
132
127
123
193
217
236
255
255
114
0
0
0
0
0
0
0
0
0
0
0
0
0
0
0
0
166
255
200
20
0
0
0
0
0
0
0
0
0
0
0
0
0
0
0
93
252
254
84
0
0
0
0
0
0
0
0
0
0
0
0
0
0
0
0
168
255
198
0
0
0
0
0
0
0
0
0
0
0
0
0
0
0
0
81
240
221
57
0
0
0
0
0
0
0
0
0
0
0
0
0
0
0
0
181
255
114
0
0
0
0
0
0
0
0
0
0
0
0
0
0
0
0
22
215
240
52
0
0
0
0
0
0
0
0
0
0
0
0
0
0
0
3
160
255
128
0
0
0
0
0
0
0
0
0
0
0
0
0
0
0
0
36
236
255
69
0
0
0
0
0
0
0
0
0
0
0
0
0
0
0
0
135
255
197
0
0
0
0
0
0
0
0
0
0
0
0
0
0
0
0
3
224
243
55
0
0
0
0
0
0
0
0
0
0
0
0
0
0
0
0
94
255
116
0
0
0
0
0
0
0
0
0
0
0
0
0
0
0
0
0
33
63
1
0
0
0
0
0
0
0
0
0
0
0