0
0
0
0
0
0
0
0
0
0
0
0
0
0
0
0
0
0
0
0
0
0
0
0
0
0
0
0
0
0
0
0
0
0
0
0
0
0
0
0
0
0
0
0
0
0
0
0
0
0
0
0
0
0
0
0
0
0
0
0
0
0
0
0
0
0
0
0
0
0
0
0
0
0
0
0
0
0
0
0
0
0
0
0
0
6
53
105
112
134
108
51
11
0
0
0
0
0
0
0
0
0
0
0
3
160
250
255
233
229
214
243
199
44
0
0
0
0
0
0
0
0
0
0
24
236
234
110
59
52
26
175
255
88
0
0
0
0
0
0
0
0
0
0
56
255
165
0
0
0
0
143
255
85
0
0
0
0
0
0
0
0
0
0
112
255
93
0
0
0
0
147
255
87
0
0
0
0
0
0
0
0
0
0
51
180
35
0
0
0
0
161
247
56
0
0
0
0
0
0
0
0
0
0
0
4
0
0
0
0
0
154
234
7
2
23
30
66
30
0
0
0
0
0
0
0
5
35
80
78
88
205
248
155
175
199
167
114
21
0
0
0
0
0
0
30
192
245
255
246
241
252
249
244
192
96
28
0
0
0
0
0
0
0
0
17
122
156
152
120
168
255
144
39
0
0
0
0
0
0
0
0
0
0
0
0
0
0
0
0
123
221
30
0
0
0
0
0
0
0
0
0
0
0
0
0
0
0
0
0
129
173
4
0
0
0
0
0
0
0
0
0
0
0
0
0
0
0
0
0
161
128
0
0
0
0
0
0
0
0
0
0
0
0
0
0
0
0
0
6
210
102
0
0
0
0
0
0
0
0
0
0
0
0
0
0
0
0
0
6
93
23
0
0
0
0
0
0
0
0
0
0
0
0
0
0
0
0
0
0
0
0
0
0
0
0
0
0
0
0