0
0
0
0
0
0
0
0
0
0
0
0
0
0
0
0
0
0
0
0
0
0
0
0
0
0
0
0
0
0
0
0
0
0
0
0
0
0
0
0
0
0
0
0
0
0
0
0
0
0
0
0
0
0
0
0
0
0
0
0
0
0
0
0
0
0
0
0
0
0
0
0
0
0
0
0
0
0
0
0
0
0
0
0
0
0
0
0
0
0
0
0
0
2
0
0
0
0
0
0
0
0
0
0
0
0
0
0
0
14
46
73
135
81
0
0
0
0
0
0
0
0
0
0
0
0
62
107
137
182
186
165
110
38
0
0
0
0
0
0
0
0
0
0
0
6
166
155
124
58
17
0
0
0
0
0
0
0
0
0
0
0
0
0
0
121
131
0
0
25
56
71
91
75
22
0
0
0
0
0
0
0
0
0
118
155
55
129
171
179
145
113
110
109
137
120
20
0
0
0
0
0
0
65
187
133
196
126
47
14
5
0
0
0
8
69
157
47
0
0
0
0
0
112
241
137
38
0
0
0
0
0
0
0
0
0
99
148
0
0
0
0
0
117
165
0
0
0
0
0
0
0
0
0
0
0
88
158
0
0
0
0
0
79
55
0
0
0
0
0
0
0
0
0
0
69
176
45
0
0
0
0
0
6
4
0
0
0
0
0
0
0
0
48
148
162
53
0
0
0
0
0
0
0
0
0
0
0
0
0
0
46
131
178
98
12
0
0
0
0
0
0
0
0
0
0
0
0
0
63
141
171
108
21
0
0
0
0
0
0
0
0
0
0
0
0
0
0
0
42
69
26
0
0
0
0
0
0
0
0
0
0
0
0
0
0
0
0
0
0
0
0
0
0
0
0
0
0
0
0
0
0
0
0
0
0
0
0
0
0
0
0
0
0
0
0
0
0
0
0