0
0
0
0
0
0
0
0
0
0
0
0
0
0
0
0
0
0
0
0
0
0
0
0
0
0
0
0
0
0
0
0
0
0
0
0
0
0
0
0
0
0
0
0
0
0
0
0
0
0
0
0
0
0
0
0
0
0
0
0
0
0
0
0
0
0
0
0
0
0
0
0
0
0
0
0
0
0
0
0
0
0
0
0
0
0
0
0
0
0
23
56
106
114
167
177
91
4
0
0
0
0
0
0
0
0
0
30
59
119
222
255
255
253
255
255
252
32
0
0
0
0
0
0
0
0
15
172
255
255
204
156
132
136
245
253
136
5
0
0
0
0
0
0
0
0
2
82
101
37
13
10
85
192
238
123
17
0
0
0
0
0
0
0
0
0
0
0
0
9
86
181
246
183
61
0
0
0
0
0
0
0
0
0
0
0
0
6
81
189
245
212
111
13
0
0
0
0
0
0
0
0
0
0
0
15
110
185
247
255
255
124
0
0
0
0
0
0
0
0
0
0
0
0
54
190
255
255
255
255
255
244
92
0
0
0
0
0
0
0
0
0
0
0
45
232
207
128
69
27
122
255
150
0
0
0
0
0
0
0
0
0
0
0
3
31
8
0
0
67
230
240
62
0
0
0
0
0
0
0
0
0
0
0
0
0
0
0
57
224
255
130
0
0
0
0
0
0
0
0
0
0
0
0
0
0
37
100
237
218
68
0
0
0
0
0
0
0
0
0
0
0
9
64
88
139
222
255
163
38
0
0
0
0
0
0
0
0
0
0
0
0
33
236
239
244
190
72
3
0
0
0
0
0
0
0
0
0
0
0
0
0
12
88
86
53
3
0
0
0
0
0
0
0
0
0
0
0
0
0
0
0
0
0
0
0
0
0
0
0
0
0
0
0
0
0
0
0
0
0