0
0
0
0
0
0
0
0
0
0
0
0
0
0
0
0
0
0
0
0
0
0
0
0
0
0
0
0
0
0
0
0
0
0
0
0
0
0
0
0
0
0
0
0
0
0
0
0
0
3
22
20
0
0
0
0
0
0
0
0
0
0
0
0
0
0
0
2
68
146
219
213
37
0
0
0
8
0
0
0
0
0
0
0
0
0
6
139
244
239
184
252
121
0
0
108
169
16
0
0
0
0
0
0
0
30
188
255
197
50
15
145
94
21
149
243
121
0
0
0
0
0
0
0
20
189
255
161
23
0
0
0
64
197
255
123
5
0
0
0
0
0
0
0
94
255
151
5
0
0
20
127
235
255
153
0
0
0
0
0
0
0
0
0
146
255
87
0
6
44
186
255
255
255
141
46
1
0
0
0
0
0
0
0
93
255
209
158
186
222
255
255
250
215
181
220
70
0
0
0
0
0
0
0
0
107
204
226
231
254
255
197
59
3
0
177
148
0
0
0
0
0
0
0
0
0
11
51
170
253
146
18
0
0
59
232
147
0
0
0
0
0
0
0
0
0
0
147
253
175
11
0
0
65
228
241
67
0
0
0
0
0
0
0
0
6
128
255
186
19
0
9
112
242
226
75
0
0
0
0
0
0
0
0
0
64
251
191
23
0
69
177
253
177
50
0
0
0
0
0
0
0
0
0
0
86
255
159
122
216
255
233
77
0
0
0
0
0
0
0
0
0
0
0
0
36
186
255
255
229
137
57
0
0
0
0
0
0
0
0
0
0
0
0
0
0
13
35
37
25
0
0
0
0
0
0
0
0
0
0
0
0
0
0
0
0
0
0
0
0
0
0
0
0
0
0
0
0
0
0
0
0
0
0
0
0
0
0
0
0
0
0
0
0
0
0
0
0
0
0