0
0
0
0
0
0
0
0
0
0
0
0
0
0
0
0
0
0
0
0
0
0
0
0
0
0
0
0
0
0
0
0
0
0
0
0
0
0
0
0
0
0
0
0
0
0
0
0
0
0
0
0
0
0
0
0
0
0
0
0
0
0
0
0
0
0
0
0
38
53
70
51
30
0
0
0
0
0
0
0
0
0
0
0
0
0
0
111
224
236
248
227
220
163
45
0
0
0
0
0
0
0
0
0
0
2
92
247
251
189
169
114
150
236
231
58
0
0
0
0
0
0
0
0
0
14
190
255
132
0
0
0
0
55
219
228
85
3
0
0
0
0
0
0
0
0
162
255
146
7
0
0
31
94
210
207
144
10
0
0
0
0
0
0
0
0
91
223
255
182
116
137
212
175
98
1
0
0
0
0
0
0
0
0
0
0
0
37
164
255
255
255
185
4
0
0
0
0
0
0
0
0
0
0
0
0
0
0
95
255
234
236
237
102
0
0
0
0
0
0
0
0
0
0
0
0
0
41
214
204
59
132
255
169
0
0
0
0
0
0
0
0
0
0
0
0
9
174
250
69
0
49
242
210
29
0
0
0
0
0
0
0
0
0
0
0
123
255
155
0
0
56
247
192
17
0
0
0
0
0
0
0
0
0
0
0
160
255
67
0
13
171
255
163
0
0
0
0
0
0
0
0
0
0
0
0
160
251
89
56
166
255
231
55
0
0
0
0
0
0
0
0
0
0
0
0
117
255
248
255
255
221
79
0
0
0
0
0
0
0
0
0
0
0
0
0
6
95
206
208
115
32
0
0
0
0
0
0
0
0
0
0
0
0
0
0
0
0
0
0
0
0
0
0
0
0
0
0
0
0
0
0
0
0
0
0
0
0
0
0
0
0
0
0
0
0
0
0
0
0