0
0
0
0
0
0
0
0
0
0
0
0
0
0
0
0
0
0
0
0
0
0
0
0
0
0
0
0
0
0
0
0
0
0
0
0
0
0
0
0
0
0
0
0
0
0
0
0
0
92
217
228
127
10
0
0
0
0
0
0
0
0
0
0
0
0
0
0
47
225
255
211
102
9
0
0
0
0
0
0
0
0
0
0
0
0
0
0
101
255
190
33
0
0
0
0
0
0
0
0
0
0
0
0
0
0
0
6
182
251
62
0
0
0
0
0
0
0
0
0
0
0
0
0
0
0
0
81
243
215
18
0
0
0
0
0
0
0
0
0
0
0
0
0
0
0
0
139
255
201
3
0
0
0
0
0
0
0
0
0
0
0
0
0
0
0
0
136
255
203
3
0
0
0
0
0
0
0
0
0
0
0
0
0
0
0
0
136
255
201
21
73
89
39
0
0
0
0
0
0
0
0
0
0
0
0
0
136
255
228
205
254
255
210
55
0
0
0
0
0
0
0
0
0
0
0
0
137
255
253
251
191
186
255
208
5
0
0
0
0
0
0
0
0
0
0
0
133
255
225
54
4
29
228
251
10
0
0
0
0
0
0
0
0
0
0
0
65
254
238
89
17
67
238
233
8
0
0
0
0
0
0
0
0
0
0
0
0
142
255
244
207
231
255
160
0
0
0
0
0
0
0
0
0
0
0
0
0
31
156
239
255
236
161
39
0
0
0
0
0
0
0
0
0
0
0
0
0
0
0
63
112
56
12
0
0
0
0
0
0
0
0
0
0
0
0
0
0
0
0
0
0
0
0
0
0
0
0
0
0
0
0
0
0
0
0
0
0
0
0
0
0
0
0
0
0
0
0
0
0
0
0
0
0
0
0
0
0
0
0
0
0
0
0
0
0
0
0
0
0