0
0
0
0
0
0
0
0
0
0
0
0
0
0
0
0
0
0
0
0
0
0
0
0
0
0
0
0
0
0
0
0
0
0
0
0
0
0
0
0
0
0
0
0
0
0
0
0
0
18
38
22
0
0
0
0
0
0
0
0
0
0
0
0
0
0
2
57
100
202
255
223
61
0
0
0
0
0
0
0
0
0
0
0
0
32
154
234
255
216
116
214
165
0
0
0
0
0
0
0
0
0
0
0
0
147
255
188
72
33
0
158
191
0
0
0
0
0
0
0
0
0
0
0
0
155
255
71
0
0
38
210
106
0
0
0
0
0
0
0
0
0
0
0
0
98
255
162
0
0
84
164
36
62
100
10
0
0
0
0
0
0
0
0
0
23
170
250
117
46
86
195
228
190
117
11
0
0
0
0
0
0
0
0
0
0
16
181
252
225
253
211
88
25
0
0
0
0
0
0
0
0
0
0
0
0
0
17
201
252
231
236
145
60
9
0
0
0
0
0
0
0
0
0
0
0
0
31
214
122
48
141
236
245
166
30
0
0
0
0
0
0
0
0
0
0
0
116
239
44
0
0
40
158
255
214
54
0
0
0
0
0
0
0
0
0
33
216
188
12
0
0
0
4
85
238
84
0
0
0
0
0
0
0
0
0
28
235
215
62
3
5
4
17
63
228
85
0
0
0
0
0
0
0
0
0
0
98
252
237
212
212
210
221
253
227
65
0
0
0
0
0
0
0
0
0
0
2
123
199
179
177
177
179
149
60
6
0
0
0
0
0
0
0
0
0
0
0
0
16
9
9
9
9
2
0
0
0
0
0
0
0
0
0
0
0
0
0
0
0
0
0
0
0
0
0
0
0
0
0
0
0
0
0
0
0
0
0
0
0
0
0
0
0
0
0
0
0
0
0