0
0
0
0
0
0
0
0
0
0
0
0
0
0
0
0
0
0
0
0
0
0
0
0
0
0
0
0
0
0
0
0
0
0
0
0
0
0
0
0
0
0
0
0
0
0
0
0
0
0
0
0
0
0
0
0
0
0
0
0
0
0
0
0
0
0
0
0
0
0
0
0
0
29
86
13
0
0
0
0
0
0
0
0
0
0
0
0
0
0
0
0
1
134
255
65
0
0
0
0
0
0
0
0
0
0
0
0
0
0
0
5
118
255
254
70
0
0
0
0
0
0
0
0
0
0
0
0
0
0
0
120
252
255
165
17
0
0
0
0
0
0
0
0
0
0
0
0
0
2
138
240
255
204
32
0
0
0
0
0
0
0
0
0
0
0
0
0
0
66
249
255
203
47
0
0
0
0
0
0
0
0
0
0
0
0
0
0
27
194
255
230
62
0
0
0
0
0
0
0
0
0
0
0
0
0
0
0
89
252
241
87
0
0
0
0
0
0
0
0
0
0
0
0
0
0
0
47
211
255
116
2
0
0
0
0
0
0
0
0
0
0
0
0
0
0
0
138
255
209
18
0
0
0
0
0
0
0
0
0
0
0
0
0
0
0
28
221
224
51
0
0
0
0
0
0
0
0
0
0
0
0
0
0
0
0
115
255
157
1
0
0
0
0
0
0
0
0
0
0
0
0
0
0
0
17
194
228
30
0
0
0
0
0
0
0
0
0
0
0
0
0
0
0
0
18
199
152
0
0
0
0
0
0
0
0
0
0
0
0
0
0
0
0
0
3
132
103
0
0
0
0
0
0
0
0
0
0
0
0
0
0
0
0
0
0
0
0
0
0
0
0
0
0
0
0
0
0
0
0
0
0
0
0
0
0
0
0
0
0
0
0
0
0
0
0
0
0
0
0