0
0
0
0
0
0
0
0
0
0
0
0
0
0
0
0
0
0
0
0
0
0
0
0
0
0
0
0
0
0
0
0
0
0
0
0
0
0
0
0
0
0
0
0
0
0
18
34
83
126
127
72
5
0
0
0
0
0
0
0
0
0
0
0
0
8
167
255
255
255
255
255
176
44
0
0
0
0
0
0
0
0
0
0
0
18
187
255
248
226
244
253
255
170
9
0
0
0
0
0
0
0
0
0
0
3
34
47
46
30
36
131
255
227
41
0
0
0
0
0
0
0
0
0
0
0
0
0
0
0
0
34
229
244
68
0
0
0
0
0
0
0
0
0
0
0
0
0
0
0
0
0
207
255
108
0
0
0
0
0
0
0
0
0
0
0
0
0
0
0
0
26
224
250
78
0
0
0
0
0
0
0
0
0
0
0
0
14
61
47
2
77
247
226
37
0
0
0
0
0
0
0
0
0
0
61
138
230
249
243
234
240
255
234
69
0
0
0
0
0
0
0
0
0
47
243
255
255
229
241
255
255
255
255
217
121
18
0
0
0
0
0
0
0
159
255
204
112
128
236
255
252
229
238
255
255
203
131
51
0
0
0
0
0
184
250
155
186
238
255
235
119
31
58
154
234
255
255
106
0
0
0
0
0
112
255
255
255
255
220
71
0
0
0
4
45
87
82
5
0
0
0
0
0
30
194
226
189
119
19
0
0
0
0
0
0
0
0
0
0
0
0
0
0
0
21
48
5
0
0
0
0
0
0
0
0
0
0
0
0
0
0
0
0
0
0
0
0
0
0
0
0
0
0
0
0
0
0
0
0
0
0
0
0
0
0
0
0
0
0
0
0
0
0
0
0
0
0
0
0
0
0
0
0
0
0
0
0
0
0
0
0
0
0
0
0
0
0
0
0