0
0
0
0
0
0
0
0
0
0
0
0
0
0
0
0
0
0
0
0
0
0
0
0
0
0
0
0
0
0
0
0
0
0
0
0
0
0
0
0
0
0
0
0
0
0
0
0
0
0
4
29
22
0
0
0
0
0
0
0
0
0
0
0
0
0
0
0
0
55
163
243
223
140
24
0
0
0
0
0
0
0
0
0
0
0
0
0
58
219
244
139
124
228
175
2
0
0
0
0
0
0
0
0
0
0
0
11
200
255
78
0
19
66
104
5
0
0
0
0
0
0
0
0
0
0
0
118
246
133
0
1
162
189
31
0
0
0
0
0
0
0
0
0
0
0
39
239
225
33
0
0
67
243
187
0
0
0
0
0
0
0
0
0
0
0
143
255
118
0
0
0
0
128
239
28
0
0
0
0
0
0
0
0
0
16
194
232
28
0
0
0
0
48
229
128
0
0
0
0
0
0
0
0
0
76
252
136
0
0
0
0
0
7
203
197
11
0
0
0
0
0
0
0
1
171
255
44
0
0
0
0
0
21
213
208
17
0
0
0
0
0
0
0
5
201
233
25
0
0
0
0
0
71
243
119
0
0
0
0
0
0
0
0
4
202
191
11
0
0
0
0
22
202
183
2
0
0
0
0
0
0
0
0
4
197
245
46
0
0
0
22
158
229
44
0
0
0
0
0
0
0
0
0
0
104
255
218
131
116
163
227
239
102
1
0
0
0
0
0
0
0
0
0
0
13
119
249
255
255
246
167
77
0
0
0
0
0
0
0
0
0
0
0
0
0
0
31
36
36
30
4
0
0
0
0
0
0
0
0
0
0
0
0
0
0
0
0
0
0
0
0
0
0
0
0
0
0
0
0
0
0
0
0
0
0
0
0
0
0
0
0
0
0
0
0
0
0
0
0