0
0
0
0
0
0
0
0
0
0
0
0
0
0
0
0
0
0
0
0
0
0
0
0
0
0
0
0
0
0
0
0
0
0
0
0
0
0
0
0
0
0
0
0
0
0
0
0
0
0
0
0
19
38
20
4
0
0
0
0
0
0
0
0
0
0
0
0
0
0
66
121
211
255
215
147
22
0
0
0
0
0
0
0
0
0
0
0
0
116
233
210
199
193
221
255
157
7
0
0
0
0
0
0
0
0
4
113
165
234
129
5
3
0
43
252
202
16
0
0
0
0
0
0
0
0
46
243
249
99
0
0
0
5
146
255
130
0
0
0
0
0
0
0
0
0
5
232
202
18
0
0
34
177
255
170
21
0
0
0
0
0
0
0
0
0
0
181
234
39
0
71
207
254
146
6
0
0
0
0
0
0
0
0
0
0
0
62
252
136
167
247
242
105
5
0
0
0
0
0
0
0
0
0
0
0
4
95
255
255
254
184
40
0
0
0
0
0
0
0
0
0
0
0
0
63
171
241
228
251
244
102
0
0
0
0
0
0
0
0
0
0
0
0
117
218
178
103
32
84
232
248
107
0
0
0
0
0
0
0
0
0
0
0
201
178
0
0
0
0
78
242
233
36
0
0
0
0
0
0
0
0
0
0
183
221
45
0
0
0
8
161
251
73
0
0
0
0
0
0
0
0
0
0
52
239
233
132
116
121
200
251
193
18
0
0
0
0
0
0
0
0
0
0
0
83
176
204
254
248
186
129
31
0
0
0
0
0
0
0
0
0
0
0
0
0
7
16
32
30
11
0
0
0
0
0
0
0
0
0
0
0
0
0
0
0
0
0
0
0
0
0
0
0
0
0
0
0
0
0
0
0
0
0
0
0
0
0
0
0
0
0
0
0
0
0
0
0
0
0