0
0
0
0
0
0
0
0
0
0
0
0
0
0
0
0
0
0
0
0
0
0
0
0
0
0
0
0
0
0
0
0
0
0
63
114
3
0
0
0
0
0
0
0
0
0
0
0
0
0
0
0
12
124
247
185
3
0
0
0
0
0
0
0
0
0
0
0
0
0
0
58
187
255
236
47
0
0
0
0
0
0
0
0
0
0
0
0
0
0
62
226
255
201
74
0
0
0
0
0
0
0
0
0
0
0
0
0
0
73
234
255
169
19
0
0
0
0
0
0
0
0
0
0
0
0
0
0
48
202
255
148
11
0
0
0
0
0
0
0
0
0
0
0
0
0
0
47
217
255
179
1
0
0
0
0
0
0
0
0
0
0
0
0
0
0
24
179
255
197
27
0
0
0
0
0
0
0
0
0
0
0
0
0
0
0
101
255
177
36
14
27
25
4
0
0
0
0
0
0
0
0
0
0
0
26
196
255
137
110
221
251
242
168
45
0
0
0
0
0
0
0
0
0
0
91
255
250
250
255
225
220
249
255
172
1
0
0
0
0
0
0
0
0
0
96
255
255
227
109
31
101
244
255
161
1
0
0
0
0
0
0
0
0
0
97
255
255
217
151
175
243
249
147
24
0
0
0
0
0
0
0
0
0
0
76
242
253
255
255
254
220
84
0
0
0
0
0
0
0
0
0
0
0
0
2
25
96
123
99
23
11
0
0
0
0
0
0
0
0
0
0
0
0
0
0
0
0
0
0
0
0
0
0
0
0
0
0
0
0
0
0
0
0
0
0
0
0
0
0
0
0
0
0
0
0
0
0
0
0
0
0
0
0
0
0
0
0
0
0
0
0
0
0
0
0
0
0
0
0
0
0
0
0
0
0
0
0
0
0
0
0
0
0
0
0
0
0
0
0