0
0
0
0
0
0
0
0
0
0
0
0
0
0
0
0
0
0
0
0
0
0
0
0
0
0
0
0
0
0
0
0
0
0
0
0
0
0
0
0
0
0
0
0
0
0
0
0
0
0
0
0
0
0
0
0
0
0
0
0
0
0
0
0
0
0
0
0
0
0
0
0
0
0
0
0
0
0
0
0
0
0
0
0
0
0
0
0
0
0
0
0
0
0
0
0
15
47
30
0
0
0
0
0
0
0
0
0
12
57
30
0
0
37
35
118
214
255
126
0
0
0
0
0
0
0
8
102
174
228
206
112
124
223
220
250
212
205
79
0
0
0
0
0
0
2
95
246
236
219
236
221
215
181
136
49
18
16
0
0
0
0
0
0
0
19
188
227
33
11
37
27
5
0
0
0
0
0
0
0
0
0
0
0
0
0
150
216
14
0
0
0
0
0
0
0
0
0
0
0
0
0
0
0
0
0
50
200
211
100
32
4
0
0
0
0
0
0
0
0
0
0
0
0
0
0
0
36
200
241
216
109
29
0
0
0
0
0
0
0
0
0
0
0
0
0
0
0
12
103
209
247
197
16
0
0
0
0
0
0
0
0
0
0
0
0
0
0
0
0
102
243
251
78
0
0
0
0
0
0
0
0
0
0
106
109
70
73
106
171
239
255
218
28
0
0
0
0
0
0
0
0
0
0
149
242
255
255
237
205
143
96
44
0
0
0
0
0
0
0
0
0
0
0
26
68
121
118
70
13
0
0
0
0
0
0
0
0
0
0
0
0
0
0
0
0
0
0
0
0
0
0
0
0
0
0
0
0
0
0
0
0
0
0
0
0
0
0
0
0
0
0
0
0
0
0
0
0
0
0
0
0
0
0
0
0
0
0
0
0
0
0
0
0
0
0
0
0
0
0