0
0
0
0
0
0
0
0
0
0
0
0
0
0
0
0
0
0
0
0
0
0
0
0
0
0
0
0
0
0
0
0
0
0
0
0
0
0
0
0
0
0
0
0
0
0
0
0
0
0
0
0
0
0
0
0
0
0
0
0
0
0
0
0
0
0
0
0
0
1
41
63
103
111
103
33
0
0
0
0
0
0
0
0
0
0
19
137
156
179
227
240
255
255
255
187
30
0
0
0
0
0
0
0
9
92
225
255
241
218
197
160
108
94
229
255
127
0
0
0
0
0
0
0
46
245
234
149
62
30
4
0
0
130
255
239
63
0
0
0
0
0
0
0
6
48
31
2
0
0
0
5
144
255
251
110
0
0
0
0
0
0
0
0
0
0
0
0
0
0
42
143
255
228
106
0
0
0
0
0
0
0
0
0
0
0
0
0
9
104
224
253
195
49
0
0
0
0
0
0
0
0
0
0
0
0
0
24
183
253
255
255
161
48
2
0
0
0
0
0
0
0
0
0
0
0
0
45
255
244
221
229
255
222
45
0
0
0
0
0
0
0
0
58
135
5
0
7
64
47
19
43
232
249
60
0
0
0
0
0
0
0
0
106
189
4
0
0
0
0
10
153
255
172
16
0
0
0
0
0
0
0
0
102
234
29
0
0
0
23
153
255
206
40
0
0
0
0
0
0
0
0
0
46
231
188
30
34
81
174
255
234
65
0
0
0
0
0
0
0
0
0
0
6
149
255
218
221
255
255
167
54
0
0
0
0
0
0
0
0
0
0
0
0
7
96
205
227
173
75
5
0
0
0
0
0
0
0
0
0
0
0
0
0
0
0
0
0
0
0
0
0
0
0
0
0
0
0
0
0
0
0
0
0
0
0
0
0
0
0
0
0
0
0
0
0
0
0
0
0