0
0
0
0
0
0
0
0
0
0
0
0
0
0
0
0
0
0
0
0
0
0
0
0
0
0
0
0
0
0
0
0
0
0
0
0
0
0
0
0
0
0
0
0
0
0
0
0
18
37
45
41
36
37
29
0
0
0
0
0
0
0
0
0
0
0
13
125
209
252
184
223
255
255
239
82
0
0
0
0
0
0
0
0
0
0
74
244
238
168
55
42
109
156
247
211
32
0
0
0
0
0
0
0
0
0
11
73
33
1
2
0
0
19
197
208
27
0
0
0
0
0
0
0
0
0
0
0
0
0
0
0
21
164
255
140
0
0
0
0
0
0
0
0
0
0
0
0
0
0
0
66
201
255
212
30
0
0
0
0
0
0
0
0
0
0
0
0
0
26
137
248
255
194
71
0
0
0
0
0
0
0
0
0
0
0
0
0
0
121
255
255
255
118
0
0
0
0
0
0
0
0
0
0
0
0
0
0
0
45
160
203
246
216
46
0
0
0
0
0
0
0
0
0
0
0
0
0
0
0
0
24
180
255
96
0
0
0
0
0
0
0
0
0
0
0
0
0
0
0
0
0
161
255
106
0
0
0
0
0
0
0
110
49
0
0
0
0
0
0
0
31
204
255
159
0
0
0
0
0
0
0
234
190
26
1
0
0
2
16
88
190
255
207
45
0
0
0
0
0
0
0
198
255
234
194
121
122
186
226
255
255
224
90
0
0
0
0
0
0
0
0
50
138
213
255
255
255
255
249
167
110
41
0
0
0
0
0
0
0
0
0
0
0
20
36
36
36
36
32
7
0
0
0
0
0
0
0
0
0
0
0
0
0
0
0
0
0
0
0
0
0
0
0
0
0
0
0
0
0
0
0
0
0
0
0
0
0
0
0
0
0
0
0
0
0
0
0
0
0