0
0
0
0
0
0
0
0
0
0
0
0
0
0
0
0
0
0
0
0
0
0
0
0
0
0
0
0
0
0
0
0
0
0
0
0
0
0
0
0
0
0
0
0
0
0
1
28
7
0
0
0
0
0
0
0
0
0
0
0
0
0
0
0
0
0
101
239
173
77
41
0
0
0
0
0
0
0
0
0
0
0
0
0
0
11
182
255
247
237
224
108
0
0
0
0
0
0
0
0
0
0
0
0
0
38
226
195
41
194
255
255
117
0
0
0
0
0
0
0
0
0
0
0
0
94
255
126
0
30
170
218
169
6
0
0
0
0
0
0
0
0
0
0
0
73
255
205
0
0
5
20
13
0
0
0
0
0
0
0
0
0
0
0
0
42
229
236
82
82
62
2
0
0
0
0
0
0
0
0
0
0
0
0
0
0
80
234
245
249
245
172
97
0
0
0
0
0
0
0
0
0
0
0
0
0
0
50
79
119
200
247
234
50
2
0
0
0
0
0
0
0
0
0
0
0
0
0
0
0
9
148
255
221
44
0
0
0
0
0
0
0
0
0
0
0
0
0
0
0
0
81
245
255
94
0
0
0
0
0
0
0
0
0
0
0
0
0
0
0
0
2
220
254
66
0
0
0
0
0
0
0
0
0
0
0
3
10
10
8
10
73
237
255
65
0
0
0
0
0
0
0
0
0
0
2
133
234
231
237
239
248
252
221
82
0
0
0
0
0
0
0
0
0
0
4
64
91
91
154
205
239
238
52
0
0
0
0
0
0
0
0
0
0
0
0
0
0
0
3
18
29
31
0
0
0
0
0
0
0
0
0
0
0
0
0
0
0
0
0
0
0
0
0
0
0
0
0
0
0
0
0
0
0
0
0
0
0
0
0
0
0
0
0
0
0
0
0
0
0