0
0
0
0
0
0
0
0
0
0
0
0
0
0
0
0
0
0
0
0
0
0
0
0
0
0
0
0
0
0
0
0
0
0
0
0
0
0
0
0
0
0
0
0
0
0
0
0
0
0
0
0
0
0
0
0
0
0
0
0
0
0
0
0
0
0
0
0
0
0
0
0
0
0
0
0
0
0
0
0
0
0
0
0
0
0
0
0
0
13
14
0
5
0
0
0
0
0
0
0
0
0
0
0
0
0
0
18
78
202
152
77
182
168
61
0
0
0
0
0
0
0
0
0
0
0
24
170
255
255
160
171
206
255
228
64
0
0
0
0
0
0
0
0
0
61
222
238
178
228
223
124
32
143
235
219
49
0
0
0
0
0
0
0
0
42
207
133
63
46
51
0
0
0
97
255
105
0
0
0
0
0
0
0
16
19
30
13
0
0
0
0
0
0
85
253
167
7
0
0
0
0
14
127
125
41
0
0
0
0
0
0
0
0
49
211
162
11
0
0
0
0
17
211
137
0
0
0
0
0
0
0
0
0
89
255
216
21
0
0
0
0
23
223
121
0
0
0
0
0
0
0
0
6
159
255
176
15
0
0
0
0
24
222
115
2
0
0
0
0
0
10
70
139
242
164
41
0
0
0
0
0
0
132
248
157
92
117
82
77
82
97
204
119
48
13
0
0
0
0
0
0
0
18
109
225
194
139
197
115
204
149
39
0
0
0
0
0
0
0
0
0
0
0
4
44
36
18
56
6
41
2
0
0
0
0
0
0
0
0
0
0
0
0
0
0
0
0
0
0
0
0
0
0
0
0
0
0
0
0
0
0
0
0
0
0
0
0
0
0
0
0
0
0
0
0
0
0
0
0
0
0
0
0
0
0
0
0
0
0
0
0
0
0
0
0
0
0
0
0