0
0
0
0
0
0
0
0
0
53
25
0
0
0
0
0
0
0
0
0
0
0
0
0
0
0
0
0
27
215
92
0
0
0
0
0
0
0
0
0
0
0
0
0
0
0
0
0
69
243
155
0
0
0
0
0
0
0
0
0
0
0
0
0
0
0
0
0
105
251
121
0
0
0
0
0
0
0
0
0
0
0
0
0
0
0
0
25
196
252
82
0
0
0
0
0
0
0
0
0
0
0
0
0
0
0
13
141
255
225
51
0
0
0
0
0
0
0
0
0
0
0
0
0
0
0
42
237
255
204
2
0
0
0
0
0
0
0
0
0
0
0
0
0
0
0
82
246
255
168
0
0
0
0
0
0
0
0
0
0
0
0
0
0
0
0
132
255
245
49
15
39
92
97
49
2
0
0
0
0
0
0
0
0
0
40
218
255
246
125
192
219
255
255
228
123
3
0
0
0
0
0
0
0
0
48
232
255
252
252
255
255
254
253
255
230
52
0
0
0
0
0
0
0
0
64
255
254
253
253
253
253
253
252
255
242
73
0
0
0
0
0
0
0
0
31
209
255
252
252
252
254
253
254
255
255
131
0
0
0
0
0
0
0
0
0
96
251
255
255
255
255
255
250
243
198
67
0
0
0
0
0
0
0
0
0
3
131
213
183
166
200
199
114
55
24
0
0
0
0
0
0
0
0
0
0
0
0
6
3
1
5
4
0
0
0
0
0
0
0
0
0
0
0
0
0
0
0
0
0
0
0
0
0
0
0
0
0
0
0
0
0
0
0
0
0
0
0
0
0
0
0
0
0
0
0
0
0
0
0
0
0
0
0
0
0
0
0
0
0
0
0
0
0
0
0
0
0
0
0
0
0
0
0
0
0
0
0
0
0
0
0
0
0
0
0
0
0
0
0