0
0
0
0
0
0
0
0
0
0
0
0
0
0
0
0
0
0
0
0
0
0
0
0
0
0
0
0
0
0
0
0
0
0
0
0
0
0
0
0
0
0
0
0
0
0
0
0
0
0
0
13
72
209
120
0
0
0
0
0
0
0
0
0
0
0
0
0
4
48
127
200
255
255
230
29
0
0
0
0
0
0
0
0
0
0
0
0
103
237
255
228
125
123
240
125
0
0
0
0
0
0
0
0
0
0
0
0
121
216
166
52
0
37
224
147
0
0
0
0
0
0
0
0
0
0
0
0
12
16
0
0
0
103
250
83
0
0
0
0
0
0
0
0
0
0
0
0
0
0
0
0
11
182
238
10
0
0
0
0
0
0
0
0
0
0
0
0
0
0
0
0
16
223
209
5
0
0
0
0
0
0
0
0
0
0
0
4
65
114
117
109
153
255
99
0
0
0
0
0
0
0
0
0
0
8
69
172
255
234
211
239
255
208
29
0
0
0
0
0
0
0
0
0
3
158
251
216
123
52
61
212
250
89
0
0
0
0
0
0
0
0
0
3
155
255
152
19
0
49
196
255
239
65
0
0
0
0
0
0
0
0
0
104
249
115
0
21
119
229
234
159
250
169
3
0
0
0
0
0
0
0
35
226
222
50
127
215
253
203
67
3
182
130
3
0
0
0
0
0
0
0
43
215
254
255
255
222
129
10
0
0
4
2
0
0
0
0
0
0
0
0
0
37
97
112
88
32
0
0
0
0
0
0
0
0
0
0
0
0
0
0
0
0
0
0
0
0
0
0
0
0
0
0
0
0
0
0
0
0
0
0
0
0
0
0
0
0
0
0
0
0
0
0
0
0
0
0
0
0
0
0
0
0
0
0
0
0
0
0
0
0
0
0
0
0
0
0
0
0