0
0
0
0
0
0
0
0
0
0
0
0
0
0
0
0
0
0
0
0
0
0
0
0
0
0
0
0
0
0
0
0
0
0
0
0
0
0
0
0
0
0
0
0
0
0
0
0
0
0
0
0
0
0
0
0
0
0
0
0
0
0
0
0
0
0
0
0
0
0
0
0
0
0
0
0
0
0
0
0
0
0
0
0
0
0
0
0
0
4
11
11
10
9
2
0
0
0
0
0
0
0
0
0
0
0
6
49
119
196
248
247
247
242
122
0
0
0
0
0
0
0
0
0
0
0
54
226
195
135
97
91
135
255
129
0
0
0
0
0
0
0
0
0
0
0
16
90
15
0
0
0
162
249
61
0
0
0
0
0
0
0
0
0
0
0
0
0
0
0
0
79
249
145
4
0
0
0
0
0
0
0
0
0
0
0
0
0
0
0
18
199
231
29
0
0
0
0
0
0
0
0
0
0
0
0
0
0
0
0
111
255
85
0
0
0
0
0
0
0
0
0
0
0
0
0
0
0
0
41
227
175
6
0
0
0
0
0
0
0
0
0
0
0
0
0
0
0
3
176
249
69
0
0
0
0
0
0
0
0
0
0
0
0
0
0
0
0
52
236
150
0
0
0
0
0
0
0
0
0
0
0
0
0
0
0
0
0
116
252
53
0
0
0
0
0
0
0
0
0
0
0
0
0
0
0
0
18
216
201
4
0
0
0
0
0
0
0
0
0
0
0
0
0
0
0
0
134
243
82
0
0
0
0
0
0
0
0
0
0
0
0
0
0
0
0
37
240
169
5
0
0
0
0
0
0
0
0
0
0
0
0
0
0
0
0
100
231
53
0
0
0
0
0
0
0
0
0
0
0
0
0
0
0
0
0
14
47
0
0
0
0
0
0
0
0
0
0
0
0