0
0
0
0
0
0
0
0
0
0
0
0
0
0
0
0
0
0
0
0
0
0
0
0
0
0
0
0
0
0
0
30
115
17
0
0
0
0
0
0
0
0
0
0
0
0
0
0
0
0
28
194
151
1
0
0
0
0
0
0
0
0
0
0
0
0
0
0
0
15
191
231
55
0
0
0
0
0
0
0
0
0
0
0
0
0
0
0
11
167
255
90
0
0
0
0
0
0
0
0
0
0
0
0
0
0
0
0
135
255
137
0
0
0
0
0
0
0
0
0
0
0
0
0
0
0
0
80
247
189
10
0
0
0
0
0
0
0
0
0
0
0
0
0
0
0
3
194
238
53
0
0
0
1
0
0
0
0
0
0
0
0
0
0
0
0
112
255
133
0
0
29
86
160
143
35
0
0
0
0
0
0
0
0
0
40
229
225
31
0
53
210
222
185
242
159
0
0
0
0
0
0
0
0
0
119
255
100
0
88
214
125
12
0
101
246
83
0
0
0
0
0
0
0
21
242
247
33
27
224
164
0
0
0
58
255
114
0
0
0
0
0
0
0
7
169
255
177
147
243
132
21
28
21
156
195
14
0
0
0
0
0
0
0
0
28
122
207
237
255
245
234
240
239
216
79
0
0
0
0
0
0
0
0
0
0
0
26
46
117
253
255
179
100
46
0
0
0
0
0
0
0
0
0
0
0
0
0
0
0
103
188
171
128
21
0
0
0
0
0
0
0
0
0
0
0
0
0
0
0
0
0
0
0
0
0
0
0
0
0
0
0
0
0
0
0
0
0
0
0
0
0
0
0
0
0
0
0
0
0
0
0
0
0
0
0
0
0
0
0
0
0
0
0
0
0
0
0
0
0
0
0
0
0
0
0
0
0
0
0
0
0
0
0
0
0
0
0
0
0