0
0
0
0
0
0
0
0
0
0
0
0
0
0
0
0
0
0
0
0
0
0
0
0
0
0
0
0
0
0
0
0
0
0
0
0
0
0
0
0
0
0
0
0
0
0
0
0
0
25
33
32
5
0
0
0
0
0
0
0
0
0
0
0
0
0
0
4
99
227
255
255
142
0
0
0
0
0
0
0
0
0
0
0
0
0
0
85
255
247
109
126
247
97
0
0
0
0
0
0
0
0
0
0
0
0
12
190
215
63
0
49
247
143
0
0
0
0
0
0
0
0
0
0
0
0
80
244
95
0
0
53
229
84
0
0
0
0
0
0
0
0
0
0
0
0
80
247
120
0
21
100
170
0
0
0
0
0
0
0
0
0
0
0
0
0
10
181
231
167
206
255
205
23
0
0
0
0
0
0
0
0
0
0
0
0
0
28
157
255
255
200
246
129
0
0
0
0
0
0
0
0
0
0
0
0
0
0
106
255
208
28
126
156
0
0
0
0
0
0
0
0
0
0
0
0
0
24
209
249
82
0
79
186
11
0
0
0
0
0
0
0
0
0
0
0
0
136
255
103
0
0
57
190
31
0
0
0
0
0
0
0
0
0
0
0
39
227
143
0
0
0
46
235
97
0
0
0
0
0
0
0
0
0
0
0
90
238
74
0
0
0
74
255
98
0
0
0
0
0
0
0
0
0
0
0
68
245
214
88
38
48
195
207
27
0
0
0
0
0
0
0
0
0
0
0
3
99
211
255
228
245
198
60
0
0
0
0
0
0
0
0
0
0
0
0
0
0
18
36
40
39
12
0
0
0
0
0
0
0
0
0
0
0
0
0
0
0
0
0
0
0
0
0
0
0
0
0
0
0
0
0
0
0
0
0
0
0
0
0
0
0
0
0
0
0
0
0
0
0