0
0
0
0
0
0
0
0
0
0
0
0
0
0
0
0
0
0
0
0
0
0
0
0
0
0
0
0
0
0
0
0
0
0
0
0
0
0
0
0
0
0
0
0
0
0
0
0
0
0
0
0
0
0
0
0
0
0
0
0
0
0
0
0
0
0
0
0
0
0
0
0
0
0
0
0
0
0
0
0
0
0
0
0
0
0
0
0
0
4
113
110
45
0
0
0
0
0
0
0
0
0
0
0
0
0
0
0
47
186
255
255
244
120
0
0
0
0
0
0
0
0
0
0
0
0
0
59
203
223
209
255
255
237
138
75
0
0
0
0
0
0
0
0
0
9
100
209
247
90
46
82
112
213
243
185
56
8
0
0
0
0
0
0
1
170
247
82
76
26
0
0
0
72
175
188
236
111
0
0
0
0
0
0
116
255
231
35
0
0
0
0
0
0
24
165
255
144
0
0
0
0
0
63
244
249
93
0
0
0
0
0
0
0
0
34
224
216
0
0
0
0
0
106
245
136
0
0
0
0
0
0
0
0
0
62
233
169
0
0
0
0
0
100
252
100
0
0
0
0
0
0
15
62
141
232
238
60
0
0
0
0
0
50
227
238
132
68
65
53
101
115
98
183
190
117
61
0
0
0
0
0
0
8
91
219
241
243
232
227
193
126
37
13
21
0
0
0
0
0
0
0
0
0
3
103
89
132
85
132
87
0
0
0
0
0
0
0
0
0
0
0
0
0
0
0
0
0
0
0
0
0
0
0
0
0
0
0
0
0
0
0
0
0
0
0
0
0
0
0
0
0
0
0
0
0
0
0
0
0
0
0
0
0
0
0
0
0
0
0
0
0
0
0
0
0
0
0
0
0
0
0
0
0
0
0
0
0
0
0
0
0
0
0
0
0
0
0
0
0