0
0
0
0
0
0
0
0
0
0
0
0
0
0
0
0
0
0
0
0
0
0
0
0
0
0
0
0
0
0
0
0
0
0
0
0
0
0
0
0
0
0
0
0
0
0
0
0
0
0
0
0
0
0
0
0
0
0
0
0
0
0
0
0
0
0
0
0
0
0
0
0
0
0
0
0
0
0
0
0
0
0
0
0
0
0
0
0
32
115
179
150
37
0
0
0
0
0
0
0
0
0
0
0
0
0
0
110
247
238
217
237
236
121
34
0
0
0
0
0
0
0
0
0
0
0
96
251
198
68
24
55
222
255
159
0
0
0
0
0
0
0
0
0
0
58
240
205
22
0
0
0
198
255
167
1
0
0
0
0
0
0
0
0
1
172
255
74
0
0
0
27
224
255
104
0
0
0
0
0
0
0
0
0
8
233
182
3
0
0
0
103
255
176
13
0
0
0
0
0
0
0
0
0
8
239
184
53
52
74
161
249
250
90
0
0
0
0
0
0
0
0
0
0
1
163
255
243
244
255
231
242
242
57
0
0
0
0
0
0
0
0
0
0
0
12
82
141
154
68
69
238
181
7
0
0
0
0
0
0
0
0
0
0
0
0
0
0
0
0
96
255
115
0
0
0
0
0
0
0
0
0
0
0
0
0
0
0
0
0
150
255
116
0
0
0
0
0
0
0
0
0
0
0
0
0
0
0
0
3
184
255
64
0
0
0
0
0
0
0
0
0
0
0
0
0
0
0
0
3
187
255
54
0
0
0
0
0
0
0
0
0
0
0
0
0
0
0
0
0
149
255
55
0
0
0
0
0
0
0
0
0
0
0
0
0
0
0
0
0
26
117
23
0
0
0
0
0
0
0
0
0
0
0
0
0
0
0
0
0
0
0
0
0
0
0
0
0
0
0