0
0
0
0
0
0
0
0
0
0
0
0
0
0
0
0
0
0
0
0
0
0
0
0
0
0
0
0
0
0
0
0
0
0
0
0
0
0
0
0
0
0
0
0
0
0
0
0
0
0
0
0
0
0
0
0
0
0
0
0
0
0
0
0
0
0
3
65
75
34
41
4
19
30
26
25
0
0
0
0
0
0
0
0
0
0
57
227
245
215
224
200
209
218
213
130
0
0
0
0
0
0
0
0
0
0
49
237
255
255
231
218
217
191
117
40
0
0
0
0
0
0
0
0
0
0
66
242
232
107
44
24
27
7
0
0
0
0
0
0
0
0
0
0
0
1
161
255
187
29
3
5
0
0
0
0
0
0
0
0
0
0
0
0
0
36
211
255
245
230
189
179
150
55
0
0
0
0
0
0
0
0
0
0
0
85
255
252
245
243
226
252
255
236
125
11
0
0
0
0
0
0
0
0
0
9
75
94
25
16
12
14
72
217
255
89
0
0
0
0
0
0
0
0
0
0
0
0
0
0
0
0
0
77
246
170
0
0
0
0
0
0
0
0
0
0
0
0
0
0
0
0
0
13
208
216
22
0
0
0
0
0
0
0
0
0
0
0
0
0
0
0
0
62
235
229
47
0
0
0
0
0
0
0
0
60
93
3
0
0
0
0
55
205
255
159
0
0
0
0
0
0
0
0
2
179
245
116
55
56
76
157
233
255
217
69
0
0
0
0
0
0
0
0
0
161
255
255
252
252
255
255
255
164
38
0
0
0
0
0
0
0
0
0
0
22
113
212
219
221
194
124
53
6
0
0
0
0
0
0
0
0
0
0
0
0
0
0
0
0
0
0
0
0
0
0
0
0
0
0
0
0
0
0
0
0
0
0
0
0
0
0
0
0
0
0
0
0
0
0