0
0
0
0
0
0
0
0
0
0
0
0
0
0
0
0
0
0
0
0
0
0
0
0
0
0
0
0
0
0
0
0
0
0
0
0
0
0
0
0
0
0
0
0
0
0
0
0
0
0
0
0
0
0
0
0
0
0
0
0
0
0
0
0
0
0
0
13
80
113
114
89
15
0
0
0
0
0
0
0
0
0
0
0
0
0
39
186
231
200
230
255
190
56
0
0
0
0
0
0
0
0
0
0
0
0
165
238
43
0
47
213
255
205
29
0
0
0
0
0
0
0
0
0
0
1
172
216
0
0
9
74
239
183
11
0
0
0
0
0
0
0
0
0
0
0
84
237
117
11
0
138
236
61
0
0
0
0
0
0
0
0
0
0
0
0
6
106
228
201
144
243
107
0
0
0
0
0
0
0
0
0
0
0
0
0
0
0
50
221
255
253
43
0
0
0
0
0
0
0
0
0
0
0
0
0
0
0
112
255
193
208
219
35
0
0
0
0
0
0
0
0
0
0
0
0
0
57
238
209
30
65
245
131
0
0
0
0
0
0
0
0
0
0
0
0
0
178
244
72
0
2
222
185
9
0
0
0
0
0
0
0
0
0
0
0
37
244
166
0
0
50
244
188
13
0
0
0
0
0
0
0
0
0
0
0
34
237
191
14
0
126
254
113
0
0
0
0
0
0
0
0
0
0
0
0
0
126
255
126
108
252
222
18
0
0
0
0
0
0
0
0
0
0
0
0
0
22
203
239
251
250
118
0
0
0
0
0
0
0
0
0
0
0
0
0
0
0
25
149
141
62
1
0
0
0
0
0
0
0
0
0
0
0
0
0
0
0
0
0
0
0
0
0
0
0
0
0
0
0
0
0
0
0
0
0
0
0
0
0
0
0
0
0
0
0
0
0
0
0