0
0
0
0
0
0
0
0
0
0
0
0
0
0
0
0
0
0
0
0
0
0
0
0
0
0
0
0
0
0
0
0
0
0
0
0
0
0
0
0
0
0
0
0
0
0
0
0
0
0
0
0
0
0
0
0
0
0
0
0
0
0
0
0
0
0
0
0
0
0
0
0
0
2
6
2
0
0
0
0
0
0
0
0
0
0
0
0
0
0
0
8
89
182
204
188
125
14
0
0
0
0
0
0
0
0
0
0
0
42
26
87
255
255
227
208
157
13
0
0
0
0
0
0
0
0
0
0
29
197
88
63
133
112
40
10
1
0
0
0
0
0
0
0
0
0
0
25
185
246
48
0
0
0
0
0
0
0
0
0
0
0
0
0
0
0
23
186
255
188
9
0
0
0
0
0
0
0
0
0
0
0
0
0
0
0
13
152
210
219
197
134
14
0
0
0
0
0
0
0
0
0
0
0
0
0
0
0
6
44
120
181
199
73
0
0
0
0
0
0
0
0
7
94
30
0
0
0
0
0
0
7
232
210
25
0
0
0
0
0
0
0
28
232
94
0
0
0
0
0
0
27
235
216
31
0
0
0
0
0
0
0
20
205
255
166
82
19
10
7
33
178
251
106
0
0
0
0
0
0
0
0
0
28
108
201
239
207
205
205
221
252
171
2
0
0
0
0
0
0
0
0
0
0
0
12
44
124
188
205
170
95
10
0
0
0
0
0
0
0
0
0
0
0
0
0
0
0
2
5
0
0
0
0
0
0
0
0
0
0
0
0
0
0
0
0
0
0
0
0
0
0
0
0
0
0
0
0
0
0
0
0
0
0
0
0
0
0
0
0
0
0
0
0
0
0
0
0
0
0
0
0
0
0
0
0
0
0
0
0
0
0
0
0
0
0
0
0
0
0