0
0
0
0
0
0
0
0
0
0
0
0
0
0
0
0
0
0
0
0
0
0
0
0
0
0
0
0
0
0
0
0
0
0
0
0
0
0
0
0
0
0
0
0
0
0
0
0
0
0
0
0
0
0
0
0
0
0
0
0
0
0
0
0
0
0
0
0
0
0
0
0
0
0
0
0
0
0
0
0
0
0
0
0
0
0
0
0
0
0
0
0
0
0
0
0
0
0
0
0
0
0
0
0
0
0
0
0
0
0
0
0
0
0
0
26
63
45
0
0
0
0
0
0
0
0
0
0
0
0
35
91
138
150
168
206
255
200
0
0
0
0
0
0
0
0
0
0
38
14
146
224
211
208
177
110
49
28
0
0
0
0
0
0
0
0
0
112
167
7
2
18
0
0
0
0
0
0
0
0
0
0
0
0
0
0
53
238
156
95
128
132
66
0
0
0
0
0
0
0
0
0
0
0
0
0
151
251
184
157
138
165
206
96
0
0
0
0
0
0
0
0
0
19
75
22
47
67
0
0
0
40
178
142
0
0
0
0
0
0
0
0
0
54
213
220
148
74
33
73
166
236
194
28
0
0
0
0
0
0
0
0
0
0
44
149
201
224
243
237
182
108
15
0
0
0
0
0
0
0
0
0
0
0
0
0
21
40
59
49
7
0
0
0
0
0
0
0
0
0
0
0
0
0
0
0
0
0
0
0
0
0
0
0
0
0
0
0
0
0
0
0
0
0
0
0
0
0
0
0
0
0
0
0
0
0
0
0
0
0
0
0
0
0
0
0
0
0
0
0
0
0
0
0
0
0
0
0
0
0
0
0
0
0
0
0
0
0
0
0
0
0
0
0
0
0
0
0
0
0
0
0
0
0
0
0
0
0
0
0
0
0
0
0
0
0
0
0
0
0