0
0
0
0
0
0
0
0
0
0
0
0
0
0
0
0
0
0
0
0
0
0
0
0
0
0
0
0
0
0
0
0
0
0
0
0
0
0
0
0
0
0
0
0
0
0
0
0
0
0
0
0
0
0
0
0
0
0
0
0
0
0
0
0
0
0
0
0
0
0
0
0
1
73
114
70
2
0
0
0
0
0
0
0
0
0
0
0
0
0
0
0
43
228
255
215
32
0
0
0
0
0
0
0
0
0
0
0
0
0
0
0
166
255
255
205
30
0
0
0
0
0
0
0
0
0
0
0
0
0
7
77
218
255
253
77
0
0
0
0
0
0
0
0
0
0
0
0
0
0
70
229
255
255
193
14
0
0
0
0
0
0
0
0
0
0
0
0
0
46
219
255
255
218
32
0
0
0
0
0
0
0
0
0
0
0
0
0
0
121
255
254
253
121
0
0
0
0
0
0
0
0
0
0
0
0
0
3
104
227
255
255
144
0
0
0
0
0
0
0
0
0
0
0
0
0
0
43
172
240
250
210
60
0
0
0
0
0
0
0
0
0
0
0
0
0
0
24
195
228
127
19
4
0
0
0
0
0
0
0
0
0
0
0
0
52
85
93
220
146
4
1
0
0
0
0
0
0
0
0
0
0
0
0
15
217
253
250
251
181
169
49
0
0
0
0
0
0
0
0
0
0
0
0
2
162
255
255
181
26
30
6
0
0
0
0
0
0
0
0
0
0
0
0
0
129
255
255
211
30
0
0
0
0
0
0
0
0
0
0
0
0
0
0
0
27
172
193
67
3
0
0
0
0
0
0
0
0
0
0
0
0
0
0
0
0
0
0
0
0
0
0
0
0
0
0
0
0
0
0
0
0
0
0
0
0
0
0
0
0
0
0
0
0
0
0
0
0
0
0