0
0
0
0
0
0
0
0
0
0
0
0
0
0
0
0
0
0
0
0
0
0
0
0
0
0
0
0
0
0
0
0
0
0
0
0
0
0
0
0
0
0
0
0
0
0
0
0
0
0
0
0
0
0
0
0
0
0
0
0
0
0
0
0
0
0
0
0
0
0
0
0
0
0
0
0
0
0
0
0
0
0
0
0
0
0
0
0
0
0
143
145
13
0
0
0
0
0
0
0
0
0
0
0
0
0
0
7
44
91
221
255
201
91
10
0
0
0
0
0
0
0
0
0
0
9
95
168
224
255
255
255
255
255
139
4
0
0
0
0
0
0
0
0
5
84
239
255
212
151
221
247
250
245
255
131
0
0
0
0
0
0
0
0
74
248
255
180
42
0
16
84
94
83
232
225
35
0
0
0
0
0
0
13
171
255
212
40
0
0
0
0
0
0
166
255
164
8
0
0
0
0
0
100
255
241
74
0
0
0
0
0
0
0
160
255
255
36
0
0
0
0
5
165
255
196
21
0
0
0
0
0
0
0
163
255
255
35
0
0
0
0
9
175
255
167
0
0
0
0
0
7
34
130
238
253
124
3
0
0
0
0
17
205
255
238
113
12
3
47
110
176
235
255
230
119
0
0
0
0
0
0
0
88
241
255
255
198
185
231
255
255
237
110
48
1
0
0
0
0
0
0
0
0
96
189
190
194
195
191
110
81
72
0
0
0
0
0
0
0
0
0
0
0
0
0
0
0
0
0
0
0
0
0
0
0
0
0
0
0
0
0
0
0
0
0
0
0
0
0
0
0
0
0
0
0
0
0
0
0
0
0
0
0
0
0
0
0
0
0
0
0
0
0
0
0
0
0
0
0
0
0
0
0
0
0
0
0
0
0
0
0
0
0
0
0
0
0
0
0