0
0
0
0
0
0
0
0
0
0
0
0
0
0
0
0
0
0
0
0
0
0
0
0
0
0
0
0
0
0
0
0
0
0
0
0
0
0
0
0
0
0
0
0
0
0
0
0
0
0
0
18
22
0
0
0
0
0
0
0
0
0
0
0
0
0
0
0
0
0
0
148
211
24
0
0
0
0
0
0
0
0
0
0
0
0
0
0
0
0
1
170
255
80
0
0
0
0
0
0
0
0
0
0
0
0
0
0
0
0
65
247
238
51
0
0
0
0
0
0
0
0
0
0
0
0
0
0
0
0
107
255
215
16
0
0
0
0
0
0
0
0
0
0
0
0
0
0
0
0
80
255
140
0
0
0
0
0
0
0
0
0
0
0
0
0
0
0
0
1
176
255
104
0
0
0
0
0
0
0
0
0
0
0
0
0
0
0
0
12
252
216
35
0
0
0
0
0
0
0
0
0
0
0
0
0
0
0
0
142
255
132
0
0
0
0
0
0
0
0
0
0
0
0
0
0
0
0
23
214
243
61
0
0
0
0
0
0
0
0
0
0
0
0
0
0
0
0
89
252
190
4
0
0
0
0
0
0
0
0
0
0
0
0
0
0
0
3
170
255
96
0
0
0
0
0
0
0
0
0
0
0
0
0
0
0
0
70
238
241
11
0
0
0
0
0
0
0
0
0
0
0
0
0
0
0
67
234
255
140
0
0
0
0
0
0
0
0
0
0
0
0
0
0
0
0
56
222
246
57
0
0
0
0
0
0
0
0
0
0
0
0
0
0
0
0
1
25
32
4
0
0
0
0
0
0
0
0
0
0
0
0
0
0
0
0
0
0
0
0
0
0
0
0
0
0
0
0
0
0
0
0
0
0
0
0
0
0
0
0
0
0
0
0
0
0
0
0
0
0