0
0
0
0
0
0
0
0
0
0
0
0
0
0
0
0
0
0
0
0
0
0
0
0
0
0
0
0
0
0
0
0
0
0
0
0
0
0
0
0
0
0
0
0
0
0
0
0
0
0
0
0
0
0
0
0
0
0
0
0
0
0
0
0
0
0
0
0
0
0
0
0
0
0
0
0
0
0
0
0
0
0
0
0
0
0
0
14
107
123
144
62
0
0
0
0
0
0
0
0
0
0
0
0
0
0
0
71
255
230
223
244
101
0
0
0
0
0
0
0
0
0
0
0
0
0
0
178
213
59
34
124
231
48
0
0
0
0
0
0
0
0
0
0
0
0
22
228
133
0
0
0
127
181
17
0
0
0
0
0
0
0
0
0
0
0
44
214
54
0
0
10
22
172
43
0
0
0
0
0
0
0
0
0
0
0
44
208
30
26
125
200
65
42
14
0
0
0
0
0
0
0
0
0
0
0
36
208
115
199
251
253
164
0
0
0
0
0
0
0
0
0
0
0
0
0
1
208
255
208
104
200
156
0
0
0
0
0
0
0
0
0
0
0
0
0
0
27
37
11
42
239
96
0
0
0
0
0
0
0
0
0
0
0
0
0
0
0
0
0
78
255
61
0
0
0
0
0
0
0
0
0
0
0
0
0
0
0
0
0
111
236
30
0
0
0
0
0
0
0
0
0
0
0
0
0
0
0
0
1
199
156
0
0
0
0
0
0
0
0
0
0
0
0
0
0
0
0
0
38
254
98
0
0
0
0
0
0
0
0
0
0
0
0
0
0
0
0
0
83
241
62
0
0
0
0
0
0
0
0
0
0
0
0
0
0
0
0
0
46
123
23
0
0
0
0
0
0
0
0
0
0
0
0
0
0
0
0
0
0
0
0
0
0
0
0
0
0
0
0