0
0
0
0
0
0
0
0
0
0
0
0
0
0
0
0
0
0
0
0
0
0
0
0
0
0
0
0
0
0
0
0
0
0
0
0
0
0
0
0
0
0
0
0
0
0
0
0
0
0
0
0
0
0
0
0
0
0
0
0
0
0
0
0
0
0
0
0
0
0
0
0
13
93
108
26
0
0
0
0
0
0
0
0
0
0
0
0
0
0
0
1
138
255
255
65
0
0
0
0
0
0
0
0
0
0
0
0
0
0
0
25
228
255
219
41
0
0
0
0
0
0
0
0
0
0
0
0
0
0
55
175
252
222
64
0
0
0
0
0
0
0
0
0
0
0
0
0
0
0
154
255
255
135
0
0
0
0
0
0
0
0
0
0
0
0
0
0
0
57
251
255
215
29
0
0
0
0
0
0
0
0
0
0
0
0
0
0
30
193
255
245
79
0
0
0
0
0
0
0
0
0
0
0
0
0
0
4
130
250
255
179
4
0
0
0
0
0
0
0
0
0
0
0
0
0
0
52
248
255
233
71
0
0
0
0
0
0
0
0
0
0
0
0
0
0
0
174
255
255
119
0
0
0
0
0
0
0
0
0
0
0
0
0
0
0
68
237
255
174
19
0
0
0
0
0
0
0
0
0
0
0
0
0
0
8
161
255
209
32
0
0
0
0
0
0
0
0
0
0
0
0
0
0
0
63
249
255
191
18
0
0
0
0
0
0
0
0
0
0
0
0
0
0
0
61
246
255
197
21
0
0
0
0
0
0
0
0
0
0
0
0
0
0
0
3
105
214
114
2
0
0
0
0
0
0
0
0
0
0
0
0
0
0
0
0
0
0
0
0
0
0
0
0
0
0
0
0
0
0
0
0
0
0
0
0
0
0
0
0
0
0
0
0
0
0
0
0
0
0