0
0
0
0
0
0
0
0
0
0
0
0
0
0
0
0
0
0
0
0
0
0
0
0
0
0
0
0
0
0
0
0
0
0
0
0
0
0
0
0
0
0
0
0
0
0
0
0
0
0
0
24
29
0
0
0
0
0
0
0
0
0
0
0
0
0
0
0
0
21
111
224
239
120
7
0
0
0
0
0
0
0
0
0
0
0
0
32
156
199
255
252
254
253
117
0
0
0
0
0
0
0
0
0
0
0
51
205
255
230
136
58
196
255
169
1
0
0
0
0
0
0
0
0
0
4
180
255
205
52
0
0
174
255
167
1
0
0
0
0
0
0
0
0
0
128
250
235
73
0
0
0
181
255
157
0
0
0
0
0
0
0
0
0
5
208
255
88
0
0
0
62
235
249
69
0
0
0
0
0
0
0
0
0
6
215
167
1
0
0
14
179
255
173
10
0
0
0
0
0
0
0
0
0
5
158
71
0
0
5
145
255
225
66
0
0
0
0
0
0
0
0
0
0
0
1
0
0
7
138
255
251
90
0
0
0
0
0
0
0
0
0
0
0
0
0
2
33
144
252
255
242
95
52
56
58
43
0
0
0
0
0
0
0
25
95
159
226
255
255
255
255
255
255
255
255
204
39
0
0
0
0
0
42
191
255
255
255
227
187
172
141
107
119
87
87
54
18
0
0
0
0
0
110
255
255
255
175
34
3
1
0
0
0
0
0
0
0
0
0
0
0
0
88
254
191
124
17
0
0
0
0
0
0
0
0
0
0
0
0
0
0
0
8
32
14
0
0
0
0
0
0
0
0
0
0
0
0
0
0
0
0
0
0
0
0
0
0
0
0
0
0
0
0
0
0
0
0
0
0
0
0
0
0
0
0
0
0
0
0
0
0
0
0
0
0
0
0
0
0