0
0
0
0
0
0
0
0
0
0
0
0
0
0
0
0
0
0
0
0
0
0
0
0
0
0
0
0
0
0
0
0
0
0
0
0
0
0
0
0
0
0
0
0
0
0
0
0
0
0
0
0
0
0
0
0
0
0
0
0
0
0
0
0
0
0
0
0
0
0
0
0
0
0
0
0
0
0
0
0
0
0
0
0
0
0
0
0
0
0
0
0
3
7
1
0
0
0
0
0
0
0
0
0
0
0
0
37
153
93
101
143
195
227
109
0
0
0
0
0
0
0
0
0
0
0
32
194
255
255
255
237
184
255
156
0
0
0
0
0
0
0
0
0
0
27
181
255
196
121
61
30
33
247
155
0
0
0
0
0
0
0
0
0
0
148
255
151
15
0
0
0
49
255
141
0
0
0
0
0
0
0
0
0
0
99
139
9
0
0
0
0
178
250
70
0
0
0
0
0
0
0
0
0
0
0
0
0
0
0
0
76
253
166
3
0
0
0
0
0
0
0
0
0
0
0
0
0
0
0
6
181
250
50
0
0
0
0
0
0
0
0
0
0
0
0
0
0
0
0
80
240
170
0
0
0
0
0
0
0
0
0
0
0
0
0
0
0
0
8
191
251
41
0
0
0
0
0
0
0
0
0
0
0
0
0
0
0
0
91
255
160
4
0
0
0
0
0
0
0
0
0
0
0
0
0
0
0
7
193
244
60
0
0
0
0
0
0
0
0
0
0
0
0
0
0
0
0
70
248
172
0
0
0
0
0
0
0
0
0
0
0
0
0
0
0
0
5
161
255
105
0
0
0
0
0
0
0
0
0
0
0
0
0
0
0
0
32
255
213
20
0
0
0
0
0
0
0
0
0
0
0
0
0
0
0
0
6
64
40
0
0
0
0
0
0
0
0
0
0