0
0
0
0
0
0
0
0
0
0
0
0
0
0
0
0
0
0
0
0
0
0
0
0
0
0
0
0
0
0
0
0
0
0
0
0
0
0
0
0
0
0
0
0
0
0
0
0
6
25
5
0
0
0
0
0
0
0
0
0
0
0
0
0
0
0
0
5
144
229
159
99
59
5
0
0
0
0
0
0
0
0
0
0
0
0
1
137
255
255
255
255
246
130
4
0
0
0
0
0
0
0
0
0
0
8
138
255
231
112
163
183
191
173
30
0
0
0
0
0
0
0
0
0
0
85
255
255
182
40
0
0
0
11
3
0
0
0
0
0
0
0
0
0
0
29
149
230
239
241
157
40
2
0
0
0
0
0
0
0
0
0
0
0
0
0
0
40
78
163
242
228
123
8
0
0
0
0
0
0
0
0
0
0
0
0
0
0
0
2
62
163
240
157
37
0
0
0
0
0
0
0
0
0
0
0
0
0
0
0
0
0
126
249
218
7
0
0
0
0
0
0
0
0
0
0
0
0
0
0
0
0
13
148
247
8
0
0
0
0
0
0
0
0
0
0
3
1
0
0
0
0
0
111
247
86
0
0
0
0
0
0
0
0
0
0
99
103
0
0
0
0
90
235
255
114
0
0
0
0
0
0
0
0
0
0
157
233
31
0
16
107
238
255
211
33
0
0
0
0
0
0
0
0
0
0
92
244
231
148
206
255
255
185
45
0
0
0
0
0
0
0
0
0
0
0
0
107
250
255
255
233
98
15
0
0
0
0
0
0
0
0
0
0
0
0
0
0
32
36
37
27
0
0
0
0
0
0
0
0
0
0
0
0
0
0
0
0
0
0
0
0
0
0
0
0
0
0
0
0
0
0
0
0
0
0
0
0
0
0
0
0
0
0
0
0
0
0
0
0