0
0
0
0
0
0
0
0
0
0
0
0
0
0
0
0
0
0
0
0
0
0
0
0
0
0
0
0
0
0
0
0
0
0
0
0
0
0
0
0
0
0
0
0
0
0
0
0
0
0
0
0
0
0
0
0
0
0
0
0
0
0
0
0
0
0
0
0
0
0
0
0
0
0
0
0
0
0
0
0
0
0
0
0
0
0
0
0
9
95
165
125
4
0
0
0
0
0
0
0
0
0
0
0
0
0
0
38
186
213
115
159
30
1
0
0
0
0
0
0
0
0
0
0
0
0
50
212
196
41
0
14
143
77
0
0
0
0
0
0
0
0
0
0
0
38
212
190
21
0
0
43
243
132
0
0
0
0
0
0
0
0
0
0
6
174
212
24
0
0
0
87
250
118
0
0
0
0
0
0
0
0
0
0
33
248
97
0
0
9
102
218
255
117
0
0
0
0
0
0
0
0
0
0
25
231
182
118
150
227
209
135
228
93
0
0
0
0
0
0
0
0
0
0
0
75
196
218
179
108
27
0
195
100
0
0
0
0
0
0
0
0
0
0
0
0
13
20
7
0
0
1
200
119
0
0
0
0
0
0
0
0
0
0
0
0
0
0
0
0
0
33
219
78
0
0
0
0
0
0
0
0
0
0
0
0
0
0
0
0
0
65
227
71
0
0
0
0
0
0
0
0
0
0
0
0
0
0
0
0
0
66
225
64
0
0
0
0
0
0
0
0
0
0
0
0
0
0
0
0
0
67
214
30
0
0
0
0
0
0
0
0
0
0
0
0
0
0
0
0
0
71
219
20
0
0
0
0
0
0
0
0
0
0
0
0
0
0
0
0
0
39
114
7
0
0
0
0
0
0
0
0
0
0
0
0
0
0
0
0
0
0
0
0
0
0
0
0
0
0