0
0
0
0
0
0
0
0
0
0
0
0
0
0
0
0
0
0
0
0
0
0
0
0
0
0
0
0
0
0
0
67
120
11
0
0
0
0
0
0
0
0
0
0
0
0
0
0
0
0
34
219
251
52
0
0
0
0
0
0
0
0
0
0
0
0
0
0
0
0
147
255
182
7
0
0
0
0
0
0
0
0
0
0
0
0
0
0
0
75
251
222
41
0
0
0
0
0
0
0
0
0
0
0
0
0
0
0
0
178
255
111
0
0
0
0
0
0
0
0
0
0
0
0
0
0
0
0
31
217
238
52
0
0
0
0
0
0
0
0
0
0
0
0
0
0
0
0
139
255
143
2
0
0
0
0
0
0
0
0
0
0
0
0
0
0
0
44
236
233
17
0
23
61
50
0
0
0
0
0
0
0
0
0
0
0
0
140
255
115
0
43
197
237
227
89
0
0
0
0
0
0
0
0
0
0
45
239
226
33
75
229
255
248
255
107
0
0
0
0
0
0
0
0
0
0
117
255
142
26
231
200
139
234
218
28
0
0
0
0
0
0
0
0
0
15
190
250
57
110
235
145
222
223
63
0
0
0
0
0
0
0
0
0
0
43
229
236
102
205
255
255
217
80
0
0
0
0
0
0
0
0
0
0
0
36
217
255
255
255
228
119
32
0
0
0
0
0
0
0
0
0
0
0
0
1
73
177
187
152
41
0
0
0
0
0
0
0
0
0
0
0
0
0
0
0
0
0
0
0
0
0
0
0
0
0
0
0
0
0
0
0
0
0
0
0
0
0
0
0
0
0
0
0
0
0
0
0
0
0
0
0
0
0
0
0
0
0
0
0
0
0
0
0
0
0
0
0
0
0
0
0
0
0
0
0
0
0
0
0
0
0
0
0
0
0
0
0
0
0