0
0
0
0
0
0
0
0
0
0
0
0
0
0
0
0
0
0
0
0
0
0
0
0
0
0
0
4
106
149
63
0
0
0
0
0
0
0
0
0
0
0
0
0
0
0
0
65
247
255
105
0
0
0
0
0
0
0
0
0
0
0
0
0
0
0
36
216
255
174
17
0
0
0
0
0
0
0
0
0
0
0
0
0
0
0
109
255
229
45
0
0
0
0
0
0
0
0
0
0
0
0
0
0
0
35
200
255
125
1
0
0
0
0
0
0
0
0
0
0
0
0
0
0
0
113
255
226
20
0
0
0
0
0
0
0
0
0
0
0
0
0
0
0
0
132
255
213
11
0
0
0
0
0
0
0
0
0
0
0
0
0
0
0
4
211
255
141
0
0
0
30
73
84
98
56
0
0
0
0
0
0
0
0
41
233
255
58
0
0
27
186
245
247
249
237
99
0
0
0
0
0
0
0
81
250
255
34
0
5
165
255
255
245
253
255
226
32
0
0
0
0
0
0
29
221
255
144
0
75
249
255
189
83
197
255
255
122
0
0
0
0
0
0
0
130
255
251
171
188
254
254
225
185
239
254
250
88
0
0
0
0
0
0
0
50
210
255
255
255
253
252
255
255
255
255
151
0
0
0
0
0
0
0
0
0
48
206
250
251
255
255
251
252
233
146
35
0
0
0
0
0
0
0
0
0
0
14
78
88
179
175
94
84
43
0
0
0
0
0
0
0
0
0
0
0
0
0
0
0
0
0
0
0
0
0
0
0
0
0
0
0
0
0
0
0
0
0
0
0
0
0
0
0
0
0
0
0
0
0
0
0
0
0
0
0
0
0
0
0
0
0
0
0
0
0
0
0
0
0
0
0
0
0
0
0
0
0
0
0
0
0
0
0
0
0
0
0
0
0