0
0
0
0
0
0
0
0
0
0
0
0
0
0
0
0
0
0
0
0
0
0
0
0
0
0
0
0
0
0
0
0
0
0
0
0
0
0
0
0
0
0
0
0
0
0
0
0
1
6
2
0
0
0
0
0
0
0
0
0
0
0
0
0
0
0
16
78
142
169
148
34
0
0
0
0
0
0
0
0
0
0
0
0
4
102
197
245
248
255
255
187
24
0
0
0
0
0
0
0
0
0
0
47
198
241
221
138
33
153
255
255
56
0
0
0
0
0
0
0
0
0
15
196
241
86
30
6
0
14
184
255
80
0
0
0
0
0
0
0
0
0
5
67
57
0
0
0
0
0
71
247
167
0
0
0
0
0
0
0
0
0
0
0
0
0
0
0
0
0
48
236
222
37
0
0
0
0
0
0
0
0
0
0
0
0
0
0
0
0
48
237
209
26
0
0
0
0
0
0
0
0
0
0
0
0
0
0
0
0
47
238
193
8
0
0
0
0
0
0
0
0
0
0
0
0
0
0
46
111
178
247
223
81
4
0
0
0
0
0
0
0
0
0
0
0
20
106
229
251
255
253
255
241
178
3
0
0
0
0
0
0
0
0
0
0
128
255
255
253
254
243
190
253
253
141
26
0
0
0
0
0
0
0
0
0
147
255
252
255
255
181
22
141
248
255
145
3
0
0
0
0
0
0
0
0
84
239
252
222
173
42
0
0
67
204
227
28
0
0
0
0
0
0
0
0
12
79
111
44
0
0
0
0
0
23
51
2
0
0
0
0
0
0
0
0
0
0
0
0
0
0
0
0
0
0
0
0
0
0
0
0
0
0
0
0
0
0
0
0
0
0
0
0
0
0
0
0
0
0
0
0
0
0
0
0
0
0
0
0
0
0
0
0
0
0
0
0
0
0