0
0
0
0
0
0
0
0
0
0
0
0
0
0
0
0
0
0
0
0
0
0
0
0
0
0
0
0
0
0
0
0
0
0
0
0
0
0
0
0
0
0
0
0
0
0
0
0
0
0
0
0
15
27
2
0
0
0
0
0
0
20
23
0
0
0
0
0
0
0
0
0
103
193
14
0
0
0
0
0
0
22
25
0
0
0
0
0
0
0
0
9
170
188
14
0
0
0
0
0
0
0
0
0
0
0
0
0
0
0
0
121
255
187
15
0
0
0
0
0
0
0
0
0
0
0
0
0
0
0
0
146
224
157
9
0
0
0
0
0
0
0
0
0
0
0
0
0
0
0
22
199
220
76
0
0
0
0
0
0
0
0
0
0
0
0
0
0
0
0
119
243
167
0
0
0
0
0
0
0
0
0
0
0
0
0
0
0
0
1
193
255
154
0
0
0
0
0
0
0
0
0
0
0
0
0
0
0
0
74
250
224
75
0
0
0
0
0
0
0
0
0
0
0
0
0
0
0
16
191
255
145
0
0
0
0
0
0
0
0
0
0
0
0
0
0
0
0
71
251
189
15
0
0
0
0
0
0
0
0
0
0
0
0
0
0
0
9
197
223
60
0
0
0
0
0
0
0
0
0
0
0
0
0
0
0
21
136
247
75
0
0
0
0
0
0
0
0
0
0
0
0
0
0
0
0
93
254
227
38
0
0
0
0
0
0
0
0
0
0
0
0
0
0
0
0
98
255
160
11
0
0
0
0
0
0
0
0
0
0
0
0
0
0
0
0
13
35
11
0
0
0
0
0
0
0
0
0
0
0
0
0
0
0
0
0
0
0
0
0
0
0
0
0
0
0
0
0
0
0
0
0
0
0
0
0
0
0
0
0
0
0
0
0
0
0
0
0
0
0