0
0
0
0
0
0
0
0
0
0
0
0
0
0
0
0
0
0
0
0
0
0
0
0
0
0
0
0
0
0
0
0
0
0
0
0
0
0
0
0
0
0
0
0
0
0
0
1
19
20
36
37
31
0
0
0
0
0
0
0
0
0
0
0
0
0
57
159
207
212
255
255
250
92
0
0
0
0
0
0
0
0
0
0
0
21
206
255
255
251
244
247
255
207
25
0
0
0
0
0
0
0
0
0
0
49
217
187
123
32
4
30
141
255
128
0
0
0
0
0
0
0
0
0
0
0
24
0
0
0
0
0
79
255
111
0
0
0
0
0
0
0
0
0
0
0
0
0
0
0
0
32
230
227
32
0
0
0
0
0
0
0
0
0
0
0
0
0
0
0
1
152
255
133
14
0
0
0
0
0
0
0
0
0
0
0
0
0
0
0
99
255
183
0
0
0
0
0
0
0
0
0
0
0
0
0
0
0
2
129
255
155
10
0
0
0
0
0
0
0
0
0
0
0
0
0
0
0
131
255
155
10
0
0
0
0
0
0
0
0
0
0
0
0
0
0
43
177
245
118
3
0
0
0
0
0
0
0
0
0
0
0
0
0
0
88
218
235
56
0
0
0
0
0
30
2
0
0
0
0
0
0
0
0
107
255
255
78
0
7
5
60
99
113
203
45
0
0
0
0
0
0
0
0
108
254
255
247
248
214
241
255
255
255
230
41
0
0
0
0
0
0
0
0
0
104
189
189
240
255
255
179
112
97
53
0
0
0
0
0
0
0
0
0
0
0
12
13
29
37
34
9
0
0
0
0
0
0
0
0
0
0
0
0
0
0
0
0
0
0
0
0
0
0
0
0
0
0
0
0
0
0
0
0
0
0
0
0
0
0
0
0
0
0
0
0
0
0
0
0