0
0
0
0
0
0
0
0
0
0
0
0
0
0
0
0
0
0
0
0
0
0
0
0
0
0
0
0
0
0
0
0
0
0
0
0
0
0
0
0
0
0
0
0
0
0
0
0
0
1
3
1
0
0
0
0
0
0
0
0
0
0
0
0
0
0
27
63
79
144
161
145
31
0
0
0
0
0
0
0
0
0
0
0
20
66
189
243
238
255
244
254
189
26
0
0
0
0
0
0
0
0
0
37
196
255
229
144
88
87
50
170
255
112
0
0
0
0
0
0
0
0
0
79
199
147
43
0
0
0
16
194
255
116
0
0
0
0
0
0
0
0
0
5
14
2
0
0
0
0
111
255
232
39
0
0
0
0
0
0
0
0
0
0
0
0
0
0
0
43
214
253
121
0
0
0
0
0
0
0
0
0
0
0
0
0
0
0
23
193
255
188
13
0
0
0
0
0
0
0
0
0
0
0
0
0
0
6
134
255
160
26
0
0
0
0
0
0
0
0
0
0
0
0
0
0
0
95
245
179
35
0
0
0
0
0
0
0
0
0
0
0
0
0
0
0
47
224
193
25
0
0
0
0
0
0
0
0
0
0
0
0
0
0
0
0
126
255
157
0
0
0
0
0
0
0
0
0
0
0
0
0
0
0
0
0
45
237
235
113
38
50
45
2
18
91
99
83
0
0
0
0
0
0
0
0
0
134
244
255
234
239
236
211
203
219
178
145
0
0
0
0
0
0
0
0
0
27
78
142
159
156
157
162
104
46
0
0
0
0
0
0
0
0
0
0
0
0
0
0
2
2
2
2
0
0
0
0
0
0
0
0
0
0
0
0
0
0
0
0
0
0
0
0
0
0
0
0
0
0
0
0
0
0
0
0
0
0
0
0
0
0
0
0
0
0
0
0
0
0