0
0
0
0
0
0
0
0
0
0
0
0
0
0
0
0
0
0
0
0
0
0
0
0
0
0
0
0
0
0
0
0
0
0
0
0
0
0
0
0
0
0
0
0
0
0
0
0
0
0
0
0
0
0
0
0
0
0
0
0
0
0
0
0
0
0
0
56
98
109
109
110
87
16
0
0
0
0
0
0
0
0
0
0
0
23
147
238
255
255
255
255
255
158
13
0
0
0
0
0
0
0
0
0
19
189
255
188
144
189
159
141
211
244
55
0
0
0
0
0
0
0
0
0
84
255
151
7
0
7
0
0
114
253
66
0
0
0
0
0
0
0
0
0
115
255
104
0
0
0
0
0
157
237
48
0
0
0
0
0
0
0
0
0
62
255
196
45
0
0
0
18
222
227
41
0
0
0
0
0
0
0
0
0
3
157
255
226
142
104
37
104
254
176
10
0
0
0
0
0
0
0
0
0
0
18
142
201
240
254
248
254
234
52
0
0
0
0
0
0
0
0
0
0
0
0
0
0
148
255
255
250
241
94
1
0
0
0
0
0
0
0
0
0
0
0
0
82
234
217
104
66
208
253
116
0
0
0
0
0
0
0
0
0
0
3
113
255
193
29
0
0
38
203
248
61
0
0
0
0
0
0
0
0
0
50
240
208
23
0
0
0
0
78
251
155
0
0
0
0
0
0
0
0
0
81
255
145
12
0
0
0
19
121
252
157
0
0
0
0
0
0
0
0
0
22
178
255
199
166
117
140
202
255
236
67
0
0
0
0
0
0
0
0
0
0
18
102
194
230
219
224
220
148
60
0
0
0
0
0
0
0
0
0
0
0
0
0
0
0
0
0
0
0
0
0
0
0
0
0
0
0
0
0
0
0
0
0
0
0
0
0
0
0
0
0
0
0
0
0