0
0
0
0
0
0
0
0
0
0
0
0
0
0
0
0
0
0
0
0
0
0
0
0
0
0
0
0
0
0
0
0
0
0
0
0
0
0
0
0
0
0
0
0
0
0
0
0
0
0
0
0
0
11
0
0
0
0
0
0
0
0
0
0
0
0
0
0
0
0
11
77
114
183
130
67
8
0
0
0
0
0
0
0
0
0
0
0
9
79
183
249
255
255
255
243
90
0
0
0
0
0
0
0
0
0
0
12
168
249
255
243
204
101
110
246
203
16
0
0
0
0
0
0
0
0
34
165
251
255
237
101
18
0
0
123
253
89
0
0
0
0
0
0
0
38
196
255
255
204
43
0
0
0
0
42
235
124
0
0
0
0
0
0
25
200
255
255
254
73
0
0
0
0
0
56
239
133
0
0
0
0
0
5
145
255
252
188
75
11
0
0
0
0
0
58
241
206
0
0
0
0
0
93
255
255
163
9
0
0
0
0
0
0
0
87
247
205
0
0
0
0
0
109
255
249
86
0
0
0
0
0
0
8
90
228
255
131
0
0
0
0
0
112
255
253
128
6
6
7
6
14
87
198
254
253
167
22
0
0
0
0
0
78
247
255
248
179
168
169
167
200
255
255
214
98
24
0
0
0
0
0
0
1
122
255
255
255
255
255
255
255
219
124
37
0
0
0
0
0
0
0
0
0
11
118
240
248
255
231
184
91
26
0
0
0
0
0
0
0
0
0
0
0
0
3
74
154
148
53
11
0
0
0
0
0
0
0
0
0
0
0
0
0
0
0
0
10
1
0
0
0
0
0
0
0
0
0
0
0
0
0
0
0
0
0
0
0
0
0
0
0
0
0
0
0
0
0
0
0
0
0
0
0
0
0
0
0
0
0
0
0
0
0
0
0
0
0
0
0