0
0
0
0
0
0
0
0
0
0
0
0
0
0
0
0
0
0
0
0
0
0
0
0
0
0
0
0
0
0
0
0
0
0
0
0
0
0
0
0
0
0
0
0
0
0
0
0
0
0
0
0
0
0
0
0
0
0
0
0
0
0
0
0
0
0
0
0
0
0
13
91
109
45
0
2
1
0
0
0
0
0
0
0
0
0
0
0
0
28
182
255
255
212
183
201
108
0
0
0
0
0
0
0
0
0
0
0
19
186
255
227
255
255
230
255
199
15
0
0
0
0
0
0
0
0
0
6
166
255
226
75
101
116
47
190
213
20
0
0
0
0
0
0
0
0
0
138
255
236
65
0
0
0
1
235
212
20
0
0
0
0
0
0
0
0
77
248
255
102
0
0
0
0
68
255
187
11
0
0
0
0
0
0
0
0
170
255
173
7
0
0
0
16
193
243
75
0
0
0
0
0
0
0
0
42
223
254
90
0
0
0
0
84
250
208
17
0
0
0
0
0
0
0
0
130
255
208
28
0
0
0
19
200
255
108
0
0
0
0
0
0
0
0
5
202
255
105
0
0
0
0
141
255
176
5
0
0
0
0
0
0
0
0
3
203
255
95
0
0
0
69
247
205
24
0
0
0
0
0
0
0
0
0
37
232
254
67
0
15
122
239
243
76
0
0
0
0
0
0
0
0
0
0
122
255
245
109
147
237
255
219
80
0
0
0
0
0
0
0
0
0
0
0
66
246
255
255
255
255
201
52
0
0
0
0
0
0
0
0
0
0
0
0
0
84
185
223
187
101
24
0
0
0
0
0
0
0
0
0
0
0
0
0
0
0
0
0
0
0
0
0
0
0
0
0
0
0
0
0
0
0
0
0
0
0
0
0
0
0
0
0
0
0
0
0
0
0
0
0