0
0
0
0
0
0
0
0
0
0
0
0
0
0
0
0
0
0
0
0
0
0
0
0
0
0
0
0
0
0
0
0
0
0
0
0
0
0
0
0
0
0
0
0
0
0
0
0
0
0
0
0
0
0
0
0
0
0
0
0
0
0
0
0
0
0
0
0
0
0
0
0
0
0
0
0
0
0
0
0
0
0
0
64
141
126
125
127
127
127
129
95
19
0
0
0
0
0
0
0
0
0
0
55
188
207
217
202
200
197
175
215
216
70
0
0
0
0
0
0
0
0
0
0
5
18
36
14
10
9
0
30
219
187
11
0
0
0
0
0
0
0
0
0
0
0
0
0
0
0
10
122
245
124
0
0
0
0
0
0
0
0
0
0
0
0
0
0
6
90
197
255
205
20
0
0
0
0
0
0
0
0
0
0
0
0
1
64
185
250
255
251
244
166
23
0
0
0
0
0
0
0
0
0
0
0
46
203
211
126
71
69
105
255
131
0
0
0
0
0
0
0
0
0
0
0
2
38
18
0
0
0
18
224
155
0
0
0
0
0
0
0
0
0
0
0
0
0
0
0
0
0
20
226
145
0
0
0
0
0
0
0
0
0
0
0
0
0
0
0
0
0
56
246
78
0
0
0
0
0
0
0
0
0
0
0
0
0
0
0
0
37
208
184
17
0
0
0
0
0
0
0
0
0
12
24
0
0
0
0
75
217
196
26
0
0
0
0
0
0
0
0
0
0
138
88
0
19
101
172
235
146
23
0
0
0
0
0
0
0
0
0
0
0
180
220
194
220
222
151
57
0
0
0
0
0
0
0
0
0
0
0
0
0
48
134
153
128
42
0
0
0
0
0
0
0
0
0
0
0
0
0
0
0
0
0
0
0
0
0
0
0
0
0
0
0
0
0
0
0