0
0
0
0
0
0
0
0
0
0
0
0
0
0
0
0
0
0
0
0
0
0
0
0
0
0
0
0
0
0
0
0
0
0
0
0
0
0
0
0
0
0
0
0
0
0
0
0
0
0
0
0
0
0
0
0
0
0
0
0
0
0
0
0
0
0
0
0
0
0
0
0
0
0
0
0
0
0
0
0
0
0
0
0
0
1
6
82
115
173
188
190
106
24
0
0
0
0
0
0
0
0
0
0
0
53
234
255
255
255
250
246
255
164
38
29
31
4
0
0
0
0
0
0
0
73
255
255
170
103
69
57
178
251
234
213
193
23
0
0
0
0
0
0
0
62
255
250
73
0
0
88
232
255
255
229
91
0
0
0
0
0
0
0
0
7
178
255
197
31
45
218
255
199
112
23
0
0
0
0
0
0
0
0
0
0
122
255
255
220
219
255
160
18
0
0
0
0
0
0
0
0
0
0
0
0
0
127
234
255
255
186
8
0
0
0
0
0
0
0
0
0
0
0
0
0
0
0
66
229
255
167
29
0
0
0
0
0
0
0
0
0
0
0
0
0
0
0
66
241
255
255
201
0
0
0
0
0
0
0
0
0
0
0
0
0
0
0
123
255
218
255
223
0
0
0
0
0
0
0
0
0
0
0
0
0
0
18
207
206
155
255
183
0
0
0
0
0
0
0
0
0
0
0
0
0
0
95
255
126
178
255
133
0
0
0
0
0
0
0
0
0
0
0
0
0
0
105
255
255
255
242
68
0
0
0
0
0
0
0
0
0
0
0
0
0
0
25
205
255
255
111
0
0
0
0
0
0
0
0
0
0
0
0
0
0
0
0
25
107
116
6
0
0
0
0
0
0
0
0
0
0
0
0
0
0
0
0
0
0
0
0
0
0
0
0
0
0
0
0