0
0
0
0
0
0
0
0
0
0
0
0
0
0
0
0
0
0
0
0
0
0
0
0
0
0
0
0
0
0
0
0
0
0
0
0
0
0
0
0
0
0
0
0
0
0
0
0
0
0
0
0
0
0
0
0
0
0
0
0
0
0
0
0
0
0
0
0
12
84
21
0
0
0
0
0
0
0
0
0
0
0
0
0
0
0
0
0
58
235
85
0
0
0
0
0
0
0
0
0
0
0
0
0
0
0
0
0
62
238
143
0
0
0
0
0
0
0
0
0
0
0
0
0
0
0
0
0
19
211
197
0
0
0
0
0
0
0
0
0
0
0
0
0
0
0
0
0
0
194
230
45
0
0
0
0
0
0
0
0
0
0
0
0
0
0
0
0
1
194
235
53
0
0
0
0
0
0
0
0
0
0
0
0
0
0
0
0
2
194
255
100
0
0
0
0
0
0
0
0
0
0
0
0
0
0
0
0
0
169
255
118
0
0
0
0
0
0
0
0
0
0
0
0
0
0
0
0
0
85
255
117
0
0
0
0
0
0
0
0
0
0
0
0
0
0
0
0
0
25
255
116
0
0
0
0
0
0
0
0
0
0
0
0
0
0
0
0
0
18
255
123
0
0
0
0
0
0
0
0
0
0
0
0
0
0
0
0
0
16
235
181
10
0
0
0
0
0
0
0
0
0
0
0
0
0
0
0
0
1
168
201
15
0
0
0
0
0
0
0
0
0
0
0
0
0
0
0
0
0
163
245
41
0
0
0
0
0
0
0
0
0
0
0
0
0
0
0
0
0
60
155
26
0
0
0
0
0
0
0
0
0
0
0
0
0
0
0
0
0
0
0
0
0
0
0
0
0
0
0
0
0
0
0
0
0
0
0
0
0
0
0
0
0
0
0
0
0
0
0